142.215851
142.726501
142.501556
143.226471
144.604889
145.033447
145.461990
145.747696
146.176254
146.533386
146.604813
146.604797
146.604813
146.533386
146.461960
146.533386
146.094162
146.390533
146.390533
146.319107
145.879883
145.440674
145.440674
145.440674
142.062347
142.572983
142.715836
143.001541
144.747742
144.808502
145.676270
145.522766
145.951324
146.165588
146.747665
146.747665
146.676239
146.604813
146.094162
146.165588
146.237015
146.165588
146.165588
146.094162
145.583527
145.144302
145.144302
145.144302
142.051682
142.562317
143.215820
143.501526
144.369293
144.797836
145.594193
145.879898
146.237030
146.451294
146.154938
146.154938
146.522720
146.451294
146.012085
146.083511
146.083496
146.012085
146.012085
145.940659
145.501450
145.062225
145.062225
145.062225
142.908798
143.419434
143.562286
143.847992
145.083557
145.072891
145.430008
145.644287
145.929993
146.144272
146.215698
146.215698
145.705048
146.072845
146.001419
146.072845
145.705063
146.072845
146.072845
145.633636
145.562210
145.562210
145.562210
145.562210
143.173172
143.683807
143.826675
144.040955
144.837296
145.562210
145.847900
145.622986
145.837250
145.980103
145.980103
145.612305
145.469452
145.398026
145.765823
145.469467
145.837250
145.469467
145.469467
145.837250
145.398041
144.958817
144.958817
144.958817
143.876770
144.315994
144.019623
144.601685
145.326599
145.612305
145.755157
145.458801
145.601654
145.673065
145.305283
145.305298
145.091003
145.019577
145.019577
145.162430
145.162445
145.233856
145.233856
145.233856
145.233856
144.794647
144.794647
144.794647
144.223251
144.223251
144.366089
144.876740
145.091019
145.233856
145.305283
145.008926
145.080353
145.519562
145.080353
144.641129
144.937500
144.866074
144.498291
144.569717
144.569702
144.641129
144.641129
144.641144
144.641144
144.641144
144.641144
144.641144
144.059067
143.987640
144.059067
143.691284
144.201920
144.641144
144.273346
144.641144
144.641144
144.641129
144.569702
144.130493
143.987640
143.916214
143.916214
143.619858
143.691284
143.762711
143.762711
144.130493
144.569717
144.569717
144.569717
144.569717
143.680618
143.680618
143.752045
143.680618
143.609192
143.537766
143.834137
143.394913
143.691284
143.619858
143.477005
143.405579
142.966354
142.966354
142.966354
143.037781
143.109207
143.180634
143.180634
143.180634
143.619858
144.426865
144.426865
144.426865
143.230743
143.159317
143.159317
143.016464
142.873611
143.169983
143.027130
143.252075
143.109222
143.405579
143.334152
142.894943
142.455719
142.384293
142.455719
142.087936
142.159363
142.230789
142.230789
142.669998
143.477005
143.844788
143.844788
143.844788
143.302170
143.230743
143.230743
143.087891
143.016464
142.873611
142.730759
142.884277
142.812851
143.109222
142.966370
142.894943
142.455719
142.455719
142.455719
142.016510
142.087936
142.159363
142.159363
142.598572
143.405579
143.773376
143.773376
143.773376
144.334106
144.262695
143.894897
143.823471
143.823471
143.312820
143.312820
143.169968
143.098557
142.955704
142.884277
143.180634
142.669998
142.598572
142.598572
142.159363
141.720154
141.720154
141.720154
142.159363
142.966370
143.334152
143.334152
143.334152
144.783997
144.783997
144.783997
144.416199
144.191254
144.191254
143.823471
143.823471
143.823471
143.680618
143.680618
143.537766
142.955704
142.884277
142.741425
142.302216
141.863007
141.791580
141.791580
142.230789
142.966370
143.405579
143.405579
143.405579
145.530228
145.091003
145.233856
145.305283
144.783997
144.926849
144.630478
144.334122
144.773331
144.334106
143.823471
143.680618
143.609192
143.466339
143.691284
143.180634
142.302216
141.720154
141.720154
142.598572
142.966370
143.405579
143.405579
143.405579
144.958817
145.030243
145.540894
144.876740
144.794647
144.569702
145.151779
144.926834
144.998260
144.559052
144.559052
144.416199
144.344772
144.201935
144.059082
143.548431
142.669998
142.527145
142.527145
143.037796
143.405579
143.844803
143.844803
143.844803
143.948196
144.091049
144.530258
144.305328
144.223236
144.876740
145.458801
145.162445
145.305298
145.448135
145.448151
145.448151
145.376709
145.305298
144.794647
144.794647
144.284012
144.212585
144.212585
144.284012
143.916214
144.426865
144.355438
144.426865
142.866150
143.376785
143.448212
143.591064
143.948196
144.969467
145.183746
145.398041
145.980103
146.051529
145.755157
146.265808
146.265808
146.265808
146.265808
145.898010
145.898010
145.898010
145.458801
145.601654
145.233856
145.305298
145.305298
145.376724
141.416321
142.223312
142.805389
142.509018
143.162506
144.183792
144.837280
145.051575
146.072845
146.215698
146.358551
146.501404
146.644257
146.715683
147.226318
146.858536
146.858536
147.001389
146.562164
146.337234
146.408661
146.183716
145.744507
145.815933
140.262848
140.702057
141.580490
141.723343
142.376831
143.469543
143.612381
144.633667
145.287155
145.869232
146.012085
146.226349
146.440643
146.583496
146.726349
146.797775
146.940613
147.012039
147.012039
146.419327
146.122955
145.826599
146.265808
145.898010
139.773529
140.212738
140.723373
140.427017
140.937653
141.958939
142.612427
142.755280
143.776566
144.430054
144.644333
144.787186
145.512100
145.287155
145.869232
145.572861
146.154938
145.858566
146.001419
145.705048
145.847900
145.551544
145.551544
145.694397
138.916412
139.427048
139.866272
140.009125
140.080536
140.662613
141.173248
141.316101
142.337387
142.919449
142.765945
143.348007
143.776566
143.551620
143.765900
143.980179
144.562241
144.705093
145.215729
144.551590
145.062225
144.765854
144.837280
144.908722
138.712799
138.784225
138.784210
138.927063
138.927078
139.580566
139.651993
140.162628
141.112488
141.694550
141.980255
141.755325
142.551666
142.908783
142.683853
143.337341
143.480194
143.694473
143.908752
143.540955
144.123032
144.123032
144.265884
144.337311
138.723450
138.355667
138.427094
138.569946
138.130722
138.712799
139.223434
139.366287
140.316147
140.898209
141.183914
141.398193
142.194534
142.041016
142.326721
142.541000
142.755280
142.969559
143.623047
143.255264
143.765900
143.837326
143.908752
143.980179
138.141388
138.212814
138.212814
138.355667
138.355667
138.130722
139.009155
138.712799
139.662643
140.244720
140.530426
141.183914
141.980255
141.898163
141.744659
141.958939
142.612427
142.826706
143.408783
143.112411
143.694473
143.694473
143.837326
143.837326
