159.948624
160.316406
162.226776
165.015579
169.346954
173.239136
175.292358
176.538574
177.417007
176.313629
174.035477
169.336304
163.830124
158.252533
154.728149
152.378555
151.203766
149.661194
148.925613
147.679382
146.800964
146.800964
146.361740
146.065384
160.173553
160.541351
162.523148
164.872726
169.275543
173.239136
175.292358
176.467148
176.977783
176.313629
174.035477
168.897095
163.390915
158.252533
154.728149
152.378555
150.764557
149.221970
148.486389
147.750809
146.433167
147.240173
146.800964
146.433167
159.959274
160.327072
162.748077
165.169098
169.061264
173.096283
175.149506
176.395721
176.538574
175.435211
173.157043
168.018661
162.512482
157.374100
153.921143
151.939346
150.764557
149.221970
148.486389
147.679382
146.800964
147.607971
147.168747
146.800964
160.409149
161.216156
163.197952
165.251175
169.286194
172.442780
174.567444
175.445862
175.588715
174.188980
171.839401
166.772430
161.266266
156.056458
152.603500
150.621704
149.886124
148.414963
148.118607
147.240173
147.240173
147.240173
147.240173
146.872391
161.523178
161.523178
163.137192
165.629623
168.929077
172.596298
173.913940
174.496002
174.271072
173.310562
170.593185
165.015579
159.948624
154.810226
151.725067
149.814697
148.711334
148.343536
147.607971
147.240173
147.607956
148.047180
148.047180
147.607971
161.830200
162.269424
163.444214
166.008072
168.571930
171.871384
173.260452
173.474731
172.882004
171.992905
168.836319
163.697937
158.559555
153.421158
150.407425
148.864838
148.200684
148.343536
147.536530
147.536530
148.047180
148.782761
148.782761
148.782761
162.208649
162.647873
163.894089
165.579529
168.654022
171.585678
172.239166
172.892670
171.932144
170.603836
167.957886
163.187286
158.048904
152.910522
150.264572
148.721985
148.057831
148.639908
148.272110
148.200684
149.518341
149.886124
149.518341
149.518341
162.147888
162.219315
163.536957
165.661606
167.929108
171.003601
171.657104
171.503601
171.053711
170.093201
167.447250
163.115875
158.345276
153.574677
150.857300
149.753937
149.528992
149.232635
149.232635
149.671844
150.550278
150.918060
151.285858
151.285858
162.158539
162.597778
163.547623
165.815125
167.714828
169.982330
171.146454
171.360733
170.910858
169.950348
167.743622
163.412231
159.080841
154.678040
151.889236
151.225082
151.000153
150.703796
150.703781
151.510788
152.389221
152.685577
153.124802
153.124802
161.872849
162.312057
163.261917
165.161621
167.500549
169.032471
170.125183
170.850098
170.400223
169.807495
168.039978
164.076385
159.744995
155.709976
152.992599
153.064026
152.839096
152.471313
152.542725
153.349731
153.788956
154.892319
155.260101
154.892319
161.658569
162.097778
163.119064
165.018784
166.918488
168.521835
170.125183
170.410889
170.400223
169.807495
168.407776
164.811966
161.216156
157.181137
155.199341
154.902985
154.749466
154.678040
154.749466
155.556473
155.995682
156.731262
157.099045
156.731262
161.147919
161.658569
162.679840
164.579559
166.479279
168.082626
169.318176
169.971664
170.400223
170.175293
169.214767
166.058182
162.758743
159.530731
157.548935
157.548935
157.323990
158.130997
157.763214
158.570206
158.570221
159.377213
159.305786
159.377213
160.851562
160.851562
161.872849
164.211777
165.743698
168.154053
168.950378
170.410889
171.207230
171.053711
170.021774
167.600769
164.301331
161.441101
160.266296
160.266296
160.337738
161.144730
161.144745
161.583954
161.583939
161.951736
161.512527
161.583954
160.115997
160.555206
161.576477
163.476196
165.008118
167.418457
168.582596
170.043091
170.839447
171.492935
170.757355
168.407776
165.843903
163.351471
162.983673
162.473038
162.983673
163.790680
163.790680
164.158463
164.158478
164.158478
163.790680
163.790680
159.451843
159.819626
160.912323
162.372833
164.272537
166.682892
167.847015
169.307526
170.471649
171.053711
170.318130
168.704132
166.579483
164.894058
164.454834
164.383408
164.822617
165.629623
165.629639
165.629639
165.629623
165.190414
164.822617
164.894043
158.419891
158.859116
159.808960
161.708679
163.169174
165.211731
166.743652
168.132721
169.225433
169.807495
169.878922
168.704132
166.947266
165.629623
165.629623
165.486786
165.558197
166.293777
165.925995
166.293777
165.925995
165.854568
165.558197
165.558197
157.827164
158.266388
159.216232
160.676727
162.137222
164.108368
165.568863
166.590149
167.539993
168.489853
168.632706
168.193481
167.243622
166.293777
166.365204
166.222351
166.222351
166.222351
166.150925
166.222351
165.783142
165.783142
165.415344
165.854553
156.795227
157.305862
158.184296
159.644791
161.033859
163.005005
164.322647
165.343918
166.293777
167.243637
167.243622
167.611420
167.100784
166.661575
166.590149
166.518723
166.590149
166.150925
166.079498
166.079498
165.711716
165.711716
165.343933
165.783142
156.866653
156.570282
157.448715
158.909210
160.226852
162.565781
163.515640
164.394073
165.783142
166.661560
166.661560
167.397156
167.325714
166.886505
167.254303
167.254303
166.447296
166.008072
166.008072
166.008072
165.640289
165.640289
165.640289
165.640289
156.498871
156.498871
157.448715
158.398575
160.155426
161.615936
163.372787
164.251221
165.568863
165.936646
166.815079
167.182877
167.040009
167.040024
166.672226
167.040024
166.304443
165.568863
165.568863
165.936646
165.568863
165.568863
165.568863
165.568863
156.427429
156.427429
156.938080
158.327148
160.012573
161.840866
162.719299
164.404724
165.722382
166.090164
166.529388
167.264954
167.193527
166.754318
166.825745
166.529388
165.722382
165.497437
165.497437
165.568863
165.129639
165.129639
165.129639
165.129639
156.356018
156.356018
157.305862
158.255722
159.869720
161.258804
162.576447
164.261871
165.508102
166.315094
166.682892
167.050690
166.979248
166.611465
166.243668
166.315094
165.211731
164.986786
164.986786
165.058228
164.619003
165.058228
165.058228
165.058228
156.356018
156.356018
157.234436
158.184296
159.869720
161.258789
162.433594
164.119019
165.365234
166.243683
166.979248
166.907837
166.907822
166.468613
166.100815
166.315094
165.211731
164.986786
164.986786
165.058228
164.619003
165.058228
165.058228
165.058228
156.356018
156.356003
156.795227
158.184296
159.798309
161.258804
162.065796
164.119019
165.293823
166.172241
166.468613
166.836395
167.204193
166.468613
166.100815
166.243683
165.140305
164.915375
164.915375
164.986786
164.547577
164.986801
164.986801
164.986801
