135.598846
135.159622
134.352631
133.106415
132.156555
130.399689
130.399689
130.696060
131.503052
132.310059
133.045639
133.924072
133.413437
133.413437
133.413437
133.852646
133.781219
133.342010
133.342010
133.709793
133.709793
134.445374
134.445374
134.445374
135.670273
135.231049
134.352631
133.545624
132.156555
130.838913
130.838913
131.135269
131.503067
132.310059
133.484863
133.852646
133.045639
133.413437
133.413437
133.413437
133.342010
132.902786
132.902786
133.270584
133.709793
134.077576
134.077576
134.077576
136.109482
135.670273
134.863266
133.984833
133.034973
131.278122
131.278122
131.135269
131.503052
132.310059
133.045639
133.484863
133.045639
133.045639
133.045639
133.045639
132.974213
132.902786
132.902786
132.831360
132.831360
133.199158
133.199158
133.199158
136.620132
136.180908
136.109482
134.424057
133.545624
131.717331
131.717331
131.574478
131.574478
132.310059
132.677856
133.045639
132.606430
132.606430
132.167206
132.167206
132.167206
132.095779
131.656570
131.585144
131.145935
131.513718
131.513718
131.074509
137.569977
137.059341
137.059341
135.741699
134.424057
132.667191
132.595764
132.452911
132.013702
131.942276
131.870850
132.238632
131.799423
131.799423
131.727997
131.360214
130.920990
130.849564
130.410355
130.410355
129.899704
129.828278
129.828278
129.389069
138.080627
138.009201
137.641403
136.691559
135.302475
133.913406
133.474197
132.963562
132.381485
131.942276
131.503067
131.431641
131.431641
130.992416
130.553207
130.553207
130.113983
130.113983
129.235565
129.531921
128.214279
127.775063
127.775063
127.335846
139.030472
138.152054
138.152054
137.202194
135.884552
134.934692
134.424057
133.402771
132.452911
132.381485
131.503052
131.431641
131.503067
130.992416
130.553207
130.553207
130.113983
130.113983
129.235565
129.603348
128.653488
128.214279
128.214279
127.775063
138.734116
138.294891
138.662689
137.712830
136.762985
135.884552
134.863266
134.352631
133.402771
132.013702
131.574478
131.503052
131.503067
131.431641
131.063843
130.992416
131.431641
131.799423
131.360214
130.849564
130.338928
129.460495
129.460495
129.021286
138.509186
138.437744
138.366333
137.927109
136.905823
136.834396
135.813126
134.791840
133.913406
132.892136
132.381485
131.942276
131.870850
131.870850
131.503052
131.870850
133.117065
133.045639
133.045639
132.974213
132.095779
131.585144
131.145935
131.074509
138.212814
138.141388
138.141388
137.998535
137.855682
137.784256
136.762970
135.373901
134.424057
132.963562
132.892136
132.452911
131.942276
132.381485
132.381485
133.188492
133.924072
134.291855
134.731079
134.291855
134.220428
133.781219
133.342010
133.270584
138.355667
138.284241
137.773605
138.141388
137.998535
138.294891
137.273621
136.252335
135.302475
133.841980
133.331345
132.892136
132.452911
132.381485
132.381485
133.188492
134.363281
134.802505
135.241714
134.731079
134.659653
134.659653
134.220428
134.149002
137.620102
137.987869
137.916458
138.212814
138.141388
138.805542
137.855682
136.762970
135.813126
134.352631
133.841980
133.331345
132.820709
133.259918
132.892136
133.627701
133.995499
134.434708
135.241714
134.802505
135.170288
134.731079
134.731079
135.098862
137.323730
137.323730
137.620087
137.916458
138.652023
138.948395
138.366333
137.712830
136.323761
134.791840
134.281204
133.770554
133.331345
133.699127
133.259918
133.259918
133.259918
133.627701
134.434708
134.434708
135.241714
135.241714
135.241714
135.609512
137.395157
136.955933
137.620087
137.548660
138.284241
138.948395
138.805542
138.152054
136.762970
135.302475
134.720413
134.209778
133.331345
133.331345
133.331345
133.331345
132.892136
132.452911
133.627716
134.066925
134.506134
134.873932
135.313141
135.752350
136.884506
136.445297
137.180878
137.477234
137.845032
138.509186
138.805542
138.152054
136.762970
135.231049
134.720413
134.209778
132.892136
132.892136
132.524338
132.524338
132.085129
132.085129
132.892136
133.259918
134.506134
134.873932
135.313141
135.752350
136.373871
135.934662
136.231018
137.405807
138.069962
138.366333
138.223480
137.641403
136.252335
134.791840
134.281204
133.331345
132.085129
131.645905
130.838913
131.206696
130.838913
131.206696
132.013702
132.524338
133.770554
133.699127
134.577560
135.016785
135.791809
135.720383
136.455963
136.384537
137.120102
137.784256
137.641403
137.059341
135.302475
134.352631
133.402771
132.452911
131.206696
130.399689
129.521255
129.960480
130.031906
130.399689
131.278122
132.085129
132.963562
133.331345
134.209778
134.138351
135.648956
135.138306
135.506104
135.873886
136.905823
137.202194
137.059341
136.548706
134.791840
133.402771
132.892136
131.574478
129.960480
129.224899
128.346466
128.785690
129.153473
129.960480
130.838913
131.645905
132.524338
132.892136
133.770554
133.699127
134.699097
134.995453
135.363251
135.363251
136.027405
136.323761
136.180908
135.670273
134.791840
133.402771
132.156555
130.838913
129.224899
128.785690
127.907257
128.346466
128.785690
129.592682
130.471115
131.278122
132.156555
132.524338
133.402771
133.331345
133.749237
134.117035
134.556244
134.852600
135.588181
135.955978
135.813126
134.934692
134.056259
132.667191
131.788757
130.838913
129.296326
128.489319
128.050110
128.785690
129.224899
130.031906
130.910339
131.349548
132.156555
132.595764
133.034973
132.963562
132.942230
133.677811
133.677811
134.045593
134.781174
135.148972
135.373901
134.566910
133.617050
132.299408
131.492401
130.542542
129.367752
128.928543
128.489319
128.857117
130.103333
130.471115
131.349548
131.717331
132.156555
132.524338
132.963562
133.402771
132.870804
132.799377
133.677811
133.606384
134.341965
134.781174
134.638336
133.831329
133.688477
132.003036
131.492401
130.174759
129.367752
128.999954
128.560745
129.296326
130.103333
130.471115
131.349548
132.156555
132.524338
132.963562
132.963562
133.402771
131.992386
132.360168
133.238602
133.606384
134.341965
134.781174
134.270538
133.831329
133.320679
132.003036
131.124603
130.246185
129.439178
128.999954
128.999954
129.735535
130.542542
130.910339
131.788757
132.156555
132.524338
132.963562
132.963562
133.402771
132.431595
132.360168
132.799377
133.606384
134.341965
134.413391
134.638336
133.831329
133.320679
132.003036
130.756821
130.317612
129.510605
129.071381
129.071381
130.174759
130.981750
131.349548
132.227982
132.595764
132.524338
132.963562
132.963562
133.402771
