141.012268
141.594345
144.004684
147.875534
152.696243
156.852798
159.620270
161.284393
162.948502
163.734192
164.448441
164.509216
164.498550
164.855682
164.334381
163.670227
162.566864
161.831268
161.392059
161.024277
160.881424
161.320648
161.320648
161.320648
140.573059
141.155121
143.126266
147.364899
151.378601
155.902939
158.302628
160.702316
161.927216
163.080688
164.162735
163.927155
164.284271
164.712830
164.559311
163.159576
162.863220
162.199066
161.831284
161.392059
161.320648
161.320648
161.320648
161.320648
139.255417
139.837479
142.176407
145.536621
149.478882
153.564011
156.699280
158.731186
160.252441
161.845139
162.855759
163.427155
163.855713
164.284271
164.641403
163.752319
163.088165
162.056213
162.127640
161.759857
161.759857
161.320648
161.320648
161.320648
136.987915
137.937775
139.469696
142.758469
146.629318
150.203812
152.828430
155.085281
157.413544
158.934799
161.191650
161.834473
162.773682
164.080658
164.509216
164.130768
163.680878
163.159592
162.495438
162.199066
161.831284
161.463486
161.534912
161.534912
134.209778
135.159637
136.252335
138.662689
142.319260
145.750885
148.375519
151.000153
153.553360
156.177979
158.434814
159.884659
161.845139
163.662750
164.234161
164.437775
164.130768
163.752319
163.231018
163.006073
162.709717
161.974136
162.045563
161.677765
132.452911
132.892136
133.913406
135.884552
138.591263
141.073044
143.994034
146.843597
149.693161
152.246368
154.871002
157.567047
160.334534
162.223572
163.816269
164.091309
163.998566
164.130768
163.752319
163.598801
162.709717
162.341919
162.045563
161.749191
131.717331
132.156555
132.810043
134.199112
136.395187
138.805542
140.705246
143.411957
146.997116
149.918106
152.103516
155.095932
157.863419
160.191681
161.712952
162.937851
162.845093
163.487930
163.252335
163.170242
163.088165
162.495422
162.709717
162.341919
133.463531
133.463531
133.974182
134.484818
136.170258
137.559326
138.948395
141.215897
144.218964
146.925690
149.407471
151.960663
154.513870
156.770706
159.098969
159.884659
160.670349
160.945374
161.956009
162.455994
162.516754
162.802460
163.455948
163.088165
135.281158
135.281158
135.281158
136.159592
136.088165
136.895172
138.212814
139.459030
141.951477
144.147537
146.047256
148.457611
151.307175
152.981949
154.799576
156.392258
157.177948
158.699203
159.709839
161.231094
162.538071
163.334412
164.059326
164.130768
137.027359
136.955933
136.955933
136.884506
136.302444
136.231018
136.598801
137.702179
139.755402
141.880051
143.197693
145.465195
147.364899
148.968246
151.010803
152.532074
154.053329
156.013809
157.463654
159.495544
161.680969
163.059372
164.080658
164.662720
137.537994
137.466583
137.027359
136.588150
135.495438
135.424011
135.352585
136.088165
137.262955
139.316177
140.123184
142.247833
144.372482
145.465195
147.436325
148.814743
150.335999
152.664261
154.921097
157.320801
160.088272
161.763046
163.294968
163.877045
137.027359
136.884506
136.006073
135.638290
134.617004
133.738586
133.595734
133.963516
135.209732
136.384537
137.630737
138.805542
140.787338
141.665771
143.565475
144.801041
146.618668
149.243286
151.867920
154.635406
157.842102
160.466736
161.927216
162.509277
135.791809
135.352585
134.913376
134.106369
133.227936
131.981735
131.981720
132.349518
132.860153
134.034943
134.770523
135.873886
137.273621
138.009201
139.837479
141.369400
142.901321
145.015320
148.007736
151.214432
155.156708
158.077698
159.313263
160.630890
135.138306
134.259888
133.820663
133.013657
132.206650
131.031860
130.735504
130.735504
131.317566
132.124573
132.788727
133.381454
134.341965
135.302490
136.252335
137.641403
139.398270
141.808624
144.658188
148.232666
152.174942
155.095932
157.067078
158.016937
134.556244
134.117035
133.677811
132.503021
131.696014
130.592651
129.857071
129.928497
130.439133
130.878357
131.174713
131.767441
133.095749
133.617050
134.424057
135.741699
137.059341
138.887619
141.665771
145.097397
148.968246
152.257034
153.717529
154.667389
134.852600
134.045609
133.677811
132.503021
131.696014
130.153442
129.857071
129.928497
129.999924
130.806931
131.103287
131.767456
132.288742
132.952896
133.759903
134.495483
135.373901
136.691559
138.887619
141.369400
145.465195
147.804108
149.264618
150.143036
134.852615
134.045609
133.677811
132.431595
131.696014
130.153427
129.857071
129.857071
130.367722
130.735504
131.103302
131.838867
132.942230
133.606384
133.902756
133.902756
134.270538
134.638336
136.762970
138.223480
141.297974
143.494049
144.811691
145.250916
135.659607
134.852615
134.045593
132.870804
131.696030
130.521225
130.224869
130.224854
130.367706
131.103302
131.103302
132.717300
133.085083
133.820663
134.117035
134.045609
133.167175
133.095749
134.709747
135.516754
138.080627
139.255417
140.573059
140.940857
135.659607
135.291824
134.924026
133.677811
132.503021
130.960449
130.664078
130.224869
130.735504
131.542511
131.542511
132.860153
133.524307
133.892090
134.188461
133.677811
132.799377
132.217316
133.392105
134.127686
135.373901
136.548706
137.427124
137.723495
136.977249
136.170258
135.802460
134.484818
133.310028
131.696014
130.960449
131.399658
131.542511
132.349503
132.349518
133.227936
134.034943
134.331299
134.627670
133.677811
133.167175
132.288742
132.585114
133.320679
134.127686
134.934692
135.741699
135.670273
137.784256
136.977249
136.977249
135.731033
134.117035
132.870819
132.135239
132.206665
132.278091
132.788727
133.227936
133.667160
134.331299
134.699097
134.995453
134.045609
133.095749
132.656525
132.656525
132.952896
133.463531
134.199112
134.270538
134.638336
138.294891
137.855682
137.416473
136.609467
134.924026
133.310028
132.870804
133.013657
133.156525
133.667160
133.667160
134.106369
134.331299
135.066879
134.924026
134.484818
133.534958
133.095749
133.024323
133.024323
132.727951
133.534958
133.534958
133.534958
139.173325
138.734116
138.294891
136.609467
135.291824
133.677811
133.238602
133.013672
133.156509
134.106369
134.106369
134.545593
134.770523
135.066879
134.924026
134.484818
133.534958
133.095749
132.656525
132.656525
132.288742
132.727951
132.727966
132.727966
139.173325
138.734116
138.294907
137.048676
135.659607
134.045609
133.238602
133.013657
133.524307
133.667160
134.545593
134.106369
134.770523
135.434677
135.291824
134.484818
133.534958
133.095749
132.288742
133.024323
132.360168
132.799377
132.360168
132.360168
