145.601654
145.601654
145.601654
145.233856
145.601654
145.305298
145.233856
145.162445
145.091003
144.948151
144.948151
144.948151
144.437515
144.508942
144.508942
144.580368
144.651794
144.723221
144.723221
144.283997
144.580368
144.141159
144.141159
144.141159
145.601654
145.601654
145.969437
145.162430
145.601654
145.233856
145.233856
145.162445
145.019577
144.948151
144.948151
144.948151
144.508942
144.580368
144.580368
144.651794
144.651794
144.723221
144.723221
144.283997
144.580368
144.141159
144.141159
144.141159
145.387375
145.387375
145.387375
145.019577
145.091003
145.162430
145.162430
145.091003
145.019577
144.948151
144.948151
144.948151
144.580368
144.651794
144.651794
144.651794
144.651794
144.723221
144.723221
144.283997
144.580368
144.141159
144.141159
144.141159
145.101669
145.101669
145.173096
145.244522
144.948166
145.019592
145.091019
144.651794
145.019592
144.651794
145.091019
145.091003
144.723221
144.794647
144.794647
144.794647
144.651794
144.651794
144.651794
144.212585
144.508942
144.437515
144.437515
144.437515
144.376755
144.744537
144.815979
144.591034
144.733887
144.437515
144.948151
144.651794
145.019592
144.723221
145.162445
144.794647
145.305283
145.376709
145.376709
145.305298
144.723221
144.283997
144.141159
144.508942
144.805313
144.366089
144.366089
144.366089
143.876770
143.876770
143.948196
144.091049
143.937546
144.151825
144.294662
144.366089
144.948166
145.019592
145.162445
144.866074
145.448135
145.519562
145.519562
145.376709
144.794647
144.651794
144.508942
144.437515
144.733887
144.662460
144.662460
144.662460
143.091095
142.723297
143.305359
143.448212
143.294708
143.580414
143.794678
143.937531
145.030243
145.173096
145.387375
145.162430
145.815918
145.519562
145.519562
145.376709
144.866074
144.651794
144.508942
144.437515
144.733887
144.662460
144.662460
144.662460
141.651917
141.723343
141.498398
142.009033
142.366165
142.723297
143.009003
143.733917
144.019623
145.183762
145.101669
145.755173
145.673080
145.815933
145.958786
145.887360
144.866074
144.794647
144.651794
144.580368
144.876740
144.805313
144.805313
144.805313
140.141312
140.212738
140.355591
140.569870
141.366211
141.284119
142.151886
142.948227
143.744583
145.051575
145.408691
145.837250
146.265808
146.480087
146.255142
145.887360
145.744507
145.305298
144.794647
144.723221
145.091003
144.948166
144.508942
144.508942
138.773560
138.844986
138.987839
139.273544
140.437668
140.794800
141.662567
142.530334
143.469543
144.847946
145.276505
145.776489
146.276459
146.562164
146.480087
146.112289
145.673080
145.673080
144.794647
144.723221
145.091003
144.651794
144.651794
144.651794
138.273575
138.345001
138.416428
138.630707
139.794846
140.151962
140.948318
141.816086
142.755280
144.062271
144.633667
145.133652
145.705063
145.990753
145.540894
145.755157
145.755157
145.458801
145.458801
144.651794
145.091019
144.651794
144.651794
144.651794
138.427094
138.498520
138.569946
138.712799
139.734070
139.948349
140.673279
141.398193
142.265961
143.205154
143.633713
143.765900
144.265884
144.765854
145.122986
144.969482
145.112335
145.398041
145.173096
144.805313
144.876740
144.948151
144.580368
144.580368
138.794876
138.866302
138.866302
139.744736
139.816162
140.255371
140.469650
141.123154
141.408844
142.276611
142.265961
142.694519
142.898132
143.326691
143.755249
144.112366
144.469498
144.755203
145.040894
144.887390
144.662460
145.173096
144.876740
144.508942
139.816162
139.816162
139.744736
139.744736
140.041092
139.969681
140.041092
140.551743
140.766022
141.490936
141.776642
141.398193
141.898178
141.958939
142.387497
143.255264
144.123032
144.551590
144.908722
145.265839
144.744537
145.255188
144.591034
144.591034
140.244720
140.173294
140.101868
140.469650
140.255371
140.480316
140.480316
140.480316
140.551743
140.694595
140.908859
140.826782
140.887543
141.244675
141.744659
142.541000
143.480194
143.837326
144.337311
144.694427
144.173126
144.755203
144.530258
144.162476
140.887543
140.816116
140.744690
140.969635
140.755356
140.980286
140.398224
140.766022
140.326797
140.326797
140.837448
140.612503
140.459000
140.744690
141.030396
141.755310
143.062302
143.419434
143.847992
144.205109
143.755249
144.408737
144.183792
143.887436
141.376862
141.744659
141.162582
141.755325
141.101822
141.255341
140.969635
140.459000
140.244720
140.541077
140.469650
140.469650
140.173294
140.316147
140.458984
141.183914
141.908829
142.123108
142.990875
142.908783
142.898132
143.623047
143.765900
143.398117
142.233978
142.162552
141.948273
142.173218
141.887512
142.041016
141.316101
141.030396
140.305481
140.459000
140.316147
140.541077
139.662659
140.469650
140.469650
140.683929
141.337418
141.480270
141.837402
142.123108
142.551666
142.837372
142.980225
143.051651
142.948242
142.876816
142.662521
142.448257
142.601776
142.316071
141.519714
141.673233
140.805466
140.958969
140.673264
140.755356
140.173294
140.541077
140.398224
140.908875
141.051727
141.123138
141.408844
141.623123
141.980255
142.194534
142.337387
142.408813
143.662506
143.223282
143.376801
143.233932
143.458878
143.173187
142.376831
142.091125
141.662582
141.305450
141.387527
141.398193
141.183914
141.337418
140.755356
141.123154
141.123154
140.755356
140.755356
141.337418
141.480270
141.694550
142.133774
141.765976
144.233902
143.794693
143.580414
143.948196
143.733917
143.519638
143.233932
143.316025
142.448257
142.530334
142.541000
142.112442
142.265961
141.908829
141.623123
141.480270
140.969635
141.265991
141.194580
141.194565
141.194565
141.265991
141.633789
141.633789
144.294662
144.294662
144.080383
144.008957
144.744537
144.091049
143.805344
143.887436
143.091095
143.101746
143.112411
142.683853
142.694519
142.337387
141.980255
141.765976
141.183914
141.041061
140.755356
141.123138
141.051712
140.980286
141.348083
141.276657
144.508942
144.580368
144.437515
144.366089
144.662445
144.448181
144.162476
144.244568
143.448212
143.458878
143.398102
142.969559
142.980209
142.990875
142.194534
141.908829
141.255341
141.041061
140.755356
140.980286
141.276657
140.766022
141.133804
141.062378
144.723221
144.651794
144.508942
144.508942
144.805313
144.591034
144.376740
144.387421
143.591080
143.601730
143.612396
143.183838
143.123077
142.694519
142.265961
141.980255
141.326767
141.041061
140.683929
140.980301
141.205231
140.623169
140.990952
140.919525
