134.720413
134.720413
133.984833
133.688477
133.024323
133.095749
132.360168
133.167175
133.606384
134.045593
134.924026
135.066879
135.648956
135.495438
136.445297
136.291779
137.384491
137.598770
138.323700
137.730957
138.384460
138.598740
139.037949
139.037949
134.495483
135.302475
134.495483
134.127686
133.095749
132.727951
132.431595
133.238602
133.534958
134.045593
134.852600
135.066879
135.648956
135.424011
136.006073
136.220367
136.873856
137.159561
138.180832
138.027328
137.873810
138.455872
138.527298
138.527313
135.220398
135.955978
135.220398
134.413391
133.606384
133.238602
133.310028
133.310028
133.606384
134.117020
134.924026
135.066879
135.138306
134.984802
135.934647
135.781143
136.802429
136.577484
137.670197
137.077469
137.291748
138.241608
137.945236
137.945236
136.088165
136.384521
135.648956
135.209732
134.259888
134.188461
133.381454
133.749237
133.677811
134.045609
134.556244
134.627670
134.699097
134.474152
134.984802
135.127655
135.341934
135.556198
136.138275
135.984756
136.934616
137.077469
137.588104
137.588104
137.170212
137.098785
136.588150
136.077515
135.352585
134.770523
133.892090
134.188461
133.749237
134.117035
134.117035
133.820663
134.188446
133.892090
133.963516
134.177795
133.881424
134.024277
134.606354
135.188416
135.699066
136.209702
136.281128
135.841904
137.884476
138.620041
138.109406
137.016708
136.220367
135.495438
134.984802
134.402725
134.331299
134.259872
133.820663
133.452881
133.749237
133.381454
133.381454
132.717300
133.227936
132.931580
133.442215
133.585068
134.463501
134.902710
135.413345
134.974136
138.895096
139.191452
138.680817
138.395111
137.159546
136.802429
136.220352
135.566864
134.617004
134.984802
134.034943
133.524307
133.452881
133.381454
132.942230
132.574448
132.645874
132.349518
132.420929
132.931580
133.299362
134.177795
134.249222
133.809998
139.977127
139.905716
139.762863
139.109360
138.609390
137.813049
136.791763
136.506058
135.484772
135.341934
134.688431
134.177795
133.963516
133.381454
133.310028
132.503021
132.431595
132.503021
132.574448
132.645874
132.645874
133.156509
133.595734
133.156509
141.426971
140.987762
140.844910
140.191406
139.323654
138.966522
138.241608
137.516678
136.863190
136.577484
135.923996
135.199081
134.545578
134.259888
133.749237
132.870804
132.799377
132.799377
132.799377
132.799377
132.431595
132.503021
132.574448
132.503021
141.998383
141.487732
141.344894
140.762817
140.405701
140.048569
139.323654
138.966522
138.609390
137.884476
136.720337
135.923996
135.638290
134.913376
134.331299
133.310028
133.606384
133.167175
132.727951
132.288742
132.288742
131.992386
131.992386
131.992386
142.212646
141.773438
141.702026
141.191376
140.905670
140.619965
139.895050
139.977142
139.180801
138.455872
138.027328
137.230972
136.802429
136.077499
135.424011
134.402725
134.188461
133.677811
133.238602
132.656525
132.288742
131.920959
131.920959
131.849533
141.916290
141.548508
141.844879
141.037872
141.334229
141.630585
141.344894
140.548553
140.191406
140.273499
139.477158
139.048599
138.180832
137.455917
136.731003
135.638290
134.984802
134.770523
133.820663
133.238602
132.799377
132.360168
131.920959
131.849533
141.477081
141.477081
141.477081
141.619934
141.691360
142.130569
141.916290
141.630585
141.641251
141.651917
141.223358
140.059219
139.702103
138.905746
138.548630
137.455917
137.027359
135.934662
134.913376
133.963516
133.310028
132.870804
132.360168
132.288742
140.895004
140.966431
141.109283
141.252136
141.905640
142.487701
142.784058
142.569794
142.580444
142.662537
143.112411
141.948273
141.151932
140.355591
139.998459
138.834335
137.966553
137.241638
136.148926
134.688431
133.963516
133.452881
133.310028
132.799377
140.312943
140.384369
140.966431
141.252136
142.048477
142.701981
143.508987
142.926910
143.080429
143.969528
144.123032
143.398117
142.601776
141.805420
141.448288
140.284164
139.416397
138.180832
136.577484
135.852570
135.127655
134.474152
133.820663
133.820663
140.466461
140.170090
140.384369
141.109283
141.905640
143.141190
143.651840
143.651825
143.876785
144.837296
144.623016
144.408722
143.316025
142.958893
142.233978
141.366211
140.130646
139.262878
138.027328
137.159546
135.923996
135.199081
134.913376
134.402725
140.109329
139.884399
140.027252
141.262802
142.569794
142.630554
144.019623
144.162476
144.969482
145.265839
145.562210
145.051559
144.398071
144.112366
143.755234
142.591110
141.212708
140.344925
139.037949
138.466537
137.159546
136.731003
136.006088
135.863220
139.752197
139.455841
140.180756
140.537888
142.284088
142.855499
144.019623
144.673126
145.183762
145.990753
146.062195
145.990768
145.480118
145.122986
144.469498
143.673157
142.366165
141.426971
140.487778
139.405731
137.955902
137.527344
137.170212
137.027359
139.395081
139.098709
139.752197
140.691406
142.069809
142.712646
143.876770
144.673111
145.255188
146.205032
146.347885
146.347885
145.908676
145.622971
145.040909
144.244553
143.305359
142.366180
141.059189
140.344925
139.262878
138.762894
138.405762
138.262924
138.966522
138.230942
139.323654
139.895065
141.344894
142.426941
143.662491
144.530258
145.255188
145.908676
146.490738
146.633591
145.755157
145.612305
145.398041
144.744537
143.876770
143.009003
142.069809
142.162552
140.641296
139.702103
139.416397
139.202118
138.027328
138.241608
138.455872
139.466507
140.987762
142.437592
143.376801
143.948196
145.622971
145.980103
146.194382
145.969437
145.898010
145.826584
145.755157
145.101669
145.183746
144.315979
143.448227
143.173172
141.212708
141.080505
140.794800
140.580521
137.741623
137.813049
138.170166
139.109375
140.702057
142.223312
143.233948
143.805344
145.112320
145.908676
145.826584
146.040863
145.601654
145.601654
145.530228
145.387375
145.469467
145.112335
144.244568
143.969528
142.448257
142.316071
141.662567
141.448288
137.527344
137.598770
137.955902
138.966522
140.559204
142.080475
143.091095
143.733917
145.112335
145.540894
145.826584
146.040863
145.744507
145.744507
145.673080
145.530228
146.122955
145.765823
144.458832
144.623016
142.662537
142.530334
141.948273
141.662582
137.455917
137.527344
137.813049
138.895096
140.119995
142.080475
143.091095
143.733917
145.112335
145.173096
145.458801
146.112289
145.744507
145.815918
145.744507
145.601654
145.826584
145.469452
145.040909
144.765854
143.244598
143.040985
142.019699
142.173218
