129.203583
129.132156
129.571365
128.989304
128.775024
128.264389
128.560745
128.999954
129.806961
130.246185
131.124603
131.563828
132.881470
132.881470
133.320679
132.952896
132.585098
132.217316
131.481735
131.778107
131.481735
131.481735
131.042526
131.042526
129.571365
129.499939
129.499939
128.989304
128.335815
128.192963
128.632172
129.071381
130.246185
130.317612
131.196030
132.003036
132.442261
132.952896
133.392105
133.024323
132.656540
132.217316
131.920959
131.778107
131.481735
131.042526
131.481735
131.042526
129.499939
129.499939
129.499939
128.989304
128.775024
128.264389
128.703598
129.142807
129.510605
130.389038
131.196030
131.635254
132.585114
132.952896
133.392105
133.024323
132.656525
132.360168
131.992386
131.920959
132.360168
131.481735
131.481735
131.920959
129.796310
129.357086
129.357086
129.285660
128.775024
128.335815
128.775024
129.142807
130.021240
130.021240
130.899673
131.410309
132.217316
132.288742
133.167175
133.167175
132.727951
132.799377
132.799377
132.360168
132.360168
131.920959
131.920959
131.920959
130.021240
129.653458
129.285660
129.214233
129.214233
128.407242
128.846451
128.846451
129.724884
129.796310
130.674744
130.746170
131.553177
132.431595
132.799377
132.870819
132.870819
132.942245
133.310028
132.870804
133.238602
132.431595
132.799393
132.799377
130.317612
129.949814
129.214233
129.142807
128.846451
129.285660
128.989304
128.989304
129.796310
129.867737
130.378372
130.817581
131.256805
132.135239
132.574448
133.013657
133.452881
133.524307
133.820663
134.188461
134.117035
133.749237
134.117020
134.484818
130.685394
130.389038
129.582031
130.021240
129.724884
129.428513
129.867737
129.867737
130.306946
129.939163
130.378372
130.889023
131.767441
132.278076
133.085083
133.524307
133.963531
134.474152
135.577530
135.577530
136.016739
135.945312
135.945312
136.680893
130.828247
130.828247
130.460464
130.092667
129.796310
130.306946
130.378372
130.746155
131.113953
131.113953
131.185379
131.696014
131.767441
132.206665
133.085098
134.034943
134.913376
135.424011
137.038025
137.845032
138.723450
138.652023
139.091248
139.826828
131.706680
131.410309
131.042526
131.042526
130.746155
131.256805
131.256805
131.624588
131.920959
131.920959
132.360168
132.431595
132.574448
133.013672
133.595718
134.545578
136.302444
137.620087
138.498520
140.183945
141.797958
142.165741
143.044174
143.411972
131.849533
131.920959
131.920959
131.553162
132.063812
131.696014
132.135239
132.870804
133.238602
133.095749
133.534958
133.677811
133.452881
133.452881
134.034943
135.424011
137.252289
139.080582
140.766022
142.451447
144.576096
145.311676
146.190109
146.997116
131.992371
132.063812
132.431595
132.503021
132.574448
132.574448
133.013657
133.749237
134.045609
133.974182
134.413391
134.556244
134.402740
134.913376
135.863235
137.323715
139.152008
140.908875
142.665726
144.790375
147.211395
148.386185
149.703827
149.632401
131.767441
132.645874
132.645874
133.013672
133.085083
133.452881
133.820663
134.556244
134.852600
135.148972
135.291824
135.945312
135.791809
136.006073
137.395157
138.855652
140.683929
143.319214
145.443863
147.936310
149.918106
151.460693
152.267685
153.074692
131.910294
133.299362
133.227936
133.595734
133.963516
133.820663
134.627670
134.924026
135.659607
136.027405
136.241684
136.895172
137.252289
137.977219
139.437714
141.337433
143.094284
145.729568
147.782791
150.571594
152.553391
154.535187
154.902985
155.342194
131.756775
133.809998
133.810013
134.106369
134.402740
135.066879
135.873886
136.170258
136.538040
137.345047
137.487900
138.284241
138.641373
139.876923
141.776642
143.604919
145.872421
148.436279
150.418091
152.767670
155.117249
156.659836
157.395416
157.834625
131.756775
133.881439
133.881424
134.545593
135.209747
135.873886
136.609467
137.048676
137.855682
138.223480
138.437744
140.041092
140.837448
142.880005
144.779724
146.168793
148.364868
151.296509
152.910522
155.188690
157.099060
158.938004
159.305786
159.745010
132.267426
133.952850
134.320648
134.984802
136.016739
136.680893
137.855682
138.223480
138.662689
139.541122
140.562393
142.165741
143.769089
145.883087
148.079163
149.836014
152.032089
154.085312
155.995697
157.466843
158.866577
160.337738
160.634094
161.441101
132.706635
133.952850
134.688431
135.352585
136.823746
137.855682
139.101898
139.101898
139.541122
140.490967
141.951477
144.290405
147.068542
149.111099
151.674957
153.431824
155.556473
157.099060
158.202423
159.602142
160.562668
161.594604
161.819550
162.258759
133.513641
133.952866
134.688446
136.231018
137.630753
138.805542
140.787338
140.419556
140.930191
142.247833
143.708328
146.486465
150.071609
152.778336
154.902985
156.884766
157.763199
160.112793
160.337738
161.369659
161.890961
162.851486
162.340851
163.076416
134.392075
134.831284
135.566864
137.180878
139.091248
140.266037
142.319260
142.390686
142.901321
144.586761
146.415039
149.050339
152.492630
155.127914
157.548920
159.162933
160.409149
161.880310
162.544464
162.697968
163.290710
163.444214
163.301361
163.669159
135.638290
136.148926
136.955933
138.712799
140.766022
143.329880
144.576096
145.015320
145.822311
147.068542
149.193192
151.614197
154.842209
157.334656
159.316452
160.491241
161.666031
162.697968
163.362122
163.658493
163.883423
164.547577
164.476151
164.476151
136.955933
137.466583
138.784225
140.612503
142.808578
145.515289
146.832947
148.079163
148.814743
149.989532
151.899902
153.442474
156.895432
158.805801
160.644745
161.308899
162.483704
163.587067
163.883423
164.179779
164.547577
164.843933
164.843933
164.843933
137.834366
138.345001
139.734070
141.705215
144.044144
146.893707
148.946930
149.825348
150.928726
152.399887
154.238831
155.127914
158.070221
159.766327
161.237488
162.269409
163.005005
164.108368
164.476151
164.843948
165.283157
164.843948
164.843948
164.843948
138.641373
138.784225
140.612503
142.583649
144.626205
147.914978
149.671844
151.285858
152.389221
153.421158
155.188675
156.445557
158.805801
160.134109
161.901627
162.565781
163.229935
163.965515
165.140305
165.140305
165.211731
165.211731
165.211731
165.211731
138.712799
139.223434
141.051712
142.655075
145.136841
148.936264
150.182495
151.796494
152.899872
153.860382
155.699326
156.884766
159.245026
160.869690
162.197998
162.862152
163.526306
164.333298
165.068878
165.068878
165.508087
165.579529
165.579529
165.579529
