144.212585
144.283997
144.355438
144.498276
145.008926
145.151779
145.080353
145.008926
145.305283
145.162445
145.019592
145.315948
144.733887
144.958817
144.815964
144.969482
144.755203
144.540924
144.255219
144.562256
144.501480
144.583572
144.808502
144.737076
144.212585
144.283997
144.283997
144.355438
144.937500
145.080353
145.080353
144.937500
145.233856
145.162445
145.019592
145.315948
144.805313
145.030243
144.815964
145.040909
144.826630
144.612350
144.326645
144.194458
145.012115
144.726410
144.512131
144.440720
143.926880
143.998306
144.141159
143.773361
144.723221
144.937500
144.937500
144.866074
145.233856
145.162445
145.019592
145.315948
144.876740
145.101669
144.958817
145.183746
144.969482
144.826630
144.469498
144.480164
144.858597
145.083542
144.501480
144.358627
143.641174
143.641174
143.784027
143.926880
144.508942
144.212585
144.355438
144.723221
145.162445
145.162445
145.091003
145.019592
144.948166
144.876724
144.805298
145.030243
144.887390
144.744537
144.898056
144.469513
144.990799
144.847946
144.633667
144.562241
142.773407
142.844833
143.355469
143.498322
143.712601
143.559082
144.069733
144.141144
144.651794
145.091003
145.162445
145.162445
144.723221
145.091003
145.019577
145.387375
144.366089
145.101669
144.519608
144.673111
144.826630
144.755203
144.612350
144.540924
142.641220
142.273422
142.487701
142.998337
142.844833
142.762741
143.344803
143.926880
144.141159
144.723221
144.794647
144.866074
144.866074
144.866074
144.866074
145.233856
144.723221
145.019592
144.948166
144.805313
144.662460
144.662460
144.958817
144.887390
141.262802
141.702026
141.548508
142.130585
142.416275
141.966400
143.059113
143.641174
143.559082
144.580368
144.794647
144.866074
144.866074
144.937500
144.937500
145.305283
144.866074
145.233856
145.091003
145.091019
144.948166
144.580368
144.948166
144.876740
140.548553
140.987762
140.834244
141.048538
141.548508
141.609268
142.334183
142.691315
143.487656
144.141159
144.355438
144.426849
144.426849
144.866074
144.866074
145.233856
145.162445
145.162445
145.019592
145.091019
145.019592
145.091019
145.091019
145.019592
140.202072
139.834290
140.559204
140.477112
140.609314
140.741501
142.048492
142.037827
142.834167
143.262726
143.844803
144.355438
144.283997
144.794647
144.723221
144.723221
145.091003
145.387375
144.948166
145.387375
145.387375
145.091019
145.458801
145.458801
139.487823
139.120026
139.916367
139.466492
139.670120
140.312958
141.252136
141.312912
142.180679
143.048447
143.262726
143.773361
144.141159
145.019592
145.019592
145.019592
145.315948
145.315948
145.315948
145.387375
145.315948
145.019592
145.458801
145.458801
138.477203
138.548615
138.537964
138.895096
139.098709
139.302322
140.680740
140.812927
141.680695
142.619904
142.905594
143.487671
143.998306
145.244522
144.876740
144.948166
145.315948
145.387375
145.387375
145.458801
145.458801
145.530228
145.530228
145.530228
137.609436
137.680847
138.037979
137.884476
138.527298
139.027283
139.598694
140.537888
141.037872
142.416275
142.405609
143.498322
143.712601
144.733887
144.805298
145.387375
145.387375
145.458801
145.530228
145.530228
145.162445
145.601654
145.601654
145.601654
137.180878
136.884506
137.098785
137.455917
137.884476
138.313034
139.252228
139.752213
140.691391
141.630600
142.498367
143.294708
143.723267
144.958832
144.805313
145.387375
145.601654
145.673080
145.744507
145.305283
145.305283
145.305298
145.305298
145.305298
136.527374
136.598801
136.373871
136.516724
137.752274
137.598770
138.466537
139.334320
140.344925
140.916336
142.223312
143.162521
143.366135
144.601700
144.958832
145.755157
145.530228
145.744507
145.887360
145.448135
145.448135
145.376709
145.376709
145.376709
135.506104
135.648956
135.720383
135.863235
136.955933
137.098785
137.895126
138.762894
139.702103
140.641296
141.580490
142.591110
143.233932
144.173141
144.744537
145.469452
145.458801
145.673080
145.887360
145.376709
145.448135
145.376709
145.376709
145.448135
134.699097
135.138306
135.138306
135.648956
136.159592
136.670227
137.395142
138.559280
138.987839
140.294830
141.234009
142.316071
143.030334
144.112366
144.683777
144.673111
145.173096
145.458801
145.673065
145.305298
145.448135
145.376709
145.448135
145.448135
134.331299
134.770523
134.331314
134.699097
135.506104
136.313095
136.895172
137.987869
138.712799
140.019775
140.958969
141.601807
142.316055
143.030319
143.744583
144.173126
144.744537
145.101669
145.530228
145.162445
145.305298
145.376709
145.080353
145.519562
134.106369
134.474152
134.402725
134.770523
135.363251
135.659607
136.609467
137.559326
138.652023
139.376953
140.316147
141.030396
141.673233
142.458923
143.101746
143.673157
144.244568
144.744537
145.101669
144.948166
145.091003
145.305283
145.008926
145.080353
134.759857
134.831284
135.127655
134.913376
135.506104
135.731033
136.977249
137.416473
138.437744
139.091248
139.959015
140.530426
141.101822
141.887512
142.458923
143.101746
143.673157
144.244568
144.673126
144.591034
144.876740
145.091003
144.794647
144.866074
136.066849
136.138275
136.363205
136.148926
136.373871
136.527374
137.262955
138.069962
138.509171
139.091248
139.744736
140.173294
140.601852
141.244675
141.744659
142.387497
142.958893
143.530304
143.958862
144.019623
144.376755
144.733887
144.508942
144.580368
137.373825
137.813049
137.670197
137.527344
137.680847
137.395157
137.691513
138.355667
138.355667
139.162674
139.744736
139.959015
140.173294
140.601837
141.101822
141.601807
142.244644
142.744614
143.316025
143.448212
143.948196
144.305328
144.151810
144.223236
139.048599
138.680817
138.905762
138.691467
138.844986
137.823700
138.487854
138.641373
138.498520
138.866302
139.744736
139.376953
139.519806
140.244720
140.601837
141.101822
141.601807
142.244629
142.816040
143.019669
143.591064
143.948212
143.937531
144.008972
139.702103
139.702103
139.120026
138.905746
139.059265
138.405777
138.630707
138.784225
138.569946
138.866302
139.601883
139.234100
139.305527
139.959015
140.244720
140.744690
141.316101
141.887512
142.458923
142.805389
143.305374
143.805359
143.723267
143.794693
139.844955
139.773514
139.630676
139.416397
139.569901
138.548615
138.702133
138.784225
138.202148
138.866302
139.673309
139.162674
139.162674
139.816162
140.101868
140.601852
141.173248
141.744659
142.316071
142.662537
143.305374
143.733932
143.651840
143.794693
