142.065536
141.626328
140.747894
140.012314
138.766098
137.734146
136.784302
135.609497
135.538086
135.170288
135.170288
134.434708
134.506134
133.699127
134.066925
133.259918
133.484848
132.606430
132.606430
132.677856
133.188492
133.331345
133.259918
133.259918
141.258530
140.819321
140.380096
139.644531
137.959091
136.855728
135.977295
135.609497
135.538086
135.170288
135.170288
134.434708
134.506134
134.138351
133.699127
133.627701
133.484863
133.045639
132.677856
132.749283
133.627701
133.699127
133.699127
133.699127
140.012314
139.573090
139.133881
138.398300
137.152084
136.416504
135.538086
135.170288
135.098862
135.170288
135.170288
134.873932
134.577560
134.138351
134.138351
134.138351
133.627716
133.188492
133.627716
133.627716
133.770554
134.281204
134.209778
134.209778
137.448456
137.009232
137.009232
136.641449
135.466660
134.659653
134.659653
134.291855
134.659653
134.731079
135.170288
134.873932
134.945358
134.209778
134.648987
134.281204
134.577560
134.209778
134.648987
134.281204
135.159622
135.231049
135.231049
135.231049
134.884583
134.445374
134.445374
134.006165
133.270584
132.902786
133.342010
133.484848
134.291855
135.170288
134.802505
135.313141
135.016785
135.016785
135.088196
135.231049
135.231049
135.670273
135.741699
135.813126
136.252335
136.691559
136.323761
136.762985
131.881500
131.881500
131.881500
131.881500
131.585144
131.585144
132.095779
132.974213
133.852646
134.802505
135.241714
135.752350
135.088196
135.527420
136.038055
135.741699
136.252335
137.130768
136.834412
136.905838
137.345047
137.784256
137.784256
138.223480
130.635284
130.635284
130.635284
131.074509
130.778137
131.145935
131.656570
132.677856
133.484863
134.873932
135.384567
135.895203
136.038055
136.038055
136.180908
136.323761
136.834412
137.416473
137.559326
137.559326
138.366333
138.805542
138.805542
138.805542
130.706711
130.635284
130.635284
130.706711
130.849564
131.217361
132.167206
133.117065
134.066925
135.455994
135.966629
136.477280
136.548706
136.252335
136.762985
136.905823
137.487900
138.366333
138.141388
138.141388
138.580597
139.019821
138.580597
139.019821
131.585144
131.145935
131.145935
131.217361
131.288788
132.095779
133.045639
134.066925
134.648987
135.670273
136.252335
136.691544
136.762970
136.466614
136.977249
137.559326
138.069962
138.141388
138.723450
138.284241
138.723450
138.723450
138.723450
138.723450
132.024353
131.585144
132.024353
132.095779
132.167206
133.413437
133.924072
135.016785
135.670273
136.252335
136.834412
136.905823
137.416473
137.048676
137.559326
138.069962
137.845032
138.284241
138.794891
137.987885
138.427094
138.498520
138.498520
138.498520
132.095779
131.656570
132.167206
132.238632
132.677856
133.556290
134.066925
135.159637
135.813126
136.905823
137.120117
137.191528
137.559326
137.262955
137.334381
137.845032
137.548660
137.987869
138.498520
137.691513
138.130722
137.762939
137.762939
137.762939
132.310059
131.870850
132.310059
132.749283
133.556290
134.138351
135.016785
135.373901
136.466614
137.120102
137.334381
137.477234
137.477234
137.038025
137.109451
137.180878
136.813080
137.252304
136.884506
136.955933
137.395157
137.027359
137.027359
137.027359
132.013702
132.013702
132.892136
132.892120
133.699127
134.648987
135.231049
135.588181
136.680893
137.405807
137.620087
137.691513
137.252304
136.884506
136.445297
136.077515
136.077515
135.638290
136.077515
135.781143
136.148941
135.852570
135.852570
135.852570
132.156555
132.595764
133.034988
133.034973
134.281204
134.424057
135.813126
135.802460
137.262955
137.548660
137.762939
137.395142
136.659576
136.220352
135.341934
134.902725
134.831299
134.392075
134.463501
134.902725
134.902725
134.974152
134.974152
134.974152
132.299408
132.738617
133.177826
133.984833
134.863266
134.934692
135.955978
136.241684
137.334381
137.620087
137.834366
137.466583
136.659576
135.781143
135.270508
134.463501
134.392075
133.881439
134.320648
134.392075
134.024277
134.095703
134.095703
134.024277
132.442261
133.320679
133.759903
134.127686
135.445328
135.955978
136.905823
136.752319
137.334381
137.916458
137.691513
137.252304
136.077499
135.638290
134.320648
134.320648
134.177795
133.738586
133.738586
133.810013
133.370789
133.810013
133.442215
133.881439
133.463531
133.902756
134.341965
134.709763
136.466614
136.977249
137.855682
137.559326
137.630737
137.773605
137.038025
136.231018
135.424011
134.984802
134.106369
134.106369
133.963516
133.524307
133.085083
133.524307
133.156525
133.156509
133.227936
133.156509
133.606384
134.413391
134.924026
135.220398
136.977249
137.487900
138.366333
137.487900
137.191528
136.752319
136.384521
135.945312
134.699097
134.770523
133.820663
133.820663
133.677811
133.749237
132.870804
132.870819
132.942230
132.870819
132.942245
132.942230
134.045609
134.484818
135.363251
135.291824
136.977264
137.048676
137.487900
136.977264
137.048676
136.170258
135.363251
134.924026
134.484818
134.556244
133.677826
133.606384
133.463531
133.902740
133.534958
133.534958
133.167175
133.095749
133.167175
133.167175
134.413391
134.484818
134.924026
135.291824
136.027405
136.538040
136.538040
135.659607
135.588181
135.148972
134.341965
133.831329
133.831329
133.463531
133.392120
133.831329
133.392105
133.759903
133.392120
133.759903
133.463531
133.392120
133.463531
133.534958
134.413391
134.852615
134.852600
134.781174
135.148972
135.588181
134.709763
134.270538
133.831329
133.688477
133.320679
133.177826
133.177841
133.177826
133.177826
133.617050
133.617050
134.424057
134.127686
134.127686
134.199112
133.759903
133.392105
133.463531
134.852600
134.781174
134.781174
134.709763
134.270538
134.199112
133.759903
133.249252
132.881470
132.299408
131.931610
132.667191
132.667191
132.595764
132.963562
133.474197
133.984833
134.720413
134.863266
134.424057
134.495483
134.495483
134.127686
134.199112
134.781189
134.781174
134.781189
134.270538
134.127686
134.199112
132.881470
132.810043
131.931610
131.860184
131.420975
131.717331
132.085129
132.452911
132.892136
133.331345
133.913406
134.720413
134.863266
134.424057
134.495483
134.495483
134.127686
134.199112
134.781174
134.781189
134.781189
134.638336
133.759903
134.127686
132.442261
132.370834
131.860184
130.981766
131.349548
132.085129
132.085129
132.452911
132.892136
133.259918
133.841980
134.648987
134.863266
134.424057
134.863266
134.863266
134.495483
134.566895
