149.007690
149.221970
149.721954
151.018280
151.211227
152.282623
151.240021
149.768860
146.908630
144.487625
143.976990
143.323486
143.916214
144.069733
143.926880
144.294662
144.223236
144.519608
144.744537
144.091049
143.733917
143.448227
143.744583
143.162506
148.936264
149.150543
149.650528
150.946854
151.211243
152.211197
151.536377
149.329651
147.347855
144.855423
143.976990
143.762711
143.916214
144.069733
143.926880
144.294662
144.294662
144.591034
144.815964
144.091049
143.805344
143.887436
143.376801
143.233948
148.282776
148.497055
148.997040
149.925568
150.996948
152.068344
151.761322
150.065231
147.205002
144.855423
144.416199
144.201920
143.916214
144.069733
143.926880
144.294662
144.294662
144.591034
144.815964
144.233902
144.019623
143.733917
143.223282
143.519638
146.679428
147.332916
147.761475
149.568436
151.079041
152.221863
151.547043
150.729370
148.012009
146.101624
144.855408
144.201935
143.916229
144.069733
143.926880
144.366089
144.805313
144.733887
145.030243
144.448181
144.305328
144.091049
144.019623
143.948196
145.301025
145.586716
146.454498
148.700668
151.018280
152.600311
152.068329
150.954315
148.308365
146.908630
145.662415
144.641144
144.284012
144.508942
144.366089
144.733887
144.805313
145.315948
145.244522
144.805313
144.662445
144.591034
144.591034
144.151825
143.994034
143.840515
145.076080
147.322266
150.079086
152.100311
152.007568
151.475616
148.901093
147.205002
146.101639
145.448151
145.091003
144.876740
144.805313
145.173096
144.948166
145.458801
145.458801
145.019592
145.091003
144.723221
144.651794
144.651794
141.951477
142.237167
143.472733
146.015274
148.700668
150.211273
150.996948
150.464996
148.983185
148.604736
147.205002
146.622925
146.337219
145.755157
146.122955
145.755173
145.458801
145.601654
145.601654
145.233856
145.376709
144.937500
144.937500
144.937500
139.980331
140.194611
141.797958
143.319214
145.422546
147.597305
148.822205
149.311523
149.361633
149.565247
149.483154
149.115372
148.533295
148.022659
147.951233
147.215668
146.919296
146.183716
145.815933
145.887344
145.519562
145.080353
145.519562
145.151779
138.080627
138.591263
139.316177
140.694595
142.144424
144.176331
146.208237
147.647400
149.086594
150.382904
150.954315
150.657959
151.025742
149.779526
149.850937
149.115372
147.940582
147.276428
146.397995
145.958786
146.030197
145.223206
145.223206
145.223206
136.762970
137.712830
138.294907
138.652023
139.887589
141.633789
143.297897
145.911865
148.443756
150.689926
152.139771
152.057678
152.568329
151.832748
151.168594
150.433014
148.819000
147.715637
146.540848
146.101639
145.662415
145.223206
145.223206
145.223206
137.927109
138.805542
138.437744
138.580597
139.091248
139.887589
141.337418
144.390610
146.851059
149.465042
151.057724
151.854065
152.507553
152.354034
152.129105
151.097168
149.115372
148.451218
147.276428
146.837219
146.101639
145.733841
145.733841
145.733841
141.062378
141.062378
140.183945
140.112518
139.091248
139.162674
139.959015
141.919495
144.165665
147.147430
148.229477
149.607880
151.282654
151.343430
151.629120
151.107819
149.565247
148.972519
147.869156
147.205002
146.837219
146.173065
145.733841
145.733841
145.290359
144.411926
143.390656
142.226517
140.112518
139.019821
138.652023
140.030441
141.480270
143.808533
144.819168
146.779633
149.107910
150.557739
150.986298
150.904205
150.382904
149.350967
148.390457
148.236938
147.644211
146.908646
146.173065
146.244476
148.711334
148.200684
146.668762
144.411926
141.715866
139.019821
138.069962
138.212814
139.376953
141.051727
141.623123
144.022827
146.493942
148.454407
149.465027
150.332809
149.882935
149.729431
149.279541
148.390457
147.940582
146.837204
146.173065
146.244476
151.693085
150.671814
149.068466
146.740189
143.462067
140.255371
138.212814
138.141388
138.580597
139.234100
139.591217
141.990921
144.901245
147.004578
148.311569
148.882965
149.311523
149.300873
148.850983
148.104752
147.654877
146.694351
146.030212
146.173065
153.796417
153.285782
151.171783
148.914948
145.126190
142.215851
139.591217
138.794876
138.509171
138.366333
138.580597
140.101868
142.869354
144.901245
146.351074
146.922485
147.493896
147.922455
147.983215
147.747620
147.369171
146.480087
145.887344
145.519562
155.603378
155.092743
153.417969
151.089706
147.372360
144.319183
141.990921
140.101868
139.019821
138.223480
137.855682
138.723450
140.541077
142.133774
143.583603
144.522797
145.533417
146.104828
146.676239
146.879852
146.276459
146.194382
145.233856
145.673080
157.635284
157.124634
155.082077
153.193039
149.914917
146.493927
144.462036
141.848068
140.112518
138.223480
137.273621
137.559326
138.794876
139.805511
141.255341
142.633743
143.276581
144.287201
145.297821
145.572876
145.776489
145.398026
144.876724
145.387375
158.574478
157.696045
156.460495
154.714294
151.436172
148.965057
146.493927
143.297897
140.980301
138.437744
137.345047
137.416473
137.702179
138.569946
139.069916
140.376907
141.458954
142.398163
143.847992
144.930038
144.837296
144.826630
144.744537
145.255188
158.492401
157.981750
157.256836
155.653488
153.396652
151.068390
148.965057
145.769012
142.940765
140.694595
139.019821
137.559326
137.262955
137.109451
137.323730
138.630707
139.498474
140.876892
141.816086
142.898132
143.980179
144.480164
144.326645
144.837280
158.635254
158.124603
157.542542
156.449829
154.846481
153.028870
151.436172
148.240143
144.901245
142.144424
140.326797
138.284241
137.334381
136.159592
136.231018
136.884506
137.680847
138.916412
140.294830
141.305450
142.826706
143.694473
143.980179
144.858612
158.338882
157.828247
157.685394
156.735535
156.082047
154.407272
152.886002
150.129181
146.718872
143.522842
141.194565
139.009155
137.109451
135.281158
135.209732
135.791794
136.445297
137.609421
138.844986
140.294830
142.183868
143.419434
144.144348
144.654984
158.410309
157.971100
158.196030
157.317596
156.735535
155.132187
154.050140
151.293320
147.443787
144.176331
142.215851
139.152008
137.109451
134.841949
134.188461
134.770523
135.720383
136.884506
138.120071
139.569901
141.826736
143.062302
143.787216
144.297867
158.410309
157.971100
157.899658
157.460449
156.510590
156.153473
154.192993
151.875381
147.586639
144.758392
142.287277
139.152008
136.741653
135.209732
133.749237
134.699097
135.209732
136.373871
137.537994
139.723419
141.683899
142.848022
143.644363
144.522797
