136.873856
137.527344
138.395111
141.162598
143.776550
146.901169
148.565292
149.718750
151.311447
151.882843
153.343353
154.518143
155.550079
156.071381
156.439163
156.367752
155.560745
154.753738
154.385941
153.507523
152.700516
151.893509
151.157928
150.790146
136.434631
137.088120
138.691467
140.651947
143.337341
146.319092
148.054642
149.208115
150.800812
152.250641
153.271927
154.078918
155.478653
155.999954
156.367737
155.999954
155.560745
154.753738
154.385941
153.578949
152.771942
151.964935
151.597153
151.229355
136.291779
136.945267
138.180832
140.437668
143.051636
145.665604
147.768936
148.993835
150.218735
151.229370
153.129074
153.568283
154.600220
155.192947
155.560730
155.632172
155.560745
154.753738
154.385941
153.578949
152.843369
151.964935
151.597153
151.229355
135.638290
135.852570
137.455917
139.273544
141.816086
144.869263
146.461960
148.197495
149.861603
150.872238
152.475586
153.354004
154.089584
154.753738
155.192947
155.192963
154.753738
154.385941
154.457367
153.650375
152.843369
152.475586
152.107788
151.740005
134.474152
135.056229
136.659576
138.109406
140.876892
143.858643
145.154968
146.819092
148.993835
150.075882
151.750656
152.261307
153.139725
154.018158
154.385956
154.825165
154.457367
154.457382
154.018158
153.721802
152.914795
152.986221
152.986221
152.618423
133.749237
134.331299
135.495438
137.680847
140.009125
142.480240
144.072922
145.808472
148.054642
149.647324
150.954315
151.607803
152.557663
153.139725
153.211151
154.089584
154.018158
153.650375
153.650375
153.721802
153.354004
153.057648
152.986221
152.618423
133.677811
134.188461
135.281158
137.027359
138.773560
141.612473
142.765930
144.501480
146.819092
148.779556
150.229401
150.954315
152.047028
152.261292
153.211151
153.650375
153.211151
153.211151
153.282578
153.721802
153.354004
153.793213
153.793213
153.425430
134.117035
134.699097
135.209732
136.813080
138.559280
140.376907
141.969604
144.072922
145.879883
147.544006
149.433044
150.300827
151.536392
151.893509
152.843369
153.282578
153.282593
152.771942
153.211151
153.211151
153.211151
153.721802
154.089584
153.354004
135.066879
135.138306
135.720367
136.813080
137.977219
139.723419
141.101822
143.205154
145.379913
146.747665
148.636719
149.718750
150.954315
151.822083
152.475571
152.914795
152.404144
152.332718
152.332733
153.139740
153.139725
153.211151
153.946732
153.650375
136.016739
135.281158
135.720383
136.741653
137.395142
138.559280
139.866272
141.530380
143.705139
146.247681
147.472580
149.433044
150.443680
151.822083
152.475586
152.475571
152.036362
151.893509
151.893509
152.700516
153.068298
153.436096
153.875305
153.507507
136.527374
135.791809
136.159592
136.598801
136.741653
137.395157
138.702133
140.662613
142.837372
145.012115
146.604813
148.636719
150.157974
150.800797
151.597153
152.475586
152.036362
151.893509
151.893509
152.771942
153.068298
153.436096
154.610886
154.243103
136.598801
136.231018
136.598801
136.527374
136.088165
136.231018
137.027359
138.987839
141.530380
143.776550
145.369247
147.472565
149.504486
150.218735
151.822083
151.964935
152.036362
152.036362
152.475571
152.771942
153.507523
153.803879
154.610886
154.243088
137.548660
136.670227
137.038025
136.455948
135.066879
135.066879
135.791809
137.313065
139.855606
142.398148
144.062256
146.237015
148.779556
149.933029
151.311447
152.332718
152.107788
152.107788
152.547012
153.282578
153.946732
154.243103
154.539459
154.539459
138.059296
137.620087
137.548660
136.455948
134.484818
134.413391
134.627670
136.148926
138.548615
140.723373
142.826706
145.369247
147.544006
149.575912
151.025742
152.189865
152.475586
152.179214
153.425430
153.721802
154.314514
154.171677
154.539459
154.539459
138.345001
137.905792
137.762939
136.966599
134.924026
134.270538
133.606384
134.984802
137.384491
139.416397
141.519714
144.062271
146.676239
148.779556
150.668610
151.536377
152.404160
152.618423
153.936081
153.864639
154.385956
154.243103
154.610886
154.539459
138.702133
138.630707
138.416428
136.741653
134.995453
134.638336
134.270538
134.770523
136.588150
138.620056
140.580521
142.755280
145.808472
147.911789
149.943695
151.322098
152.189880
153.354004
153.936066
154.232437
154.018158
153.946732
154.243103
153.803894
139.569901
139.498474
138.773560
137.466583
136.016739
135.148972
134.638336
134.995453
135.934647
137.016693
139.273544
141.376862
144.430054
147.044022
149.004501
150.525757
152.414810
153.650360
154.375290
154.303864
153.721786
153.578949
153.578949
153.507523
140.069885
140.294815
139.641327
137.823700
136.670227
135.731033
134.709747
134.924026
135.720367
136.220352
138.037979
140.437668
143.490860
145.665604
148.504517
150.168625
152.568329
153.946732
154.303864
154.743073
153.354004
153.282578
153.211151
152.771942
140.641296
140.866226
140.141312
138.762894
137.466568
135.945312
135.659607
135.291824
135.138306
135.934662
137.241638
139.641327
142.112442
144.726425
147.126114
149.300858
151.404190
153.364670
154.161011
153.864639
152.914795
152.914795
152.475571
152.475571
141.866196
142.019699
141.294785
140.212738
138.405777
137.180878
135.873886
135.434677
135.066879
135.352585
136.445297
138.334351
141.173248
143.205154
145.676270
148.290237
150.904205
152.936111
153.436096
153.354004
152.475571
152.107788
151.372208
151.372208
143.458878
143.244598
142.009048
140.855576
139.416397
137.680847
136.302444
135.577530
135.066879
135.138306
135.791809
137.466568
139.794846
142.194534
144.665649
147.351044
150.036438
151.771973
152.414810
152.771942
152.107788
151.004425
151.075851
150.636642
144.398071
144.183807
142.948242
141.723343
139.844940
138.405777
136.955933
135.791794
135.138306
134.995453
135.577530
136.813080
138.998505
140.958969
143.358673
146.115494
149.240097
150.679276
152.200531
151.893524
151.229355
150.197418
149.972488
149.972488
145.122986
144.908722
143.305359
142.009048
140.498444
138.620056
137.027359
135.863220
135.066879
134.556244
134.995453
136.598801
138.784225
140.305481
142.705170
145.829773
148.586609
150.536423
151.689896
151.822083
151.229355
150.197418
149.972488
149.972488
144.898056
145.122986
143.448212
142.080475
140.202072
138.691467
137.170212
135.863220
134.995453
134.924026
134.556244
136.088165
138.202148
140.162628
142.562317
145.390564
148.147400
150.097198
151.179260
151.750671
151.229355
149.829636
149.604691
149.604691
