141.890701
142.258499
141.380066
140.940842
140.287354
140.215927
139.266083
139.123230
138.244797
136.927155
136.487930
135.977295
135.609512
135.098862
135.170288
135.977295
135.905869
136.784302
138.101944
139.276733
140.451523
141.258530
141.258530
141.697754
141.155121
141.522919
140.940842
140.940857
140.358780
139.848145
139.337494
138.755432
137.948425
136.927155
136.559357
135.977295
135.680923
135.170288
135.098862
135.609512
135.538086
136.345078
137.223511
138.766098
140.380096
141.187103
141.187103
141.626312
140.787338
141.155121
140.644485
140.205276
139.255417
139.112564
138.601929
138.459076
137.580643
137.070007
136.630783
136.048721
135.313141
135.241714
134.802505
135.241714
135.170288
135.977295
136.416504
137.519867
138.766098
139.501678
139.501678
139.940887
139.316177
139.683975
139.173325
139.101898
138.152054
138.009201
137.937775
137.794922
137.284271
136.405853
136.702209
136.191574
135.823776
135.313141
134.873932
134.873932
134.731079
134.659653
135.098862
135.466660
136.641449
137.009232
137.009232
137.448456
137.845032
137.773605
137.773590
137.334381
137.120102
136.609467
136.905823
136.762985
136.323761
136.548706
136.038055
135.966629
135.527420
135.527420
135.016785
134.506134
133.484863
133.413437
132.974213
132.902786
133.638367
133.709793
133.709793
133.709793
136.006073
135.934647
135.934662
135.863235
135.720367
135.577530
135.802460
135.731033
136.027405
135.955978
135.813126
135.741699
136.109482
135.598846
134.791840
133.770554
132.749283
132.095779
131.288788
130.778137
131.145935
130.706711
130.706711
130.706711
135.638290
135.566864
135.199081
135.127655
134.984802
134.841949
135.577530
135.434677
135.363251
136.027405
135.955978
135.884552
135.813126
135.670273
134.863266
133.770554
132.749283
131.799423
130.849564
129.899719
129.899719
129.460495
129.460495
129.460495
135.270508
135.270508
135.270508
135.199081
135.127655
134.913376
135.281158
135.577530
135.873886
135.802460
135.659607
135.588181
135.955978
135.813126
135.302475
134.720413
133.259918
132.238632
131.656570
130.778137
130.410355
129.899719
129.899719
129.460495
135.709717
135.638290
135.638290
135.638290
135.566864
134.984802
135.281158
135.648956
135.577530
135.434677
135.731049
135.731033
136.027405
136.323761
135.741699
135.159637
134.506134
133.484863
132.974213
132.095795
131.656570
130.778137
130.778137
130.338928
136.077515
136.077499
136.077515
136.445297
135.638290
135.863220
135.352585
135.720383
136.016739
135.506104
135.802460
135.802460
136.098831
135.955978
135.813126
135.231049
135.384567
134.434708
133.924072
132.974213
132.167206
131.727997
131.727997
131.288788
136.813080
136.813080
136.813080
136.813080
136.006088
135.863235
135.791809
135.720383
136.016739
135.506104
135.802460
135.434677
136.098831
135.955978
135.884552
135.670273
135.455994
134.945358
134.434708
133.484863
132.677856
131.799423
131.799423
131.360214
137.477234
137.477234
137.477234
137.548660
137.109451
137.038025
136.527390
136.088165
135.945312
135.434662
135.434677
135.802460
135.659607
135.588181
135.077545
135.302475
135.159637
134.577560
134.506134
133.188492
132.749283
131.503052
131.942276
131.063843
138.580612
138.141388
138.580612
138.580597
138.212814
138.141388
137.262955
136.823746
136.313110
135.363251
135.363251
135.363251
134.852600
134.709763
134.709763
135.006119
134.863266
134.720413
134.209778
133.402771
132.085129
131.645905
131.645905
131.206696
139.244751
139.244751
139.244751
139.244751
138.437744
138.437744
137.559326
137.120102
136.241684
135.731033
135.291824
134.924026
134.413391
133.974182
134.341965
134.270538
134.566895
134.056259
133.545624
133.106415
132.227982
131.788757
131.788757
131.349548
139.101898
139.101898
139.101898
138.662689
138.734116
138.734116
137.855682
137.855682
136.977249
136.098831
135.659607
134.924026
134.484818
133.974182
134.045593
133.902756
134.270538
134.127686
133.617050
133.249252
132.370834
131.931610
131.931610
131.492401
137.345047
137.345047
137.345047
137.712830
138.152054
138.152054
137.712830
137.273621
136.905823
136.027405
135.659607
134.924026
134.484818
134.117035
134.117035
134.413391
134.413391
134.270538
133.831329
133.392105
132.952896
132.074463
132.074463
132.074463
135.955978
135.955978
135.955978
136.323761
136.691544
137.569977
137.569977
137.202194
136.834396
136.466614
136.027405
135.802460
134.924026
134.627670
134.627670
134.556244
134.556244
133.974182
133.974182
133.902756
133.095749
133.095749
132.217316
132.585114
135.077545
135.077545
135.077545
135.884552
136.620132
137.498550
137.498550
137.059341
137.130768
136.395187
136.466614
135.802460
135.434677
135.138306
134.699097
134.699097
134.995453
134.556244
134.117020
133.974182
133.606384
133.534958
132.656525
133.095749
137.345047
137.273621
137.273621
137.641403
138.376984
138.744781
138.305557
137.937775
137.569977
137.273621
136.466614
136.170258
135.434677
135.138306
135.138306
134.699097
135.066879
134.627670
134.556244
134.484818
134.117035
134.045609
133.167175
133.606384
143.494049
142.983414
142.544205
142.104980
141.962128
141.890701
140.573059
139.766052
138.959045
137.345047
136.977264
136.609467
135.802460
135.506104
135.506104
134.627670
135.066879
134.556244
134.117035
134.045609
133.677811
133.974182
133.534958
133.974182
149.275269
148.764633
147.886200
147.375565
146.057922
144.668854
142.911987
141.594345
139.469696
138.223480
137.416473
136.170258
136.170258
135.873886
135.506104
134.627670
134.995453
134.556244
134.045609
134.413391
133.974182
134.341965
133.902756
133.831329
154.178055
153.667419
152.788986
151.399918
149.643066
146.936340
144.740265
142.615616
140.419556
138.294907
136.977264
136.609467
136.170258
135.802460
135.802475
134.924042
134.995453
134.484818
134.484818
133.974182
133.534958
133.902756
133.902756
133.831329
156.884766
156.374130
155.056488
153.595993
151.399918
148.325409
145.618698
143.494049
140.419556
138.734116
137.416473
136.609467
136.170258
136.170258
135.802460
134.924026
134.924042
134.484818
134.413391
134.341965
133.902756
134.270554
134.270554
134.199112
158.130997
157.620361
156.302704
154.474426
151.910553
149.132416
146.057922
143.933273
140.490967
138.734116
137.487900
136.609467
136.170258
135.802460
136.170258
134.924026
134.924026
134.484818
134.413406
134.341965
133.902756
134.270554
134.270554
134.199127
