141.612473
141.101837
140.448334
139.355621
138.048645
136.516724
136.006073
137.027359
138.048645
138.548615
139.559250
140.487778
141.855530
141.905640
142.477036
142.762741
142.834167
142.834167
142.834167
142.762741
142.619888
142.844833
142.844833
142.844833
141.755310
141.244675
140.591187
139.866272
138.120071
136.148926
136.373871
137.027359
138.120071
138.548615
139.416397
140.416351
141.784103
142.273422
142.773407
142.691315
142.762741
142.834167
142.834167
142.762741
142.619888
142.916260
142.916260
142.916260
141.969589
141.458954
140.805466
140.009125
138.262924
136.588150
136.445297
137.027359
137.977219
138.405777
139.344971
140.273499
141.641251
141.987717
142.630554
142.548462
142.762741
142.834167
142.834167
142.762741
142.619888
142.916260
142.987686
142.987686
141.958939
141.816086
141.162598
140.294830
138.477203
137.098785
136.884506
136.955933
137.834366
138.559280
139.130692
139.916367
141.212692
141.702026
142.273438
142.701981
142.619888
142.762741
142.834167
142.905594
142.834167
143.130524
143.130524
143.130524
142.458923
142.387497
141.958939
140.651947
139.569901
138.048645
137.395142
137.691513
138.130722
138.273575
138.773560
139.487823
141.223358
141.273468
142.284088
142.784058
142.334198
142.323532
142.905594
142.977020
142.977020
143.784027
143.784027
143.855453
142.958893
142.887466
142.530350
141.448288
139.927032
138.702133
137.905792
137.691513
137.987885
138.059311
138.487854
139.059265
140.355591
141.141281
141.784103
142.355515
142.119919
142.619888
142.834167
143.048447
143.559097
143.926880
143.998306
144.069733
143.458878
143.244598
142.958893
141.876846
140.284164
138.987839
138.191498
137.762939
138.059296
137.987885
138.273575
138.773560
139.927032
140.712708
141.355545
142.437592
141.834213
142.334198
142.691315
143.784027
143.559097
143.998306
144.141159
144.212585
144.326645
143.744583
143.316025
142.305405
141.080505
139.784180
138.916412
138.345001
138.130737
137.987869
138.202148
138.559280
139.641327
140.723373
140.926987
141.569824
141.405655
142.048492
142.477051
143.201965
143.487656
144.069733
144.508942
144.212585
144.315994
144.173126
143.744583
143.101746
141.437637
140.212738
139.641327
139.069931
137.905792
138.059296
137.762939
138.416428
138.844986
139.855606
140.427017
141.509064
141.344879
142.059143
142.191330
143.426895
143.784027
143.926880
144.141159
144.212585
145.112335
144.458847
144.101715
143.530304
142.305405
141.080505
140.437668
139.427048
138.120071
138.202148
137.762939
138.202148
138.630707
139.498474
139.998459
140.641296
140.916336
142.069809
142.273422
143.212616
143.641174
143.855453
144.069733
144.141159
145.398041
144.815979
144.458832
144.326645
142.733963
141.509064
140.866226
139.712753
138.334351
137.905792
137.762939
138.130722
138.345001
139.141342
139.641327
140.284164
140.998413
141.712677
142.059143
142.998337
143.498322
143.855453
144.069733
144.141159
145.755173
145.173096
144.815964
144.387405
143.233948
142.009048
141.294785
140.141312
138.620056
138.120071
137.395142
137.691513
138.130722
138.784225
139.141342
139.927032
140.712723
141.498413
141.773438
142.855484
143.355469
143.712601
144.437515
144.508942
145.601654
145.530228
145.173096
144.673111
143.662506
142.437592
141.723343
140.498444
138.905746
137.895126
137.027359
137.620087
137.548660
138.427094
138.855652
139.498474
140.427017
140.844910
141.559174
142.641220
142.844833
143.641174
144.366089
144.437515
145.887360
145.815933
145.387375
145.030243
144.019623
143.305359
141.784103
140.855576
139.191452
138.180832
137.170212
137.252289
137.405807
138.284241
138.569946
139.212769
140.141312
140.630630
141.273453
142.059143
142.630554
143.498322
144.223236
144.733887
146.030212
146.397995
145.673080
145.244522
144.673111
143.591080
142.948242
141.284119
139.987808
138.466537
137.895126
137.466568
137.548660
138.284241
138.427094
139.069916
139.927032
140.273499
140.916336
142.141235
142.784058
143.355469
144.080383
144.519608
146.101624
146.469421
146.183716
145.898010
144.887390
144.315979
143.305374
142.009033
140.416351
139.262878
138.323685
138.191498
137.834366
138.427094
138.130722
138.998505
139.641327
139.844940
140.855560
141.712677
142.866150
143.437561
144.162476
144.305328
146.612274
146.540848
146.255142
146.408661
145.469452
144.969482
143.958847
142.805389
141.284119
140.202072
139.120026
138.620056
138.191498
138.345001
138.345001
138.927063
139.794846
139.784180
140.794800
141.651917
142.509018
143.519653
143.876770
144.091049
146.980072
146.908630
146.765778
146.040863
146.051529
145.551559
144.612350
143.601730
142.080475
140.998428
140.059235
139.120026
138.987839
138.702133
138.559280
138.927078
139.509140
139.866272
140.294830
141.151932
142.080460
143.233948
143.519638
143.805344
146.908630
146.908630
146.765778
146.551514
146.194382
145.765823
144.898056
144.326645
142.509018
141.866196
141.294785
139.916367
139.784180
138.987839
138.702133
139.366287
139.294861
139.509140
140.305481
141.601807
142.091125
143.244598
143.162521
143.376785
147.276428
146.837204
147.133575
146.551514
146.265808
145.980103
145.551544
144.244568
143.305374
142.294739
141.723343
140.416351
140.212738
139.344971
138.916412
139.366287
139.591217
139.591217
140.316147
141.101822
141.733994
142.887482
143.173172
143.019669
147.205002
147.133575
146.694366
146.919296
146.776443
146.122955
145.398041
144.969482
143.662491
142.723297
142.151901
141.212708
140.569870
140.437668
139.937698
139.876923
139.448364
139.673309
139.959015
141.112488
141.744659
142.458923
142.816040
142.662537
147.133575
147.133575
147.062149
146.551498
146.408646
146.265793
145.540878
145.183746
143.876770
143.080429
142.580444
142.009048
140.855560
140.651947
139.712753
139.876923
139.744736
139.898254
140.112518
140.826782
141.458954
142.173218
142.530334
142.744614
147.062149
147.062149
147.062149
146.551498
146.919296
146.337234
145.683731
145.326599
144.091064
143.223282
142.723297
142.591110
141.437637
140.723373
140.223389
140.755356
139.744736
139.755402
139.969666
140.683929
141.244675
142.398148
142.387497
142.601776
146.990723
146.990723
147.062149
146.551498
146.847870
146.337234
145.683746
145.326599
144.162476
143.733917
142.866150
142.223312
141.509064
140.794800
140.223389
140.316147
140.112518
140.123184
139.898254
140.612503
141.173248
142.694519
142.316071
142.530350
