135.648956
135.648956
135.281158
135.945312
135.577530
136.016739
136.088165
136.527374
137.477234
138.355667
138.498520
138.569946
138.712799
138.855652
139.069916
138.773560
138.477203
139.427048
139.130692
139.130692
140.080551
140.448334
140.448334
140.519760
135.577530
135.577530
135.648956
136.016739
135.648956
136.088165
136.231018
136.670227
137.620087
138.569946
138.712799
139.223434
139.366287
139.509140
139.212769
139.355621
139.059265
139.569901
139.273544
139.712753
140.223389
140.591187
140.591187
140.662613
135.648956
135.648956
136.159592
136.159592
135.791809
136.302444
136.445297
136.955933
137.977219
138.927063
139.069916
140.019775
140.162628
140.305481
140.448334
140.151978
139.855606
140.366241
139.630676
140.069885
140.580521
141.091171
141.458954
141.530380
135.791809
135.791809
135.863235
136.373871
136.516724
137.027359
137.241638
137.966553
139.059265
140.151962
140.294830
140.876892
141.387527
141.091156
141.601807
141.234024
140.937653
141.376862
141.080505
141.080505
141.662567
142.173218
141.733994
141.805420
136.231018
136.302444
136.445297
136.588150
136.873856
137.455917
137.813049
139.487823
140.355591
141.448303
141.733994
142.683853
143.123062
142.826706
143.337341
142.969559
142.601776
142.601776
142.305405
142.376831
142.519684
143.101746
143.101746
143.173172
136.373871
136.516724
136.659576
137.313065
137.670197
138.395111
138.895096
140.202087
141.651917
142.887482
143.540970
144.123032
144.562256
144.633667
145.072891
144.337311
143.826660
144.265884
143.969513
143.233932
143.816010
144.326645
143.958862
144.030289
136.516724
136.731003
137.241638
137.598770
138.098755
139.334305
139.834290
141.212708
142.223328
143.969528
144.183792
144.765854
145.205078
145.276505
145.715729
145.347931
144.837296
144.837280
144.469498
144.173141
144.387421
144.530258
144.162476
144.601685
137.170212
137.752274
137.598770
138.395111
138.966522
139.977142
140.477127
141.855530
142.794724
144.030273
144.683777
145.265839
145.705048
145.705063
145.776489
145.337265
144.898056
145.265839
144.898056
144.601700
144.376755
144.887390
144.519608
144.519608
138.191498
138.405777
138.252258
139.191452
139.905716
140.987762
141.119949
142.426941
143.662506
144.458832
144.744537
145.183762
146.062180
145.694397
146.062195
145.694397
145.255188
144.744537
144.887390
144.448181
144.662460
144.733887
144.733887
144.366089
138.405777
138.620041
138.905762
139.477158
140.191422
141.344894
141.477081
142.784073
143.876770
144.601685
144.887390
145.765823
145.837250
145.908676
146.347885
145.837250
145.469452
145.030243
144.662445
144.294662
144.437515
144.069733
144.069733
144.508942
138.334351
138.180832
138.834320
139.405731
140.559204
141.344894
141.844864
142.784073
143.876770
144.673126
144.958832
145.398041
145.980103
146.051529
145.612320
145.244522
145.244522
144.805313
144.805313
144.437515
144.580368
143.773376
143.773376
143.773376
137.752274
137.966568
138.180832
138.680817
139.691437
140.916336
141.784103
142.355499
144.030289
144.387421
144.815964
145.326614
145.908676
146.122955
145.755157
145.315948
145.019577
144.508942
144.508942
144.069733
144.580368
143.773361
143.773361
143.773361
136.659576
136.802429
137.384491
138.252258
139.120026
140.569870
141.509064
142.080475
143.458878
144.030289
144.387421
144.744537
145.398041
145.612320
146.122955
145.387375
145.019592
144.141159
144.508942
143.701935
144.069733
143.262726
143.630508
143.630508
136.006073
136.077515
136.659576
137.384491
138.109406
139.487823
140.794800
141.366211
142.887466
143.091095
143.958862
144.315979
145.112335
145.765823
145.469452
145.173096
144.437515
143.926880
143.926880
143.926880
143.855453
143.416229
143.048447
143.048447
135.056229
135.127655
135.638290
136.659576
137.752274
138.548630
139.784180
140.794800
141.876846
142.448257
143.387451
143.744583
144.469498
144.826630
144.898041
144.673111
143.937531
143.569748
143.498322
143.130524
143.498322
143.498322
143.059113
143.059113
134.545578
134.984802
135.056229
135.566864
136.955933
137.680847
138.773560
139.641327
141.091171
141.223358
142.458923
142.816040
143.173172
143.458878
143.601730
143.376801
143.080429
142.712646
142.784058
142.855499
142.926910
142.926910
143.069763
143.437561
134.034943
134.474152
134.545578
134.913376
135.863235
136.373871
137.395157
138.191498
139.937698
140.294830
141.091171
141.816086
142.030365
141.948273
142.091125
142.305405
141.641251
141.784103
142.294739
142.141235
143.019653
142.723297
143.305359
143.305374
134.034943
134.474152
134.474152
134.402740
134.770523
134.841949
136.159592
137.180878
138.416428
139.141357
139.866272
140.448334
140.662613
140.437683
140.651962
140.866226
140.641296
140.784149
140.998428
141.355560
142.305405
142.080460
143.030319
143.469543
134.034943
134.034943
134.034943
134.331299
134.699097
134.259872
135.066879
136.016739
137.180878
138.202148
138.855652
139.366287
139.141357
139.723419
139.866272
139.641327
139.416397
139.630661
140.212738
140.937653
141.591156
141.805420
142.387497
142.826706
134.545578
134.106369
134.474152
133.963516
134.331299
133.820663
134.699097
135.577530
136.598801
137.180878
138.130722
138.202148
138.273575
137.977219
138.487854
138.559280
138.702133
138.844986
138.987839
140.151978
140.734039
140.948318
141.530380
141.530380
135.056229
134.545578
134.177795
134.474152
134.034943
133.595734
134.331299
134.841949
135.352585
136.598801
136.670227
137.109451
136.741653
137.109451
136.813080
137.620087
137.323730
137.762939
137.977219
138.927078
139.580566
140.091202
140.673279
140.234055
135.127655
134.688431
134.688431
134.106369
133.738586
133.227936
134.402725
134.106369
134.913376
136.159592
135.791794
136.088165
136.088165
136.016739
136.455948
136.455948
136.895172
136.895172
136.966599
137.987885
138.569946
139.080582
139.591217
139.223434
135.566864
134.688431
134.688431
134.177795
133.738586
133.299362
134.034943
134.106369
134.841949
135.720383
135.281158
135.945312
135.066879
135.873886
135.873886
136.241684
135.802460
136.538040
136.680893
137.630753
138.212814
138.723450
139.234100
138.866302
135.127655
134.759857
134.759857
134.177795
133.370789
132.931580
134.034943
133.738586
134.474152
135.209732
135.209732
135.434677
134.995453
135.731033
135.363251
135.659607
135.659607
136.395187
136.538040
137.048676
138.069962
138.141388
139.019821
138.652023
