153.078964
153.957397
153.732452
153.139740
153.129074
153.046982
152.015045
151.208038
149.890396
148.644180
147.694321
146.673035
145.723190
144.926849
144.283997
143.723251
143.755249
143.194489
141.898163
139.866272
138.416428
137.109451
136.241669
135.731033
153.375336
153.885971
153.661026
153.507507
152.689850
153.046982
152.015045
151.208038
149.890396
148.644180
147.694321
146.744476
145.651764
144.926849
144.283997
143.794693
143.898087
142.826706
142.337387
140.376907
138.416428
137.109451
136.313110
135.731033
153.232468
153.743118
153.518188
153.364670
153.425430
153.046982
152.015045
151.208038
149.890396
148.644180
147.694321
146.815887
145.794617
145.069702
144.426849
143.937531
144.112366
143.847992
142.623077
140.519760
138.559280
137.252289
136.455948
135.873886
152.875351
153.825211
153.232468
153.150391
153.282593
152.975555
151.943619
151.575821
149.818970
148.572754
147.694321
146.815887
145.866028
145.283966
144.641129
144.662460
144.837280
144.205124
143.348007
141.244675
139.212769
137.395142
136.527374
135.945312
152.446793
153.396652
153.243134
153.671692
153.436096
152.904129
152.382828
151.575821
150.258179
148.572754
147.255112
146.887314
145.641098
145.426819
144.998276
145.019577
145.265839
145.072876
144.215775
141.969589
139.498474
137.609421
136.741653
136.159592
152.314606
152.968094
152.814575
153.314560
153.661041
153.200500
152.679199
151.943604
150.186768
148.940536
147.694321
146.519516
146.223160
145.712524
145.212555
145.744507
145.694397
146.379868
145.083542
142.398148
140.294830
137.895126
136.588150
136.813080
151.886047
152.468109
152.386017
152.957428
153.375336
152.914795
152.536346
151.800751
150.186768
149.011963
147.765747
147.397949
146.223160
146.151733
145.283966
145.958771
146.419312
146.808426
145.512100
143.194489
141.019745
139.059265
137.752274
137.537994
151.753845
151.968140
151.957474
152.968094
153.385986
153.068298
153.057648
152.097122
150.625977
149.451172
147.837173
147.469391
146.223160
146.080307
145.283966
146.030212
147.001373
147.094116
145.869232
143.623047
141.376862
139.784180
138.477203
138.334351
150.814667
151.028931
151.386063
152.468109
152.661072
153.078964
152.843369
152.393494
150.993759
149.665466
148.347809
147.469391
146.958740
146.305252
145.508911
146.030212
146.705017
146.940613
146.226364
143.980179
142.173218
140.580521
139.712753
139.569901
150.314682
150.600372
150.957520
152.039566
152.671722
153.089630
153.293243
152.250641
151.432983
149.736877
149.226242
147.980026
146.887314
146.162399
145.805267
146.030212
146.847870
146.858536
146.215698
144.480164
142.969559
141.376877
140.948318
140.366241
150.028976
150.243256
150.600388
151.753860
152.243179
153.100281
153.375320
152.404160
151.290131
150.472458
149.297668
147.980026
147.255112
146.530182
145.805267
146.101639
146.990723
146.705017
146.572830
144.837280
143.398102
141.805420
141.816086
141.673233
149.304062
149.150543
150.314682
150.957504
151.886047
152.743149
153.385986
152.557663
151.882843
150.840256
150.033249
148.787018
147.255112
146.969406
145.876694
146.244492
146.765778
146.622940
146.051529
144.755203
144.265884
142.744614
142.755280
142.541000
148.793411
148.936264
149.661179
150.671814
151.896713
152.682388
153.028870
153.007538
151.668579
151.065186
150.401031
149.154816
147.694321
146.969406
146.019547
145.948120
146.173065
146.030212
145.530228
145.112335
144.255219
143.612396
143.694473
143.112411
148.211349
148.354202
149.079117
150.018311
151.100357
152.325256
152.968094
153.089630
151.750656
151.290131
150.697388
149.451172
148.133545
146.969406
146.090973
146.530182
145.948120
145.876694
145.448135
145.030243
144.683777
144.112366
144.123032
144.051605
147.700714
148.282776
148.497055
149.364822
150.814667
151.896713
152.610962
152.732498
151.904175
151.882843
150.993774
150.186752
148.940536
147.847824
146.969406
146.530182
146.019547
145.948120
145.590988
145.315948
145.040909
144.469498
144.623016
144.480164
147.261490
147.772125
148.425629
149.150543
150.528961
151.171783
151.886047
152.375366
152.425476
152.036362
151.586487
150.483124
149.604691
148.654831
147.776398
146.969406
146.530182
146.458755
145.733841
145.091003
144.591034
144.458832
144.244568
144.469498
147.261490
147.332916
147.547195
148.639908
149.436249
150.375443
151.089706
152.018234
152.139771
152.189880
152.618439
151.147278
150.708054
149.829636
148.583420
147.776398
147.408615
146.530182
145.876694
145.305283
144.876740
143.937546
144.162476
144.091064
146.893707
147.332916
147.475769
148.129272
148.854187
150.018311
150.293365
151.221893
152.221863
152.711182
152.771942
152.179214
151.443634
150.636627
149.390411
148.215622
147.776398
146.897980
145.876694
145.448135
144.651794
143.855453
143.712601
143.201965
146.965134
147.332916
147.475769
147.986420
148.639908
149.364822
150.007660
150.496979
151.864716
152.793259
152.925461
152.404144
152.179214
151.372208
150.268845
149.094055
148.654831
147.337189
146.755127
145.590988
144.426849
143.262726
143.119873
143.048447
147.843567
147.843567
147.547195
147.914978
148.057831
148.711334
149.211304
150.068420
151.507599
152.803925
153.375320
152.557663
152.404144
152.179214
151.515060
150.340271
149.461838
148.144196
146.755112
146.101639
144.201920
143.476990
142.966370
142.894943
148.354202
148.354202
147.914993
147.843567
147.914978
147.986420
148.486389
149.272079
151.007614
152.303940
153.385986
153.078964
153.068298
152.546997
152.322067
151.147278
150.268845
148.583420
147.194336
145.733856
144.273346
143.323486
142.812851
142.741425
148.864838
147.986404
148.425629
147.843567
147.404343
147.475769
147.832901
149.057800
150.721924
152.457458
153.100281
152.864685
153.732452
152.986221
152.832703
151.657913
150.340271
148.951202
147.194336
146.173065
144.344772
143.394913
142.516495
142.445068
148.936264
148.425629
148.425629
147.843567
147.332916
147.404343
147.690048
148.843521
150.579056
152.243164
152.957428
153.161041
153.661026
153.721802
153.200500
152.025696
150.708069
149.390411
147.633560
146.244476
144.416199
143.537766
142.659348
142.587921
148.864838
148.425629
148.425629
147.843567
147.332916
147.261505
147.250839
148.772095
150.507629
152.171753
152.886002
153.528839
154.100250
153.793228
153.639709
152.464920
151.147278
149.829620
148.072769
146.683701
144.487625
143.537766
142.659348
142.587921
