144.569702
144.130493
144.569702
144.712555
145.590988
145.662415
145.958771
146.622940
146.480087
146.633591
146.205032
144.898056
143.887436
142.366165
141.651917
140.794800
140.744690
140.908875
140.255371
140.908875
140.826782
141.112488
141.694550
141.694550
144.569702
144.130493
144.569702
144.712555
145.590988
145.662415
145.958771
146.694366
146.480087
146.705017
146.276459
144.969482
143.958862
142.509018
141.723343
140.866226
140.816132
141.051727
140.398224
140.908875
141.265991
141.551697
141.255341
141.694550
144.569702
144.130493
144.569702
144.712555
145.590988
145.662415
145.958771
146.694366
146.622940
146.847870
146.419312
145.112335
144.173126
142.651871
142.009033
141.151932
141.101822
140.898209
140.541077
141.051727
141.265991
141.408844
141.551697
141.990921
144.130493
143.691284
144.130493
144.641129
145.590988
145.662415
146.030212
146.397995
146.694351
146.990723
146.633591
145.469467
144.458832
143.080429
142.437592
141.212692
141.162598
140.887543
140.898209
141.265991
141.337418
142.144424
141.776642
142.144424
144.426865
144.059067
144.059082
144.569702
145.151779
145.662415
146.101624
146.469421
146.837204
147.205002
146.847870
145.755173
144.448181
143.141190
142.866150
141.712677
141.366211
141.091171
140.958969
141.551697
141.776642
142.512207
142.369370
142.737152
143.987640
143.619858
144.059082
144.569702
145.151779
145.223206
145.733841
146.612274
146.980072
146.980057
146.765793
145.744507
145.244522
144.008972
143.508987
142.284088
142.009048
141.294785
141.458954
141.908829
142.287277
143.247803
143.033524
143.329880
143.987640
143.619858
144.059082
144.569702
145.151779
145.223206
145.733841
146.612274
147.122910
147.562119
147.715637
146.326569
145.969437
144.294678
143.794693
142.784058
142.069809
141.866180
141.958939
142.194534
142.430130
143.687012
143.104935
143.769089
143.987640
144.130493
144.130493
144.569702
144.783981
145.223206
146.173065
146.683701
147.122910
147.633545
147.419281
146.837204
146.112305
144.876740
144.448181
143.508987
142.569794
142.366165
142.458923
142.623093
143.155045
143.901291
143.176361
143.840515
143.691284
144.130493
144.641144
144.641144
145.151779
145.662415
146.540833
146.683701
147.633545
148.072769
147.490692
147.347855
146.622925
145.826584
144.662445
144.305328
143.366135
143.233948
143.101746
143.123062
143.512177
144.115570
143.829865
144.054794
144.130493
144.569702
144.712555
145.080353
145.151779
145.662415
146.173065
147.122910
147.633545
148.072769
147.929916
147.858490
147.133575
146.408661
145.244522
145.030243
144.233902
143.366135
143.530304
143.551620
143.940735
144.472687
144.186981
144.411926
144.641144
145.080353
145.080353
145.080353
145.151779
146.030212
146.908646
147.122910
147.633545
148.072769
148.072769
147.929916
147.205002
146.990723
145.530212
145.315948
144.591034
144.162476
144.030289
143.980179
144.369278
144.901245
144.104904
144.769058
145.008926
145.080353
145.080353
145.448135
145.519562
145.590988
146.540848
147.122925
147.265762
147.704987
147.704987
148.001343
146.980057
146.765793
146.112289
145.530228
144.876740
144.958817
144.458832
144.776520
144.869263
144.962006
145.044098
144.901245
145.008926
145.008926
145.008926
145.448135
145.519562
145.958771
146.540848
146.683701
147.337189
147.408615
147.847839
147.337189
147.490692
146.908646
145.887360
145.744507
145.530228
144.876724
145.183762
144.837280
144.930038
145.165634
145.319138
145.544083
145.376709
145.376709
145.376709
145.887360
145.887344
145.958771
146.540848
146.755127
146.969391
147.112259
147.551468
147.408615
147.194336
146.612274
146.469421
145.958786
145.305298
145.530228
145.540894
145.194427
145.430008
145.737030
145.890549
145.747696
146.255142
146.255142
146.255142
145.887360
145.887344
145.958771
146.540848
146.755127
146.969391
147.112259
147.551468
147.551468
147.337189
146.755127
146.612274
146.469421
145.958786
145.815933
145.387375
145.183762
145.490784
145.869232
145.583527
146.319107
146.694351
146.694351
146.694351
146.326569
145.958771
145.590988
146.173050
146.458771
146.673035
147.183685
147.622894
147.551468
147.776398
147.562134
147.051483
146.908630
145.662415
145.519562
145.601654
145.540894
145.480118
146.001419
146.154922
146.083511
147.501358
147.501358
146.765778
146.765793
146.030197
145.662415
145.876694
146.090973
146.744461
146.887314
147.326538
148.429901
148.144196
148.001343
147.490707
146.980057
145.662415
145.151779
145.305298
145.458801
145.469452
146.062195
146.287125
146.215698
147.940582
147.940582
147.205002
146.837219
146.101624
145.733841
145.580338
146.162399
146.815887
147.326538
147.765747
148.429901
148.654831
148.440552
147.858490
146.980072
146.173065
144.855408
144.641129
145.233856
145.387375
146.490738
146.347885
146.276459
148.379791
148.379791
148.083435
147.715637
146.612274
145.876694
145.580338
146.162399
146.815887
147.255112
147.765747
148.429901
148.654831
148.440552
147.929916
147.419281
146.244476
144.926834
144.783981
145.519562
145.673080
147.144226
146.705017
146.633591
148.451218
148.819000
148.083435
147.347839
146.683701
145.876694
146.090973
146.601608
147.183685
147.694321
148.062103
148.358475
148.654831
148.511978
147.562119
147.122910
146.315918
144.998260
144.926834
145.662415
146.255142
147.287079
147.726303
147.654877
148.083420
148.522644
148.154861
147.858490
147.122925
146.755127
146.458755
146.969391
147.480042
147.919250
147.990677
148.287048
148.215622
147.704987
147.633560
146.826553
146.019547
145.508911
145.437485
146.101639
147.133575
147.797714
148.236938
148.533295
148.522644
148.451218
148.083420
147.787064
147.490692
146.826553
146.897980
147.408615
147.847824
147.919266
148.287048
148.215622
148.215622
148.072769
147.633560
146.826553
146.090973
145.580322
145.508911
146.612274
147.572784
148.236938
148.236938
148.604736
148.154861
148.522644
148.154846
147.858490
147.562119
146.826553
146.897980
147.408615
147.847824
147.847839
148.287048
148.215622
148.215622
147.704987
147.265762
146.897980
146.090973
145.580322
145.508911
146.612274
147.644211
148.308365
148.676163
149.115372
148.154861
148.522644
148.154861
147.858490
148.001343
146.897980
146.897980
147.408615
147.847824
147.776413
148.215622
148.215622
148.215622
147.704987
147.265778
146.530182
146.162399
145.651764
145.580322
146.683701
147.715637
148.379791
148.747589
149.483170
