140.734039
141.101822
141.101822
141.398193
141.326767
141.326767
141.398193
141.398193
141.908829
141.837402
141.908829
141.980255
141.755325
141.826736
142.930115
142.858688
143.155045
142.940765
143.237137
142.726486
142.655075
142.583633
142.512222
142.583649
140.876892
141.244675
141.244675
141.173248
141.541046
141.541046
141.612473
141.612473
142.051682
141.980255
142.051682
142.123108
141.826736
141.969604
142.705170
142.562317
142.858688
142.715836
143.012192
142.501556
142.430130
142.358704
142.287277
142.358704
141.234024
141.601807
141.601807
141.530380
141.898163
141.898163
141.969604
141.969589
142.480240
142.480240
142.551666
142.623093
142.326721
142.398148
143.133728
143.062302
143.358673
143.215820
143.512177
143.001541
142.930115
142.858688
142.787262
142.858688
141.876846
142.244644
142.244644
141.805420
142.612427
142.612427
142.683853
142.683853
143.123062
143.194504
143.265915
143.337341
142.969559
143.040985
143.408768
143.408768
143.265915
143.194489
143.490860
143.051636
142.980209
143.276581
143.276581
143.348007
142.662537
142.662537
142.662537
143.030319
143.469528
143.101746
143.540955
143.612396
143.612396
143.755234
143.755234
144.265884
144.337311
144.040939
144.408737
143.969513
144.265884
143.826660
144.123032
143.755234
143.612396
143.612396
143.612396
143.612396
143.519638
143.887436
143.887436
143.887436
144.255219
143.887436
144.326645
144.469498
144.101715
144.244568
144.244568
144.755203
144.826630
144.458832
144.826630
144.458832
144.387421
144.387421
144.387405
143.948196
143.876770
144.244568
144.244553
144.244553
144.019623
144.019623
144.019623
144.019623
144.387421
144.458832
144.458832
144.601685
144.601685
144.744537
144.744537
144.815964
145.326599
144.958817
144.958817
144.591019
144.519608
144.519608
144.151810
144.151810
144.448181
144.080383
144.080383
144.080383
143.569748
143.569748
143.569748
144.008972
144.305328
144.376755
144.376755
144.008972
144.448181
144.080399
144.448181
144.958817
144.662445
144.662445
144.662445
144.294678
143.926880
144.366089
143.998306
144.437515
143.998306
143.998306
143.998306
143.998306
143.487656
143.487656
143.487656
143.416229
143.784027
143.784027
143.784027
143.784027
144.151825
144.151825
144.151825
144.591034
144.591034
144.294678
144.294678
143.926880
143.926880
144.069733
144.069733
143.701950
144.212585
144.212585
144.141159
144.141159
143.262726
143.262726
143.262726
143.191299
143.559097
143.487671
143.487671
143.416245
143.784027
143.712601
143.712601
144.151810
144.223236
144.223236
144.223236
143.855453
143.559097
143.701950
143.701950
144.141159
143.844803
143.844803
143.916229
143.916229
142.966370
142.966370
142.966370
143.334152
143.262726
143.191299
143.191299
143.487671
143.855453
143.784027
143.784027
143.784027
143.784027
143.784027
143.784027
143.855453
143.559097
143.701950
143.701950
143.844788
143.987640
143.987640
143.916214
143.916214
143.405579
143.405579
143.405579
143.334152
143.701950
143.701950
143.701950
143.191299
143.559097
143.487671
143.487671
143.487671
143.416245
143.784027
143.784027
143.926880
143.559097
143.701950
143.701950
143.844788
143.916214
143.916214
143.548431
143.548431
143.773361
143.773361
143.701950
143.701950
143.262726
143.262726
143.262726
143.630524
143.998306
143.487671
143.487671
143.416245
143.416245
143.416245
143.416245
143.487671
143.998306
144.069733
144.069733
143.773376
143.844788
143.916214
143.477005
143.477005
143.630524
143.630524
143.630524
143.701950
143.559097
143.630524
143.630524
143.630524
143.630524
143.559097
143.559097
143.487671
143.416229
143.416229
143.416229
143.487656
143.926880
143.998306
143.998306
143.701950
144.141159
143.844803
143.844803
143.844803
143.855453
143.855453
143.855453
143.926880
143.487671
143.559097
143.559097
143.630524
143.630524
143.559097
143.559097
143.487671
143.416229
143.416229
143.416229
143.487656
143.926880
143.998306
143.998306
143.701950
144.141159
143.844803
143.844803
143.844803
143.569748
144.008972
144.080383
144.151825
143.855453
143.926880
143.998306
144.069733
144.069733
143.701950
143.701950
143.559097
143.487656
143.487656
143.487656
143.559082
143.998306
143.998306
143.998306
143.701950
144.141159
143.405579
143.405579
143.405579
143.651840
143.723267
143.723267
143.937546
143.641174
143.855453
143.559082
143.630508
144.069733
144.141159
144.141159
143.630524
143.630524
143.559082
143.559082
143.559082
143.630524
143.630524
143.630524
143.701950
143.701950
143.773376
143.773376
143.773376
143.294708
143.366135
143.805344
143.580414
143.866119
144.008972
143.784027
144.366089
143.998306
144.508942
144.508942
143.630524
143.998306
143.559082
143.559082
143.559082
143.630524
143.630524
143.630524
143.701950
143.701950
143.773376
143.773376
143.773376
143.530304
143.233948
143.305359
143.519638
143.366135
143.651825
143.866119
144.008957
144.151810
144.662460
144.733887
143.855453
144.294662
143.487656
143.487656
143.487656
143.630524
143.630524
143.630524
143.701950
143.701950
143.773376
143.773376
143.773376
142.816040
143.255264
142.958893
143.173172
143.458878
144.183792
144.469498
144.244568
144.755203
144.969482
145.040909
144.305328
144.376755
144.008957
144.080383
144.151810
143.855453
143.926880
143.926880
143.998306
143.630524
144.141159
144.141159
144.141159
142.398148
142.837372
142.541000
143.265915
143.551620
143.908752
144.194458
144.847946
145.062225
145.205078
145.419357
145.122986
144.826630
144.601685
144.673126
143.937531
144.448181
144.080383
144.223236
143.998306
144.437515
144.141159
144.141159
144.141159
142.194534
142.265961
141.969604
143.062302
143.419434
144.144348
144.062271
144.347961
144.930023
145.583527
144.990799
145.644287
144.980133
145.123001
145.265839
144.601685
144.673126
144.376755
144.519608
144.294662
144.366089
144.508942
144.508942
144.508942
141.837402
141.908829
142.051682
143.144394
143.062302
144.297867
144.144348
144.869278
145.083542
145.369247
145.215729
145.869232
145.205078
144.980148
145.122986
144.530273
144.673126
144.376755
144.519608
144.294662
144.366089
144.508942
144.508942
144.508942
141.694550
141.765976
142.276627
143.001541
143.358673
144.155014
144.072922
144.358627
145.451324
145.665619
145.072876
145.726379
145.572876
145.347931
145.122986
144.458847
144.601685
144.376755
144.519608
144.294662
144.366089
144.508942
144.508942
144.508942
