133.024323
132.585098
132.881470
132.585114
132.513687
132.513687
133.024323
132.656540
133.095749
133.167175
133.238602
132.942230
133.156509
133.299362
133.370789
134.688446
135.495438
136.373871
137.987885
138.355667
139.459030
139.459030
139.898254
140.266037
133.024323
133.024323
132.513687
133.024323
132.952896
132.585114
133.024323
133.024323
133.167175
133.238602
133.310028
133.013657
133.156509
133.299362
133.370789
134.617020
135.495438
136.302444
137.548660
138.284241
139.019821
139.826828
139.826828
140.194611
133.024323
133.463531
133.024323
133.024323
132.952896
133.095749
133.534958
133.534958
133.238602
133.677826
133.749237
133.085083
133.156525
133.299362
133.370789
134.617004
135.495453
136.302444
137.548660
138.212814
139.019821
139.387604
139.826828
139.755402
133.534958
133.974182
133.463531
133.534958
133.534958
133.677811
133.677811
133.749237
133.820663
133.820663
133.892090
133.963516
134.034943
133.738571
133.738586
134.984802
135.424011
135.791794
137.038025
137.773605
138.437759
138.805542
139.244751
139.612549
134.413391
134.413391
134.413391
134.484818
134.117035
134.188446
134.259888
134.331314
134.331299
134.402740
134.402740
134.474152
134.474152
134.177795
134.177795
134.545578
134.913376
135.281158
136.088165
137.191528
137.927109
138.366333
138.734116
139.101898
134.924026
134.924026
134.995453
134.995453
134.331299
134.770523
134.841949
134.984802
134.913376
134.545593
134.545578
134.984802
134.913376
134.545593
134.106369
134.474152
134.402740
134.770523
135.138306
136.680893
137.487900
137.416473
138.152054
138.519836
134.924042
134.924026
134.995453
134.995453
134.770523
134.913376
134.984802
135.056229
134.984802
134.984802
134.617004
134.984802
134.913376
134.545593
134.474152
134.402725
134.259872
134.627670
134.995468
135.659607
136.466614
136.905823
137.273621
137.641403
134.484818
134.924026
134.924026
134.556244
134.331299
134.474152
134.545578
134.617020
134.617020
134.617004
135.056229
134.545578
134.841949
134.402725
133.892090
133.820663
134.117035
134.045609
134.413391
135.148972
135.588181
136.395187
136.323761
136.323761
134.045609
134.413391
134.117035
133.749237
134.331314
134.034943
134.106369
134.177795
134.545593
134.617004
134.617020
134.106369
133.963516
133.892090
133.820663
133.677811
133.974182
133.534958
133.902756
134.199112
135.077545
135.077545
135.445328
135.006119
133.534958
133.606384
134.045609
133.310028
133.452881
134.034943
134.106369
133.738586
134.177795
134.177795
133.738586
134.034943
133.524307
133.820663
133.677811
133.095749
133.463531
133.392105
133.688477
133.688477
134.127686
134.127686
134.127686
134.127686
133.167175
133.238602
133.238602
132.942230
133.452881
133.667160
133.299362
133.738586
133.299362
133.442215
133.738586
133.156509
133.524292
133.381454
133.238602
133.095749
133.392105
133.249252
133.177826
132.810043
133.249252
133.617050
133.249252
133.249252
133.534958
133.677811
133.238602
132.942230
133.452881
133.299362
132.420929
133.299362
133.370789
133.370789
133.299377
133.156509
133.085083
133.381454
132.799377
133.024323
132.513672
132.738617
132.299408
132.299408
132.738617
132.738617
132.738617
132.738617
133.238602
133.677811
133.310028
133.013657
133.156509
133.299362
132.931580
132.931580
132.931580
132.931580
132.788727
133.156509
133.085083
132.942230
132.799377
132.217316
132.442261
132.370834
132.299408
131.860184
131.860184
132.299408
132.227982
131.860184
133.310028
133.749237
133.310028
133.085083
133.156509
133.299377
132.492371
132.931580
132.931580
132.563782
132.349503
132.717300
133.085083
133.381454
132.870804
132.217316
132.074463
132.299408
131.492401
131.420975
131.420975
131.788757
131.420975
131.420975
133.310028
133.749237
133.381454
133.085083
133.156509
132.420944
132.420944
132.788727
132.492371
132.053146
131.910294
132.278076
132.574448
132.942230
132.799377
132.217316
132.074463
131.931610
131.563828
131.420975
131.053177
131.053177
131.420975
131.053177
133.381454
133.381454
133.381454
133.013657
133.085083
132.788727
131.981720
132.349503
132.349518
131.910294
131.838867
132.206665
132.135239
132.431595
132.727951
131.849533
131.778107
132.074463
131.196030
131.124619
131.124603
131.492401
131.492401
131.124603
133.381454
132.942230
132.942230
133.013657
132.574448
132.278076
132.278076
132.278091
131.838867
131.838867
132.135223
132.135239
131.624588
132.360168
132.288742
132.288742
131.778107
131.778107
131.706680
131.267456
131.706680
131.706680
131.635254
131.635254
133.381454
132.942230
132.942230
133.013657
132.503021
132.135223
131.767441
131.767441
131.696014
131.696014
131.696014
131.624588
131.553162
131.849533
132.217316
131.920959
131.849533
131.920959
131.849533
131.849533
131.849533
131.778107
131.778107
131.778107
133.381454
132.942230
132.942230
132.870819
132.503021
132.135223
132.063812
131.696014
131.553162
131.113953
131.185379
131.481735
131.481735
131.410309
131.778107
131.849533
131.920959
131.992386
131.920959
131.992371
131.992386
131.992386
131.920959
131.920959
133.749237
133.310028
133.310028
132.870804
132.431595
131.992386
132.431595
131.481735
131.410309
131.410309
131.042526
131.338882
131.267456
131.706680
131.706680
131.849533
131.920959
131.992386
132.063812
132.135239
132.135239
132.278091
132.645874
132.574448
133.749237
133.677811
133.310028
132.870804
132.360168
132.727951
132.288742
131.410309
131.338882
130.828247
130.828247
130.389038
131.124603
131.196030
130.828247
131.338882
131.920959
131.992386
132.135239
132.278091
132.349518
132.860153
132.860153
132.420944
134.117035
133.677811
133.677811
133.238602
132.727951
132.288742
132.217316
131.267456
131.267456
130.756821
130.756821
130.685394
131.053177
130.685394
130.756821
131.267456
131.849533
132.063812
132.206665
132.420929
132.492371
133.003006
133.074432
133.003006
134.117035
133.677811
133.677811
133.238602
132.727951
132.656540
132.217316
131.196030
131.196030
130.685394
130.685394
130.246185
130.542542
130.246185
130.685394
131.267456
131.849533
132.063797
132.206665
132.420944
132.492355
133.074417
133.145859
133.074432
134.117035
133.677811
133.677811
133.606384
132.656525
132.656525
132.585098
131.196030
131.124619
130.613968
130.246185
130.174759
130.542542
130.613968
130.756821
131.267456
131.849533
132.063812
132.206665
132.492371
132.492371
133.145859
131.460419
130.510559
