128.264389
128.632172
128.632172
129.142807
130.389038
130.828247
130.828247
131.338882
132.585098
132.656525
133.167175
133.310028
133.085083
134.177795
135.199081
137.098785
138.927063
141.123138
143.687012
147.354248
150.582260
152.564056
153.667419
154.617279
128.192963
128.703598
129.071381
129.510605
130.021240
130.756821
131.267456
131.706680
132.585098
132.585098
133.167175
133.310028
133.524307
133.738586
135.199081
136.730988
139.366287
141.123154
144.126221
147.354248
150.653687
152.931839
154.178055
154.985062
129.071381
129.439178
129.439178
129.949814
130.828247
131.196030
131.267456
132.074463
132.952896
133.024323
133.167175
133.677811
133.524307
134.617004
135.566864
137.098785
139.734070
141.633789
144.565445
148.232666
151.460678
153.810272
154.985062
155.863495
129.439178
130.246185
129.878387
130.317612
131.124619
131.563828
132.074463
132.513687
133.392105
133.831329
133.606384
133.677811
133.892090
134.545578
136.006073
137.537994
139.805496
142.440796
145.443878
149.111099
152.778320
155.567139
157.109711
157.988144
130.685394
131.124619
131.124603
131.931610
131.931610
132.442261
132.881470
132.881470
133.392105
134.199112
133.974182
134.117035
134.699097
135.352585
136.445297
138.416428
140.683929
143.319214
146.690094
150.428741
154.463760
157.620361
158.795151
160.041367
131.492401
131.931610
132.370834
132.370834
132.370834
133.320679
133.320679
133.759903
133.759903
134.199112
134.781174
134.556244
135.066879
135.791809
137.252304
139.152008
141.490936
143.829865
148.007736
152.114182
156.077774
159.744995
161.359009
162.166016
132.370834
132.442261
132.810043
132.881470
132.881470
133.320679
133.831329
133.831329
134.270538
134.638336
135.148972
135.291824
135.506104
136.527374
137.987885
139.959015
142.297943
145.004654
149.182526
152.849762
157.252563
160.848373
162.462372
163.269379
132.513687
132.585098
133.024323
133.024323
133.095749
133.167175
133.534973
133.974182
134.341965
134.709747
135.220398
135.659607
135.873886
136.895172
138.284241
140.255371
142.962097
145.668808
149.407471
153.881699
158.284515
161.512512
163.494324
164.301331
132.360168
132.799377
132.799377
132.799377
132.503021
132.942230
133.310028
133.677811
134.413391
135.220398
135.588181
136.098831
136.241684
137.191528
139.459030
141.287323
144.065460
146.700745
150.510834
154.545853
158.877228
162.033813
163.944183
164.894043
132.503021
132.206665
132.574448
132.206665
132.717300
132.717300
133.085083
133.452881
134.556244
135.291824
135.731033
136.905823
137.416473
137.927109
139.755402
141.951477
144.290390
147.364899
150.735764
155.506363
159.469955
162.258759
164.169128
165.415344
132.645874
132.717300
132.717300
132.278091
132.860153
132.860153
133.227951
133.595718
134.699097
135.434677
136.609467
137.048676
137.927109
138.805542
140.633820
142.829895
145.465195
148.100479
151.839142
156.241943
159.327103
162.483704
164.833282
165.272491
133.085083
133.595718
133.156509
132.860153
132.931580
132.931580
133.370789
133.738586
134.913376
135.648956
137.262955
138.069962
138.580597
139.755402
141.512253
144.076111
146.343613
148.836060
152.135498
156.538315
159.694901
162.412262
164.322647
165.201080
133.963516
134.034943
133.595734
133.738586
133.442215
133.442215
133.881439
134.249222
135.495438
136.231018
137.477234
138.284241
139.601883
140.848099
142.094330
145.025970
147.222046
149.643066
152.871078
156.538300
159.552048
162.269409
164.251221
164.690430
134.331299
134.474152
134.474152
134.177795
133.003006
133.074432
134.024292
134.831284
135.638290
136.884506
138.498520
139.744736
141.062378
142.308594
143.922607
146.486465
148.468262
150.817856
153.678070
156.834671
159.552048
162.197998
163.811996
164.179794
134.402740
134.474167
134.474152
134.617004
133.442215
133.513641
134.024292
135.270508
136.588150
138.273575
139.519791
140.766022
142.451447
144.504669
146.118683
148.539688
150.521484
152.360443
154.852875
158.009460
159.919830
162.197998
163.740570
164.108368
134.474152
134.474167
134.106369
134.177795
133.810013
133.881439
134.392075
135.341919
137.609421
139.366287
141.419510
143.104950
144.718948
146.700745
148.682541
151.103546
152.574707
154.413651
156.395447
158.673615
161.094620
162.933563
163.740570
164.108368
134.402725
134.402725
134.106369
134.106369
133.299377
133.810013
134.392075
135.852570
138.559280
140.755356
142.951431
145.372437
147.793457
149.775253
151.317841
153.595993
155.434937
156.834671
157.938034
160.287628
162.197998
163.301361
164.108368
164.547577
133.963516
133.963516
133.595734
134.034943
133.299362
133.738586
134.320648
137.098785
139.876923
142.144424
145.147507
147.568512
149.989532
152.706909
154.249481
156.456223
157.416733
158.887894
159.919830
161.830200
163.005005
163.740570
164.915375
164.915375
133.524307
133.524307
133.524307
133.524307
133.156509
133.667160
134.688431
137.466583
140.755356
143.901291
146.536575
149.764587
152.553391
155.270767
157.181137
158.877228
159.837738
161.237473
161.901627
163.005005
164.108368
164.986786
165.722382
165.722366
132.870804
132.942230
132.942230
132.574448
133.085083
133.667160
135.056229
138.345001
142.001572
145.147507
148.589798
151.817810
155.485046
158.570206
160.041367
161.737457
162.330185
163.219269
163.444214
164.986801
166.090164
166.529373
166.825745
166.825745
131.481735
131.920959
132.360168
131.992386
132.574448
133.595734
135.495438
138.712799
142.808578
146.832947
150.643021
153.942474
157.538269
161.062653
162.901581
164.158478
164.751190
165.272491
165.426010
166.529373
167.704163
167.704163
168.000534
168.000534
130.971100
131.410309
131.849533
131.553162
132.063812
133.524307
135.863220
139.080582
144.054794
147.639938
151.889236
155.924255
159.152283
163.044449
164.515594
165.843903
166.365204
166.447296
166.600800
167.336380
168.511169
168.878967
169.246750
169.246765
130.828247
130.899673
131.410309
131.481735
131.624588
133.524307
135.863220
139.519806
144.054794
148.518372
152.624817
156.802689
160.766281
164.290665
165.690399
167.090118
167.100784
167.182861
167.775604
168.511169
169.246750
169.614532
169.982330
169.982330
130.389038
131.267456
130.971100
131.410309
131.992386
133.524307
135.863220
139.519806
144.422592
148.886169
153.064026
157.609695
160.766281
164.290665
166.568817
167.897125
167.539993
167.622086
168.143372
168.511169
169.318176
170.053757
170.421539
170.421539
