140.480316
139.601883
138.723450
136.455948
134.188461
131.920959
131.481750
131.624603
132.645874
133.667145
134.177795
135.056229
136.231018
135.791809
136.159592
135.577530
134.924026
134.341965
133.902756
134.188461
134.259888
134.545578
134.688431
134.249222
140.041092
139.601883
138.723450
136.455948
134.188446
131.920959
131.481750
131.624588
132.645874
133.738571
134.106369
134.984802
135.791809
135.791809
136.527374
135.506104
134.852600
134.270538
133.902756
134.117035
133.892090
134.177795
134.617004
134.617004
140.041092
139.601883
138.284241
136.455963
134.188461
131.920959
131.481735
131.624588
132.645874
133.667160
134.106369
134.913376
135.352585
135.352585
136.088165
135.066879
134.852600
134.270538
133.831329
134.117035
134.627670
134.545578
134.617004
134.545578
139.530457
139.091248
137.845032
136.016739
134.188446
132.360168
131.920959
131.624588
132.645874
133.595718
134.034943
134.913376
135.281158
135.281158
135.577515
134.924026
134.341965
133.759903
133.759903
133.974182
134.627670
135.209732
135.281158
135.352585
138.652023
138.652023
137.334381
135.577530
134.188461
131.920959
131.849518
131.992386
132.574448
133.085083
133.963516
134.402725
134.402725
134.770523
134.627670
134.413391
134.199112
133.617050
133.617050
134.270538
134.924026
135.506104
136.016739
135.648956
138.141388
137.773605
136.895172
135.506104
133.749237
131.920959
131.920959
131.553177
132.503021
132.942230
133.452881
133.892090
133.820663
134.627670
134.484818
133.902756
133.249252
133.106400
133.545624
134.127686
135.148972
136.170258
136.680893
136.384521
137.630753
137.262955
136.823746
135.506104
133.749237
132.360168
131.920959
131.992371
132.503021
132.503021
133.381454
133.749237
133.820663
134.117035
133.974182
133.392105
132.738617
133.034973
133.402771
134.056259
135.077545
136.170258
137.048676
136.313110
136.384537
136.680893
135.945312
135.066879
133.749237
132.799377
131.992386
132.063812
132.503021
132.503021
133.013672
133.310028
132.870804
133.238602
133.534958
132.881470
132.595764
132.963562
132.963562
133.913406
135.006119
136.027405
136.538040
136.538040
135.434677
135.802460
135.363251
134.556244
133.749237
132.870804
132.431595
132.135239
132.503021
132.503021
132.503021
132.870804
132.431595
132.799377
133.024323
132.074463
132.156555
132.452911
132.963562
133.841980
134.934692
135.955978
136.466614
136.538040
134.924026
135.291824
134.924026
134.117035
133.749237
133.310013
132.063812
132.574448
132.135239
132.503021
132.135239
131.992386
132.360168
132.727951
132.585114
132.003036
132.156555
132.452911
132.892136
133.402771
134.863266
135.955978
136.027405
136.395187
134.484818
134.413391
134.045593
134.045609
133.749237
133.310028
132.942230
132.574448
132.503021
132.063812
132.063797
131.992386
131.920959
132.288742
132.585114
132.003036
132.156555
132.892136
133.331345
134.281204
135.231049
135.884552
136.323761
136.323761
133.974182
134.413391
133.606384
134.045609
133.310028
133.749237
132.942230
133.013672
132.503021
132.063812
131.992386
131.553162
132.360168
132.288742
132.217316
132.442261
133.034988
133.770554
134.138351
134.720413
135.670273
136.252335
136.323761
136.762970
133.606384
133.974182
133.606384
133.677811
133.749237
133.749237
133.820663
133.013657
132.942230
131.992386
131.920959
131.920959
132.360168
132.656525
132.217316
133.249268
133.984833
134.648987
135.088211
135.598846
136.109482
136.620117
136.762970
136.620132
133.095749
133.095749
133.606384
133.606384
133.238602
133.749237
133.749237
132.942230
132.870804
132.431595
132.288742
131.920959
132.360168
132.727966
132.656525
133.759903
134.495483
135.966629
136.038055
136.845062
136.548706
137.059341
137.130768
137.059341
133.095749
133.095749
132.727951
133.534958
132.799377
133.677811
133.677811
133.238602
132.870804
132.727951
132.288742
132.360168
132.431595
132.799377
132.799377
134.270538
135.006119
136.109482
136.548706
137.355698
137.059341
137.498550
137.569977
137.059341
132.217316
132.217316
132.288742
132.656525
132.656540
133.095749
133.534958
133.095749
133.095749
132.288742
132.656525
132.727951
132.870804
133.310028
132.942230
134.484818
135.220398
135.884552
136.252335
136.691559
137.427124
137.498550
137.498566
137.427124
131.338882
130.971100
131.338882
131.706680
131.706680
132.074463
132.881470
132.513672
132.513687
132.585114
132.656540
132.799377
133.013657
133.524307
133.524307
134.699097
134.995468
135.659607
136.027405
136.762970
137.569977
137.569977
138.305557
138.305557
130.531891
130.531891
130.899673
130.828247
131.563828
131.931610
132.299408
132.370834
132.442261
133.024323
133.095749
133.677811
133.524307
133.667160
134.034943
134.474167
134.770523
134.995468
135.802460
136.905823
137.641403
138.376984
138.744781
138.744781
129.653458
129.653458
130.021240
130.389038
131.124603
131.349548
131.788757
132.227982
132.299408
132.952896
133.095749
133.677811
133.524307
133.667160
134.177795
134.177795
134.913376
135.209732
135.945312
137.416473
138.519836
138.887619
139.623199
140.062424
128.846451
128.846451
129.214233
129.510605
130.246185
130.542542
131.349548
131.420975
132.003036
132.513687
133.095749
133.677826
133.524307
133.738586
133.809998
134.688446
135.056229
135.863220
136.966599
138.069962
139.612549
140.276703
141.012268
141.012268
128.407242
128.407242
128.407227
128.703598
129.806961
129.735535
130.981750
131.053177
132.003036
132.217316
132.727951
132.870804
133.156509
133.299362
133.442230
134.759857
136.006073
136.813080
137.916443
139.387604
140.562393
141.594345
141.962128
142.329926
127.600235
127.600235
127.600227
128.264389
128.999954
129.296326
130.174759
130.981766
132.003036
131.778107
132.727966
132.503021
132.717300
133.299362
133.442215
134.831299
136.077515
137.395142
138.498520
140.337463
141.880035
142.544205
142.911987
144.015350
127.600235
127.600235
127.600227
128.264389
128.999954
129.296326
129.806961
130.613968
131.635254
131.778107
132.727951
132.503021
132.717300
133.299362
133.442215
134.902710
136.220352
137.395142
138.937729
140.408890
142.390686
143.422623
143.351196
144.086777
127.600235
127.600235
127.600227
127.825165
128.560745
128.857117
130.174759
130.174759
131.267456
131.338882
132.727966
132.503021
132.717300
132.931580
133.074432
134.831284
136.220367
137.466583
139.448380
140.919525
142.390686
143.861847
143.861847
144.526001
