149.461838
149.901062
149.604691
148.501312
148.276398
147.244446
147.244446
147.173019
146.294586
146.223160
146.733795
147.458725
149.501282
150.961777
151.554504
150.758163
149.818970
148.665497
148.758240
149.075928
149.689972
149.854141
150.161163
149.946884
149.901062
150.340271
149.604691
148.869110
148.204956
147.540802
147.540802
146.733810
146.223160
146.151733
146.733810
148.194305
149.869064
151.258148
151.922287
151.054535
150.483124
149.329651
148.615387
148.861649
149.036484
149.272079
149.211304
149.364822
150.708069
151.147278
150.411682
150.043915
148.940536
147.837173
147.397949
147.326523
146.815887
146.744476
147.326523
148.419235
150.901016
152.218658
152.515015
152.015045
151.004425
149.411728
149.065262
148.504517
147.943771
148.036514
147.607971
147.393677
152.832703
153.271912
152.464905
151.290131
150.483124
148.797684
148.429901
147.919250
147.480042
147.408615
148.358475
149.890396
152.300751
154.057602
154.282547
153.271927
151.750656
150.454330
149.300858
147.790268
146.422516
145.708252
145.279694
144.626205
155.325150
155.325150
154.518143
153.200500
151.515060
149.758209
148.879776
148.440552
148.001343
148.369125
149.686768
151.586487
153.996841
156.192902
156.274994
155.632172
153.896637
151.354080
149.322189
147.004578
144.390610
142.797913
141.930145
140.908875
157.674728
157.235504
155.989288
154.600220
152.404160
150.504440
149.626007
148.308365
148.236938
148.604721
149.993805
152.332733
155.478653
157.603302
158.053192
156.531921
154.357162
151.375397
148.832855
145.708252
142.287277
139.887589
138.652023
137.630753
158.053177
157.174744
156.224899
154.396606
152.129105
150.157974
148.472534
147.890472
147.890472
148.258255
149.575897
151.914825
154.989334
157.185410
157.196075
155.674805
153.939270
150.589722
147.679382
144.329834
140.173294
137.845016
135.873886
135.220398
156.756851
156.685425
154.928574
153.468079
150.689926
148.718796
147.329727
146.379868
146.308441
146.676239
147.922455
149.822159
152.528870
154.582108
154.807037
153.357208
151.325302
148.557816
145.422546
141.776642
138.273575
136.088165
134.556244
133.677811
155.246246
154.367828
153.050171
151.518250
148.740112
146.697556
144.869263
144.287201
144.144348
144.512146
145.319138
147.586639
149.782715
151.539581
151.325302
150.089737
148.343536
145.647491
142.797913
140.173294
136.884506
134.474152
133.085083
132.206650
152.560852
152.050217
150.732574
149.129227
145.911865
143.940735
142.848022
142.265961
142.123108
142.490891
142.930115
144.615540
146.515259
148.200684
147.618622
146.525909
144.922577
142.440796
139.734070
137.834366
135.127655
133.299362
131.981720
131.174713
149.579102
149.068466
147.750824
146.515259
143.737122
141.694550
140.305481
139.723419
140.019775
140.755356
140.755356
142.072998
143.901291
144.851135
144.340500
142.880005
141.787292
139.448380
137.620087
135.863220
133.738586
132.420929
131.174713
131.174713
144.911911
143.962051
143.083618
142.287277
139.948349
138.416428
137.027359
137.323730
138.059296
138.427094
138.427094
139.305527
140.694595
141.205231
140.326797
139.305527
138.355667
136.455948
134.699097
134.331299
133.156509
132.278076
131.542511
131.542511
139.876923
139.366287
138.927078
137.762939
135.934647
134.770523
134.259888
134.556244
134.995453
135.802460
136.241669
136.313095
136.895172
137.405807
136.966599
136.016739
134.627670
133.167175
132.360168
132.431595
132.574448
132.574448
132.278091
132.278076
135.495438
134.984802
134.474152
134.259872
132.870804
131.849533
131.778107
132.952896
133.759903
134.199112
134.709747
134.709747
134.484818
134.117035
134.188446
132.799377
131.481735
130.899673
130.460464
131.042526
132.063812
132.431595
132.645874
132.942245
133.013657
132.942230
132.503021
132.288742
131.338882
130.756821
130.756821
132.003036
132.370834
133.249268
133.320679
133.320679
133.024323
132.656540
132.656525
130.971100
130.021240
129.439178
129.142807
130.460449
131.113953
132.360168
132.503021
132.942230
132.135239
132.063812
132.063812
131.920959
131.042526
131.338882
131.267456
132.145889
132.952896
133.392105
133.463531
132.952896
132.656540
132.217316
131.778107
130.460464
129.582031
129.071381
129.071381
130.021240
131.042526
131.481735
131.992386
131.992386
132.645874
132.206650
132.574448
132.063812
131.696014
132.063812
132.431595
132.942230
133.677826
134.117035
133.749237
133.606384
133.238602
132.727951
132.288742
130.971100
130.092667
129.949814
129.582031
129.653458
130.164093
130.603302
131.113953
131.042526
133.156509
133.227936
133.156509
132.788727
132.420929
132.860153
133.595734
133.299362
134.034943
134.841949
134.841949
134.259888
133.749237
133.238602
132.360168
131.410309
130.531876
130.092667
129.653458
130.092667
130.092667
130.092667
130.531891
130.164093
133.227936
133.227936
133.299362
132.931580
133.003006
133.442215
133.809998
134.320648
134.617004
134.984802
134.984802
134.402740
133.892090
133.238602
132.360168
131.410309
130.531891
130.092667
129.653458
129.214233
129.214233
129.653458
130.021240
130.021240
133.299362
133.738586
133.738586
133.442215
133.585068
134.024277
134.392075
134.392075
135.199081
135.566879
135.424011
134.913376
134.331314
133.749237
132.431595
131.410309
130.531876
130.021240
129.142807
129.142807
129.142807
129.510605
129.510605
129.439178
133.738586
133.810013
133.810013
133.881439
134.024292
134.463501
134.167145
134.534927
135.270493
136.077499
135.566864
134.984802
134.402725
133.820663
132.431595
131.410309
130.021240
129.582031
128.999954
128.999969
128.632172
128.928543
128.999954
128.999954
133.738586
134.177795
133.881424
133.952850
134.534927
134.606354
134.677780
134.974136
135.781143
136.077499
136.006088
135.056229
134.841949
133.892090
132.431595
131.410309
130.460464
129.071381
128.560745
128.560745
128.560745
128.928528
128.928528
129.296326
134.177795
134.249222
134.320648
134.392075
134.534912
134.677780
134.677780
135.045563
135.781143
136.148941
136.006088
135.495438
135.281158
133.892090
132.870804
131.410309
130.021240
129.071381
128.489319
128.489319
128.489319
128.857101
128.857101
128.857101
134.177795
134.249222
134.320648
134.392075
134.534927
134.677780
134.749191
135.116989
136.220352
136.588150
136.077499
135.495438
134.913376
133.963516
132.870804
131.410309
129.949814
129.071381
128.417892
128.417892
128.417892
128.785690
128.785690
128.785690
