162.699051
162.699051
162.699051
162.995422
163.363190
163.659561
164.395142
164.762939
165.498505
165.866302
165.284241
165.652023
165.580597
165.876953
165.876953
166.173325
166.541107
167.715912
167.715912
167.787323
166.683960
166.755386
166.755386
166.755386
162.331268
162.331268
162.331268
162.627625
162.995407
163.291779
164.027344
164.395142
165.498505
165.866302
165.723450
166.091248
166.019806
166.316177
166.316177
166.612534
166.980331
167.348114
167.348114
167.419540
166.683960
166.755386
166.755386
166.755386
162.331268
162.331268
162.331268
162.259842
162.995407
163.291779
163.659561
164.027359
164.762939
165.130722
164.987869
165.355667
165.284241
165.580597
165.580597
165.876953
166.244751
166.612549
166.612549
166.683960
165.948380
166.019806
166.019806
166.019806
161.595688
161.595688
161.595688
161.892044
162.331253
162.627625
163.363190
163.802414
164.466568
164.466568
164.762939
165.130722
165.059296
165.355667
165.355667
165.652023
166.091232
165.652023
165.652023
165.723450
165.355652
164.987869
164.987869
164.987869
161.667114
161.667114
161.667114
161.667114
162.474121
162.770477
162.770477
163.138260
163.873840
163.802429
164.098785
164.098785
164.834351
165.130722
165.130722
165.059296
165.059296
164.691498
164.691498
164.762939
163.955933
163.588135
163.588135
163.588135
161.002960
161.002960
161.002960
161.002960
161.738525
162.106323
162.106323
162.841904
163.281113
163.209686
163.945267
163.873840
164.170212
164.098785
164.098785
164.098785
164.098785
164.170212
164.170212
163.802429
162.995422
162.627625
162.627625
162.627625
161.002960
161.002960
161.002960
161.002960
161.881378
162.249176
162.249176
162.616974
162.984756
162.841904
163.577484
163.506058
163.873840
163.802429
163.802429
163.802429
163.802429
163.434631
163.434631
163.066833
162.627625
162.259827
162.259827
162.259827
161.145813
161.145813
161.145813
161.513596
161.881378
162.249176
162.249176
162.616959
162.616959
162.984741
163.720322
163.209686
164.384491
164.313065
164.313065
164.313065
164.313065
163.945282
163.945282
163.506058
163.066833
162.699051
162.699051
162.699051
161.585022
161.585022
161.585022
161.952805
161.952820
162.688385
162.320602
162.688385
163.495392
162.984756
163.352539
163.648911
164.455902
164.384491
164.384491
164.823700
164.752274
164.752274
164.752274
164.313049
163.434631
162.995422
162.995422
162.995422
162.024231
162.024231
162.024231
162.392029
162.392029
163.127609
163.127609
163.495392
163.495392
163.791763
163.791763
164.088120
164.527328
164.823700
164.823700
165.191483
165.120056
165.120056
165.120056
164.680847
164.170212
163.730988
163.730988
163.730988
162.463455
162.463455
162.463455
162.392029
162.392029
163.127609
163.127609
163.495392
163.495392
163.791763
163.791763
164.088120
164.527328
164.823700
164.823700
165.191483
165.120056
165.120056
165.120056
164.680847
164.170212
163.730988
163.730988
163.730988
162.902664
162.902664
162.902664
162.902664
162.902664
163.638245
163.199036
163.566818
163.934601
164.230972
164.230972
164.455902
164.895126
165.191498
165.191498
165.120056
165.048630
165.416428
165.416428
164.977203
164.395142
163.955933
163.955933
163.955933
163.413300
163.413300
163.413300
163.341888
163.781097
163.709671
163.709671
164.006042
163.934601
164.598755
164.598755
164.895126
165.262909
165.120056
165.120056
165.048630
165.345001
164.905792
164.905792
164.762939
164.323715
164.252289
164.252289
164.252289
163.781097
163.781097
163.781097
163.709671
164.148880
164.077454
164.077454
164.373825
164.302399
164.966553
164.966553
165.262909
165.559280
165.416428
165.416428
165.345001
165.202148
164.762939
164.762939
164.691513
164.252289
164.180878
164.180878
164.180878
163.934601
163.934601
163.934601
163.495392
164.373810
163.934601
163.934601
164.230972
164.159546
164.823700
164.823700
165.120056
165.559280
165.416428
165.416428
165.345001
165.569946
165.130722
165.130722
165.130722
164.691513
164.620087
164.620087
164.620087
163.648895
164.088120
164.088120
163.720337
164.159546
164.598770
164.527344
164.895126
164.823700
165.120056
165.120056
165.048645
165.855637
165.345001
165.712784
165.712799
165.641357
165.202148
164.834351
164.762939
164.323715
164.252289
164.252289
164.252289
163.291779
163.659561
164.098785
163.730988
164.241638
164.680847
164.680847
165.048645
164.977203
164.977203
164.977203
165.273575
165.345001
166.009155
165.712799
165.712799
165.712784
165.202148
165.273560
165.202148
164.834351
164.762939
164.762939
164.762939
161.913361
162.281158
162.720367
163.231018
163.373871
164.252289
164.323715
164.691513
164.691513
164.691513
164.691513
165.498505
165.569931
165.937729
165.641357
166.009155
166.080566
166.080566
166.152008
165.345001
165.273575
164.905792
164.905792
164.905792
159.003036
159.442245
159.810043
160.759888
161.413391
162.802460
163.313095
163.752304
163.752304
164.262955
164.262955
164.773590
165.212814
165.652023
165.794876
165.937729
166.009155
166.009155
166.591217
165.784210
165.345001
164.977203
164.977203
165.048645
153.978714
154.417923
155.367783
156.317642
157.849564
159.749268
160.770554
161.720413
162.598846
162.670258
162.813126
163.762970
164.345032
164.855682
165.509171
166.091232
166.673309
166.376938
166.959015
166.223419
165.855637
165.120056
165.191483
165.191483
148.954407
149.465042
150.414886
152.314590
153.846527
156.696091
158.085159
159.177872
160.566940
161.220428
162.538086
162.823776
163.916473
164.498550
165.152039
166.244751
166.898239
167.112518
167.255371
166.223434
166.294861
165.191483
165.191483
165.262909
144.654999
145.165634
146.554703
148.454407
151.303986
153.785767
155.756897
157.288818
159.117096
160.649017
161.670303
162.395218
163.487930
163.845062
164.866333
166.030472
167.194611
167.041092
167.255371
166.591217
165.927063
165.262909
165.334351
165.405762
142.837372
143.348007
144.001495
146.340424
149.629211
152.550201
154.521332
156.053253
158.392181
159.924103
160.945389
162.180939
163.345078
163.630783
164.723480
165.887619
167.051758
167.408890
167.623169
167.030426
166.366272
165.262909
165.334351
165.405762
141.305450
141.887512
143.348007
145.686935
148.536499
152.335922
153.939270
155.910400
157.881546
159.413467
160.434753
162.038086
163.202225
163.559357
164.723480
165.887619
167.490967
167.776672
167.990936
167.398224
166.437714
165.334335
165.405762
165.477188
