138.794876
138.866302
138.937729
138.712799
138.487854
138.120071
138.048645
137.477234
136.977249
136.109482
136.038055
136.027405
136.598801
136.291779
136.434631
136.363205
135.852570
135.638290
135.056229
133.595734
132.503021
131.113953
130.603302
130.460464
138.723450
138.794876
138.498520
138.641373
138.345001
137.680847
137.609421
137.038025
136.538040
136.477280
136.477280
136.027405
136.231018
136.291794
136.434631
136.363205
135.781143
135.638290
134.984802
133.595734
132.503021
131.042526
130.603302
130.531876
137.773590
137.916458
138.355667
138.130722
137.834366
137.538010
137.466583
136.966599
136.466614
136.109482
136.109482
136.027405
136.159592
136.220367
136.291779
136.291779
135.709717
135.495438
134.913376
133.452881
132.360168
131.042526
130.460464
130.828247
136.752319
136.823746
136.895172
136.670227
136.302444
136.373871
136.373871
136.384521
136.098831
135.741699
135.741699
136.098816
136.016739
136.006073
136.148941
136.077515
135.495438
135.281158
135.138306
133.310028
132.217316
130.828247
130.317612
130.317612
135.291824
135.802460
135.363251
135.506104
135.577530
135.648956
135.577530
135.434677
135.148972
135.006119
135.445328
136.027405
135.945312
135.863235
136.302444
135.791794
135.281158
135.066879
134.484818
133.095749
132.442261
130.685394
130.542542
130.542542
134.199112
134.341965
134.341965
134.413391
134.413391
134.556244
134.852600
134.781174
134.709763
135.077545
135.588181
136.098831
135.506104
135.648956
136.088165
135.577530
134.995453
134.781174
134.199112
132.810043
131.860184
130.471115
130.399689
130.399689
133.320679
133.392105
133.320694
133.831329
133.392105
133.902756
134.270538
134.341965
134.341965
134.781174
134.852600
135.363251
135.066879
135.648956
135.648956
135.066879
134.852600
134.638336
133.617050
132.667191
131.788757
130.838913
130.767487
130.399689
132.442261
132.513687
132.881470
132.952896
132.881470
132.881470
133.320679
133.463531
133.974182
134.045609
134.556244
134.995453
135.138306
135.209732
135.138306
134.117035
133.902756
133.688477
133.106415
132.227982
131.278122
130.767487
131.135269
130.767487
131.706680
132.513687
132.074463
132.513672
132.442261
132.442261
133.249252
132.952896
133.606384
133.749237
133.892090
134.331299
134.770523
134.770523
134.770523
133.749237
133.024323
132.370834
132.227982
131.717331
130.838913
131.206696
131.206696
130.838913
131.778107
132.217316
132.145889
132.513672
132.370834
131.931610
133.249252
133.024323
133.606384
133.892090
133.963516
134.402725
134.545578
134.402725
134.402725
133.310028
132.656540
131.563828
131.788757
131.788757
130.910339
131.349548
131.278122
130.910339
132.063812
132.799377
132.727951
133.095749
132.513687
132.442261
133.320679
133.463531
134.117035
133.963516
134.545578
134.545578
135.056229
134.545578
134.913376
133.452881
132.727951
131.267456
131.492401
131.492401
131.053192
131.563828
131.492401
131.563828
133.667160
134.034943
133.892090
134.556244
133.974182
134.270538
134.709763
134.413391
135.138306
134.913376
135.495438
135.566864
135.638290
135.199081
135.199081
134.545578
133.013657
131.920959
131.778107
131.849533
131.778107
131.920959
132.288742
132.360168
135.638290
135.638290
135.566864
136.159592
135.506104
135.731033
136.098831
136.241684
136.016739
136.670227
136.006073
136.148926
136.659576
136.363205
135.852570
135.199081
134.106369
132.278076
132.574448
132.574448
132.645874
133.156509
133.156509
133.156509
137.313065
137.241638
137.098785
137.691513
136.966599
137.120102
137.120102
137.120102
137.334381
137.109451
136.884506
137.027359
137.977219
136.945282
136.434631
135.781143
134.688431
133.299362
133.227936
132.860153
133.370789
133.442215
133.513641
133.442215
137.966568
138.334351
138.191498
137.905792
137.548660
137.702179
137.630753
137.559326
137.262955
137.405807
137.109451
137.323730
137.834366
137.241638
136.802429
135.781143
134.759857
133.810013
133.370789
133.003006
133.513641
133.656494
133.585068
133.656494
139.059265
138.620056
138.477203
138.120071
137.691513
137.334381
137.120102
136.977249
136.680893
137.120102
136.384521
136.966599
137.548660
137.323730
136.884506
135.934647
134.545578
133.227936
133.227936
132.860153
133.442215
133.145859
133.145859
133.217285
139.273544
138.834335
138.620056
137.895126
136.955933
136.895172
136.170258
136.027405
136.027405
135.884552
135.588181
136.098831
136.680893
136.823746
136.895172
135.648956
134.259888
133.452881
133.013657
132.717300
132.860153
132.563782
132.635208
132.635208
138.977173
138.466537
138.252258
137.455917
136.516724
135.648956
135.291824
135.077545
134.934692
135.231049
135.231049
135.813126
135.516754
136.027405
136.170258
135.434677
134.484818
133.238602
132.870804
132.574448
132.278076
132.420944
132.053146
132.492371
138.762909
138.180832
137.966553
137.241638
136.373871
135.066879
134.781189
134.495483
134.791840
134.281204
134.720413
135.231049
135.373901
135.516754
135.955978
134.852600
133.902756
133.095749
132.727951
132.431595
132.135239
131.767441
131.399658
131.910294
138.120071
137.609421
137.905792
136.741669
135.945312
135.220398
134.566910
134.424057
134.352631
134.281204
133.913406
134.934692
135.077545
135.148972
135.220398
134.413391
133.463531
133.024323
132.145889
132.217316
131.481735
131.185379
131.185379
131.185379
137.845032
137.773605
137.630753
136.680893
135.955978
134.934692
134.791840
133.913406
134.352631
134.056259
133.688477
134.709747
134.413391
135.291824
134.924026
134.413391
133.463531
132.952896
131.635254
131.706680
130.899673
130.971100
130.971100
130.603317
137.273621
137.273621
137.130768
136.252335
135.670273
134.720413
134.281204
133.841980
133.984833
133.759903
133.759903
134.781189
134.556244
134.627670
134.117035
133.606384
133.463531
132.442261
131.492401
131.563828
130.756821
130.389038
130.389038
130.389038
136.987915
137.355698
136.845062
135.966629
135.455994
134.577560
134.138351
133.841980
133.984833
133.759903
133.902756
134.413391
134.188461
134.259888
133.820663
133.606384
133.024323
132.370834
131.492401
131.420975
130.246185
130.246185
130.246185
130.246185
136.845062
136.845062
136.773636
135.966629
135.384567
134.577560
134.138351
133.841980
133.984833
133.392105
133.463531
134.045609
134.556244
134.259888
134.188446
133.606384
132.585114
132.003036
131.420975
131.420975
130.613968
130.246185
129.806961
130.246185
