143.630524
143.630524
143.630524
143.559097
143.998306
143.998306
144.069733
144.580368
144.723221
145.162430
145.530228
145.458801
145.683746
145.908676
145.551559
144.908722
143.530304
143.326691
141.437637
140.212738
138.620056
138.487854
137.323730
137.252304
143.630524
143.630524
143.630524
143.559097
143.998306
143.998306
144.069733
144.580368
144.723221
145.162430
145.530228
145.458801
145.755157
145.980103
145.551559
144.980133
144.040939
143.030319
142.019699
140.355591
139.130692
138.630707
137.905792
137.323730
143.630524
143.630524
143.630524
143.559097
143.998306
143.998306
144.069733
144.580368
144.723221
145.162430
145.530228
145.458801
145.755157
145.980103
145.551559
145.122986
144.623016
143.683807
142.673187
141.009079
139.855606
138.844986
138.120071
138.416428
143.701935
143.701935
143.701935
143.630524
143.630524
144.069733
144.069733
144.212585
144.723221
145.162430
145.530228
145.458801
145.826599
146.051514
145.694397
145.776489
145.051559
144.990799
143.540970
141.948273
140.723373
140.080551
139.427048
139.212769
143.405579
143.405579
143.405579
143.701935
144.069733
144.069733
144.069733
144.580383
145.091003
145.162430
145.091003
145.898010
145.387375
146.122955
146.347900
146.133606
145.919342
145.490784
144.919373
143.694473
142.101791
141.458954
140.294830
140.519760
143.405579
143.405579
143.405579
143.701935
143.701935
144.069733
144.069733
144.141159
144.651794
144.723221
144.723221
145.530228
145.458801
146.194382
146.490753
147.226318
146.715668
146.501404
145.929993
144.705093
143.408768
142.837357
141.744659
141.826752
143.405579
143.405579
143.405579
143.701935
143.701935
144.069733
144.069733
144.141159
144.651794
144.651794
144.723221
145.530228
145.458801
146.194382
146.122955
147.001373
146.929962
146.715683
145.847916
145.062225
143.765900
143.194504
142.030365
142.183884
143.334152
143.334152
143.334152
143.262726
143.262726
143.701935
143.701935
143.701935
144.212585
144.284012
144.284012
145.091003
145.019577
145.826584
145.755157
146.194382
146.562164
145.612320
145.622971
144.398071
143.173172
142.601776
141.437637
141.662567
142.823517
142.823517
142.823517
142.752090
143.262726
143.262726
143.191299
143.262726
143.773376
143.844788
143.773376
144.651794
145.019592
145.387375
145.387375
145.826599
145.387375
145.173096
144.744537
143.294708
142.876816
141.569824
141.141266
140.998428
142.609238
142.609238
142.609238
142.609238
142.752090
142.752090
142.752090
142.823517
143.334152
143.773376
143.773376
144.212585
144.580383
144.948166
144.948166
144.948166
144.876740
143.855453
143.937546
142.487701
141.702026
141.273468
140.477127
140.334274
142.109253
142.180679
142.180679
142.323532
142.466385
142.170013
142.609238
142.680664
143.191299
143.630524
143.701935
144.141159
144.580383
144.948166
144.948166
144.948166
144.366089
143.784027
143.498322
142.048477
141.405655
140.905670
140.180756
140.109329
142.344849
141.977051
142.416275
142.191345
142.477051
142.252106
142.394958
142.609238
143.119873
143.191299
143.262726
143.701935
144.580383
144.580383
144.508942
144.437531
143.855453
143.641174
142.916260
141.977066
141.405655
140.977097
140.691391
140.180756
142.366180
142.069809
141.844879
142.059143
142.416275
141.966400
142.180679
142.394958
142.977020
143.487671
143.559097
143.773376
144.141159
144.141159
144.069733
143.998306
143.712601
143.059113
142.773407
141.834198
141.773453
140.977112
140.762833
140.691406
142.091141
141.794769
141.569824
141.926956
142.284088
141.977066
142.262772
142.548462
142.762741
143.273392
143.487671
143.630524
143.701935
143.701935
143.630524
143.487671
143.201965
142.916260
142.559128
142.130569
141.773453
141.416321
141.273468
141.202042
141.519730
141.294785
141.437637
141.794769
141.784119
141.548508
142.201996
142.119919
142.405609
142.987686
143.201965
143.487671
143.119873
143.559097
143.487671
143.344818
143.130539
142.844833
142.559128
142.201996
141.916306
141.630600
141.487747
141.416321
141.019745
140.794815
141.009079
141.294785
141.723343
141.416321
142.141235
142.059143
142.416275
142.559128
143.284058
143.130524
143.273376
143.416245
143.344818
142.905594
143.059113
142.477051
142.262772
142.344849
141.762787
141.916290
141.773453
142.069809
140.223389
140.366241
140.509094
140.427017
140.784149
141.284134
141.569824
141.926956
141.916290
142.569794
142.855499
142.773407
142.548477
142.762741
142.834167
142.834167
142.691315
142.548462
142.477051
142.191345
141.977066
142.201996
142.130569
142.426941
139.498474
139.937698
139.712753
139.927032
140.212738
141.080505
141.366211
141.723343
141.712677
142.069809
142.355515
142.273422
142.191345
142.477036
142.987686
142.252106
142.180679
142.180679
142.109253
142.334198
142.191345
142.416275
142.344849
142.273422
138.702133
138.773560
138.844986
139.059265
139.344971
140.069885
140.355591
140.712723
140.702057
141.498413
141.784103
141.334229
141.323578
141.977051
142.191330
141.966400
141.527191
141.966400
142.037827
142.262772
142.119919
142.487701
142.416275
142.344849
137.977219
137.977219
138.048645
138.191498
138.334335
138.620056
139.273544
139.559250
139.916367
139.905701
140.630630
140.619965
140.609314
140.966446
141.180725
141.394989
141.098633
141.609268
141.312912
141.609268
141.977066
142.344849
142.273422
142.201996
137.180878
136.813080
137.252304
137.395142
137.098785
137.680847
137.823700
138.477203
138.834335
139.191452
139.477173
139.466507
139.895050
139.884399
140.241516
140.823593
140.670074
140.812943
141.323563
141.323563
141.323563
141.252136
141.252136
141.252136
136.159592
136.527374
136.231018
136.670227
136.302444
136.813080
136.516724
137.241638
137.895126
138.180832
138.609390
138.966522
139.027283
139.016617
139.812958
140.027237
139.873734
140.527222
140.598663
140.670090
141.109299
141.109299
141.109299
141.109299
136.016739
135.506104
136.016739
136.088165
136.016739
136.159592
136.231018
136.884506
137.537994
137.895126
138.252258
138.609390
138.741577
138.659500
139.088058
139.741531
139.659454
140.312943
140.455811
140.527237
140.966446
140.966446
140.966446
140.966446
135.506104
135.506104
135.945312
136.016739
135.577530
135.577530
135.720383
136.741653
136.955933
137.752289
138.109406
138.466537
138.527298
138.516647
139.016632
139.670120
139.148819
140.241516
140.384384
140.455811
140.966446
140.966446
140.966446
140.966446
