137.180878
136.813080
136.813080
136.445297
136.077499
135.781143
135.781143
136.445297
137.252304
137.252304
137.987885
137.548660
137.477234
137.038025
136.159592
136.231018
135.791794
135.352585
135.281158
135.281158
135.138306
135.506104
135.506104
135.434677
137.180878
136.813080
136.813080
136.445297
136.148926
135.709717
135.709717
136.077499
136.884506
137.180878
137.916443
137.477234
137.038025
137.038025
136.159592
136.231018
135.352585
135.352585
135.720367
135.648956
135.209732
135.506104
135.577530
135.506104
137.180878
136.813080
136.813080
136.445297
135.638290
135.638290
135.638290
135.566864
136.373871
136.670227
137.405807
136.598801
136.159592
136.159592
135.281158
135.352585
134.913376
135.352585
135.281158
135.281158
135.209732
135.577530
135.648956
135.506104
136.741653
136.741653
136.302444
135.934647
135.495438
135.127655
135.056229
134.984802
135.791809
135.281158
135.648956
135.577530
134.699097
134.770523
133.892090
134.402725
134.402725
134.913376
134.841949
134.913376
135.281158
135.791809
135.720383
135.720383
136.670227
136.302444
136.231018
135.863235
134.913376
134.106369
134.034943
134.402725
134.331299
133.892090
134.188461
133.749237
133.310028
133.310028
132.942230
133.381454
133.524307
133.963516
134.474152
134.545578
135.352585
135.495438
135.934647
135.934662
136.741653
136.373871
136.373871
135.424011
134.913376
134.034943
133.524307
133.524307
133.749237
132.942230
133.238602
132.799377
132.288742
131.920959
131.920959
132.063812
133.013657
133.452881
134.106369
134.177795
135.056229
135.638290
136.077515
136.006073
137.098785
136.731003
137.027359
136.148926
135.127655
134.617004
134.106369
133.595734
133.820663
132.942230
132.870804
132.360168
131.849533
131.481735
131.410309
131.920959
132.503021
133.452881
133.963516
134.545578
135.056229
136.077499
136.516724
136.077499
138.037979
137.670197
137.598770
136.648911
136.363205
135.413345
134.831284
134.688431
134.474152
133.963516
133.381454
132.870804
131.849533
131.410309
131.778107
131.849533
132.799377
133.310028
134.331314
134.474152
135.424011
135.638290
136.516724
136.445297
139.191452
139.191452
139.048599
138.027313
137.373825
136.720337
136.506058
135.923996
135.638290
135.056229
134.402725
133.820663
133.167175
132.656525
132.145889
132.585114
133.167175
133.310028
134.259872
134.770523
135.352585
135.934662
136.813080
136.445297
140.344925
140.273499
140.130646
139.109375
138.384460
138.027313
137.445251
137.159546
136.873856
136.731003
135.566864
134.913376
134.117035
133.974182
133.024323
133.024323
133.534958
134.117035
134.995453
135.138306
135.720383
136.231018
136.741653
136.813080
141.426971
141.355545
140.773483
140.559204
139.834290
139.477158
138.823669
138.466537
138.180832
137.966553
136.802429
136.006073
134.402725
134.556244
134.045609
133.974182
134.045609
134.556244
135.434677
135.138306
136.016739
136.231018
137.109451
136.670227
142.069809
141.998383
141.855530
141.202042
140.548553
140.559204
139.834290
139.987793
139.702087
139.416397
138.180832
137.384491
136.516724
135.720383
135.138306
134.995453
135.363251
134.995453
135.873886
135.506104
136.016739
136.159592
136.527374
136.159592
142.273422
142.273422
142.498367
142.723297
141.630585
141.712677
141.426971
141.141266
140.784149
140.427017
140.069885
138.762894
137.895126
137.027359
136.373871
136.088165
135.945312
135.945312
135.873886
135.506104
135.945312
136.016739
136.016739
135.648956
143.284042
143.212631
143.069778
143.294708
142.641220
142.794724
142.141235
142.662537
142.305405
141.948273
141.151932
140.651947
138.905746
137.966553
137.609421
137.323730
137.038025
136.527374
136.016739
136.016739
135.945312
135.945312
135.434677
135.577530
143.569748
143.569748
143.498322
143.723251
143.141205
143.733932
143.009003
143.162521
143.244598
142.958908
142.601761
141.662582
139.916382
138.905746
138.548630
137.752289
137.466583
136.813080
136.670227
136.088165
135.945312
135.945312
135.434677
135.066879
143.784027
143.784027
143.712601
144.008957
143.426895
143.723267
143.508987
143.294708
143.448227
143.091095
142.733963
141.866180
140.927002
139.548584
139.559250
138.323685
137.966553
137.170212
136.955933
136.302444
135.720383
135.648956
135.434677
135.138306
143.855453
143.855453
143.416229
144.223236
143.712601
144.008972
143.426895
143.651840
143.508987
143.223282
142.937576
142.069809
141.202042
139.823639
139.762863
138.895096
138.098755
137.670197
137.313065
136.588150
135.863220
135.720367
134.699097
135.138306
143.926880
143.926880
143.926880
143.926880
143.855453
143.784027
143.712601
143.641174
143.498322
143.723267
142.998352
142.273438
141.844864
140.466461
140.405701
139.098709
138.230942
137.659531
137.302399
136.506058
136.077499
135.424011
134.841949
134.770523
143.926880
143.926880
143.926880
143.998306
144.366089
144.069733
143.998306
143.926880
143.855453
144.151825
143.498322
142.701981
141.905640
140.966446
140.466461
139.159470
138.659500
137.648865
137.220322
136.352554
135.852570
135.638290
134.984802
134.913376
144.366104
144.366104
144.437531
144.141159
144.069733
144.212585
144.141144
144.141159
144.141159
144.437515
143.855453
142.691315
142.405609
141.098633
141.037872
140.027252
138.648834
137.638214
137.577454
136.638245
136.209702
135.852570
135.270508
135.127655
144.805298
144.437531
144.437531
144.580383
144.948151
144.212585
144.212585
144.723221
144.794647
144.355438
144.141159
143.416245
142.252106
141.894974
141.027206
140.016586
139.077393
138.066772
137.495361
136.923950
136.056198
136.138275
135.484787
135.341919
144.876740
144.876740
144.876740
144.580383
145.019592
144.723221
144.723221
144.794647
144.866074
144.498276
144.355438
143.262726
142.466385
141.741455
140.873703
140.302292
138.923874
138.281052
137.341858
136.770447
136.270462
135.913345
135.699051
135.556213
145.244522
144.876740
144.876740
144.580383
145.019592
144.723221
144.723221
144.937500
145.008926
144.641129
144.498276
143.405579
142.680664
141.587952
141.087982
140.077347
139.066727
137.688324
137.484711
136.474075
136.413315
136.056183
135.841904
135.627625
145.683731
145.315948
145.315948
144.651794
145.091003
144.794647
144.794647
144.937500
145.008926
144.712555
144.498291
143.477005
142.752075
142.027161
140.791611
140.148773
138.770370
138.127533
137.556122
136.545517
136.413315
136.056183
135.841904
135.770477
