166.326828
166.326828
166.326828
166.837479
166.908905
167.419540
167.419540
167.490967
167.490967
167.562393
166.459030
166.305511
165.273575
165.048645
164.680847
164.313065
163.873840
163.802429
163.802429
163.802429
163.802429
163.802429
163.802429
163.802429
165.959045
165.959045
165.959045
166.541107
166.612534
167.123169
167.123169
167.194611
167.194611
167.266022
166.530457
166.305511
165.273575
165.048645
164.680847
164.313065
163.506058
163.434631
163.434631
163.434631
163.434631
163.434631
163.434631
163.434631
164.998535
164.998535
164.998535
165.876953
165.948380
166.459030
166.459030
166.530457
166.459030
166.530457
165.794876
165.569931
164.537994
164.313065
163.945282
163.577484
163.138275
163.066833
163.066833
163.066833
163.066833
163.066833
163.066833
163.066833
163.670227
163.670227
163.670227
164.180862
164.252289
165.130722
165.130722
165.130722
165.130722
165.130722
164.762924
164.537994
163.434631
163.209686
162.841904
162.841904
162.402695
162.331268
162.331268
162.331268
162.770477
162.770477
162.770477
162.770477
162.188416
162.188416
162.188416
162.556198
162.627625
163.066833
163.066833
163.434631
163.291779
163.363205
162.995422
162.627625
162.331268
162.034897
161.667114
161.667114
161.738525
161.667114
161.667114
161.667114
161.667114
161.667114
161.667114
161.667114
160.931534
160.931534
160.931534
161.299316
161.370743
161.738525
161.738525
162.106323
161.595688
161.595688
161.595688
161.227905
160.931534
160.563751
160.563751
160.563751
161.002960
161.002960
161.002960
161.002960
161.370743
161.370743
161.370743
161.370743
160.338806
160.338806
160.338806
160.706589
160.778015
161.145813
161.145813
161.145813
161.002960
161.002960
161.002960
160.635178
160.267380
159.828171
159.828171
159.828171
160.635162
160.635162
160.635162
160.635162
161.002960
161.074387
161.074387
161.074387
160.553070
160.553070
160.553070
160.920868
160.553070
161.288666
161.360077
161.360077
160.849457
160.778015
160.778015
160.410233
159.971024
159.531799
159.899597
159.899597
159.899597
160.267380
160.267380
160.338806
160.706589
160.706589
160.706589
160.706589
160.992294
161.360077
161.360077
161.360077
161.431519
161.799301
161.870728
161.431519
161.360077
161.063721
160.624512
160.185303
160.113861
159.603226
159.603226
159.971024
159.531799
159.899597
159.899597
159.971024
160.410233
160.410233
160.410233
160.410233
162.095657
162.095657
162.095657
162.095657
161.727875
162.095673
162.238525
161.799301
161.870728
160.695938
161.063721
160.624512
160.553085
160.042450
160.042450
160.410233
159.971024
160.338806
160.338806
160.410233
160.410233
160.481659
160.481659
160.481659
161.595673
161.595673
161.595673
162.034897
161.738525
161.738541
161.881393
161.952820
161.727875
160.992294
160.992294
160.992310
160.920868
160.410233
160.410233
160.410233
159.971024
160.778015
160.778015
160.849457
160.849457
160.920868
160.920868
160.920868
161.249207
161.249207
161.320648
161.392059
161.534912
161.606354
161.820618
161.595673
161.738525
161.585022
162.095673
161.656448
161.656448
161.217239
161.217224
162.024231
161.217224
161.656448
161.656448
161.727875
162.167084
162.238525
162.238525
162.238525
160.249252
160.688477
160.759888
160.534958
160.677811
161.259872
161.106354
161.392075
162.045563
162.034897
162.545547
162.616959
162.688385
162.759811
162.759811
162.831238
162.831238
162.902664
162.463455
162.974091
163.045517
163.116943
163.116943
163.116943
158.810074
158.881500
159.392151
159.167206
158.870850
159.963562
160.249252
160.238586
160.963516
161.831284
162.484772
162.556198
162.699051
162.770477
162.913330
163.352539
162.984756
163.127594
163.056183
163.199036
163.709671
163.781097
163.781097
163.341888
156.563904
156.563904
156.778168
156.849594
156.696091
157.278152
157.563858
157.992416
158.860184
159.656525
160.381439
160.595718
161.106354
161.320648
161.831268
161.974136
162.045563
162.188416
162.188416
162.402679
162.913330
162.984741
163.056183
163.056183
153.367859
153.000076
153.142929
153.214340
152.917984
153.132263
153.417969
154.285736
155.082077
156.021271
156.746185
157.399689
157.613953
158.196030
158.410309
158.553162
159.503006
159.717285
160.227936
160.881424
161.534912
162.045563
162.116989
162.116989
149.364822
148.925613
148.997040
148.629242
148.332886
148.404297
148.618576
149.118561
150.354126
151.221893
152.018234
153.182373
153.396637
154.560776
154.775055
155.428558
155.642822
156.153473
156.806961
157.971100
159.063797
159.645874
160.227936
160.667145
145.576065
145.504639
145.136841
144.626205
144.258423
144.258423
144.104904
144.901245
145.769012
146.636795
147.433136
148.597260
148.882965
149.975677
150.700592
150.986298
152.007584
152.589645
153.314560
154.989334
156.082047
157.542542
157.756821
158.196030
142.808578
142.808578
141.930145
141.858719
141.419510
140.980301
140.683929
141.480286
142.644409
143.440750
143.797882
144.594223
144.879929
146.044067
146.329773
146.983261
148.443756
149.025818
150.189957
151.057724
152.589645
154.050140
154.264420
154.775055
140.398224
139.887589
139.887589
139.305527
138.866302
138.284241
138.355667
139.009155
139.294861
139.580566
139.866272
140.591187
140.805466
141.091156
141.744659
142.326721
143.419434
144.001495
145.094208
146.329758
147.126114
148.586609
149.168671
148.872314
138.569946
138.059296
138.059296
137.916443
136.895172
136.680893
136.241669
136.752319
136.966599
137.548660
137.323730
137.098785
136.873840
136.648911
136.863190
137.445251
138.834320
139.416397
140.141312
140.937653
142.469589
143.194489
143.705139
143.408768
136.884506
136.813080
136.670227
136.527374
135.873886
135.291824
135.077545
135.077545
135.659607
135.731033
135.066879
133.892090
134.106369
133.442230
133.585068
134.463501
135.413361
135.995422
137.088135
137.445251
138.170181
138.823669
139.334305
139.037949
135.934647
135.863220
135.720383
135.945312
134.852600
134.638336
134.056259
134.056259
134.127686
134.127686
133.392105
132.656540
131.992386
131.256805
131.399643
132.278076
133.227951
134.177795
134.392075
134.749191
135.913345
136.638245
137.148895
136.852539
135.424011
135.352585
135.720383
135.066879
134.341965
133.688477
133.913406
133.841980
133.545624
133.545624
132.738617
131.563828
131.778107
130.603317
130.674744
131.185379
132.135223
133.085098
133.738586
134.095718
135.259842
135.474121
135.984756
135.688385
