163.019928
162.509293
161.488007
160.977371
159.006226
157.770660
155.728104
153.614120
151.132339
149.671844
148.782745
148.536499
148.872299
150.086548
150.800797
151.157928
151.882858
152.832703
152.168549
151.657913
150.708054
150.125992
150.054565
149.615356
162.805649
162.805649
162.223587
161.273727
159.302597
157.842102
155.870972
153.756973
151.132339
149.671844
148.854187
148.465073
149.240097
150.015121
150.729370
151.086502
151.811432
152.393494
152.168549
151.657913
150.708054
150.197418
150.125992
149.686783
163.326950
163.255524
162.377106
161.498657
159.302597
158.281311
155.942383
153.828400
151.642975
149.814697
148.854187
148.393646
149.025818
149.729416
150.811462
150.872223
151.668579
152.393494
152.168549
151.657913
150.708054
150.197418
150.125992
149.758209
163.930344
163.858917
163.123337
161.580750
159.598969
158.424164
156.156662
154.042664
151.489471
149.886124
149.293396
148.322220
149.250763
149.300858
150.382904
150.586533
151.454300
152.322067
151.800766
151.729340
150.779480
150.268845
150.268845
149.829636
164.687241
164.390869
163.726715
162.469849
160.702316
159.006226
156.810165
154.696167
152.142960
150.171829
149.364822
148.618591
149.261414
149.168671
149.443710
150.157974
151.240021
151.811432
151.729340
151.800766
151.290131
150.779480
150.708054
150.340271
165.515564
164.851410
163.890900
163.216080
160.927261
159.445450
157.463654
154.981873
152.796448
150.314682
149.436249
148.914948
148.904282
148.597260
149.607880
150.097214
150.954315
151.668579
151.729340
151.800766
151.729340
151.218689
151.218689
150.850906
166.047516
165.383362
164.565704
163.523102
161.519989
159.374023
157.535080
155.124725
152.939301
151.335968
150.314682
149.650528
149.057800
149.047150
149.179337
149.668655
151.036407
151.454300
151.586487
151.800766
151.729340
151.361542
151.361542
150.993759
166.211700
165.618958
164.801300
163.533768
161.673508
159.670380
157.902863
156.003143
153.889160
151.918030
150.896744
150.089737
149.721954
149.568436
149.629211
150.118530
151.189911
152.047028
151.882858
152.097122
152.168549
151.800766
151.872192
151.504395
166.518707
166.293777
165.108322
163.840790
162.123367
160.263107
158.199219
156.442368
154.471222
152.867874
151.918030
150.896744
150.386108
149.650513
150.079071
150.200607
151.711212
152.200531
152.475586
152.393494
152.536346
152.239975
152.239975
152.382828
166.386520
166.672226
165.118988
164.290665
161.837662
159.977402
158.352737
157.177948
155.349670
153.889160
152.867889
151.775177
151.121689
150.682465
150.600372
151.089706
152.161087
152.354050
152.629089
152.546997
152.904129
152.239975
152.750626
152.822052
166.979248
166.457947
165.640289
164.004959
162.287537
159.988068
158.874039
157.402893
156.156662
154.839020
153.817749
152.725037
151.928680
151.346619
151.264526
151.243210
152.243179
152.436127
152.711182
152.332718
152.761292
152.975555
152.750626
152.822052
166.611465
166.386536
165.129639
163.790680
162.369629
160.437927
159.323914
157.995605
156.963669
155.860291
155.278229
154.114105
152.807114
152.153625
151.928680
151.468155
152.325256
152.446793
152.721832
152.414810
152.986206
152.904129
153.046982
153.557632
166.315094
166.018738
165.129639
164.087051
162.380295
160.305756
159.263153
158.516907
158.067032
156.738739
155.931732
155.063965
153.756973
153.032043
152.735687
152.132309
152.407349
152.457458
152.293274
152.496902
152.700516
153.129074
152.975555
153.486206
166.090164
165.793793
165.201080
163.647827
162.094589
160.755615
159.273804
158.598999
158.434830
158.056366
157.249374
156.085236
155.146042
153.981903
153.614120
152.796448
152.560852
152.468109
152.232513
152.578979
152.854034
153.354004
153.271912
153.414780
165.722382
165.793793
164.833282
163.576401
161.512512
159.662918
158.620316
158.456146
157.924179
158.056366
157.320801
156.963669
155.288895
154.860336
153.685547
153.532028
152.714371
152.039551
152.243164
152.221863
152.200531
153.211151
153.129059
153.271927
166.233017
165.497437
164.465500
162.697968
160.634094
159.080841
157.599030
157.434860
157.413544
157.617157
157.392227
157.106522
155.870956
155.074615
154.563980
153.460602
152.939301
152.121643
151.375412
151.864731
151.475616
152.629089
152.179199
152.322067
165.497437
165.129654
164.097702
161.890961
159.755661
157.763214
156.281387
156.556427
156.535110
157.106522
156.881592
156.738724
156.013809
155.288895
154.339035
153.460602
152.725037
152.132309
151.825287
151.507599
151.189911
151.536377
151.157944
151.372208
165.201080
164.833282
163.362122
161.083969
158.141663
156.077774
155.331528
155.238785
155.585251
156.524460
156.810150
156.738724
156.085236
155.431747
154.921112
153.899811
152.582169
152.214386
151.468140
151.150467
150.464996
150.882889
150.433014
150.208069
164.026276
164.097717
162.626556
160.348389
156.895432
154.831558
154.013885
154.217499
154.563965
155.431747
155.788879
156.228088
155.717438
155.574585
155.063965
153.971252
152.878540
152.071533
151.182449
151.232544
150.547073
150.015121
150.004456
149.779526
162.555115
162.187347
161.083969
158.734375
156.159851
154.095978
152.696243
153.267654
153.471268
154.339035
154.553314
154.767593
154.839020
155.135376
154.696167
153.971252
153.246338
152.367905
151.775177
151.314636
150.414886
149.882935
149.872269
149.575897
160.573334
160.573334
159.102173
157.631012
154.617279
152.921188
151.521454
151.950012
152.307129
152.735687
153.389191
153.603455
154.256958
154.399811
154.399811
153.603455
152.878540
152.735687
152.071533
151.396729
150.864761
150.189957
150.036438
150.107864
159.398529
159.030746
157.927383
156.527649
154.249481
152.114182
150.714447
151.000153
151.725067
152.010773
152.296478
153.021393
153.746307
153.960587
154.032013
153.674881
153.317749
153.103485
152.296478
151.989456
151.314636
150.057755
150.343460
149.975677
158.662949
158.295166
157.191803
156.088425
153.881699
151.746384
150.714447
150.489502
151.143005
150.989487
151.275192
152.071533
153.307098
153.960587
154.032013
153.674896
153.685547
153.032059
152.296478
151.846603
151.468155
150.211273
150.057770
150.057770
158.223740
157.855957
156.752579
155.720642
153.513916
151.378601
150.275238
150.121719
150.703781
150.918060
151.275192
152.439331
152.867889
153.592804
154.032013
153.674881
153.317764
152.960632
152.225052
151.775177
151.028931
150.139847
150.354126
150.354126
