152.981949
153.421158
152.542725
152.103516
151.225082
150.489517
151.000153
151.285858
152.082199
152.949966
154.032013
153.857178
154.121567
154.314514
154.446716
153.925415
153.189835
153.189835
151.575821
150.186752
148.940552
147.551468
146.673035
146.233826
153.349731
153.788956
152.910522
152.471313
151.664307
150.857300
151.000153
151.653641
152.010773
152.878540
153.521378
153.642914
154.346497
154.539459
153.864655
154.221771
153.557617
153.118408
151.943619
150.625977
149.308334
147.990677
147.040817
146.601608
154.595963
154.595963
153.717529
153.717529
152.839096
151.592880
151.735733
151.950012
152.603500
152.592834
152.796448
152.989410
153.253799
153.446747
153.650375
153.568283
153.414780
153.486206
152.311401
151.065186
149.747543
148.797684
147.919250
147.480042
156.209961
157.016968
155.770752
155.699326
154.820892
154.013885
153.206879
152.839096
152.246368
152.092865
152.225052
152.418015
152.314606
152.875351
152.343384
152.843369
153.639709
153.414764
152.750626
151.943619
151.065186
150.554550
149.308334
149.236908
158.998764
158.998764
158.559555
157.681122
157.170471
156.292053
155.117249
154.167404
152.992615
151.521454
151.582214
150.896744
150.793335
151.425507
151.771973
152.343384
153.354004
154.150345
153.996841
153.629059
152.750610
152.311401
151.504395
151.504395
161.051987
161.419769
160.980560
160.102127
159.591492
158.641632
156.956207
155.056488
153.371063
151.317841
150.571594
149.743271
150.007660
150.200607
150.250717
151.404190
152.486237
153.864655
154.221771
154.293213
153.853989
153.782562
153.046982
153.118408
162.298203
162.665985
161.787567
161.276917
160.837708
159.887848
158.059570
156.159851
154.331573
151.839142
151.021469
150.121719
149.507675
149.629211
150.414886
151.129150
152.721832
153.732452
154.089584
154.600220
154.161011
154.232437
153.864655
153.936081
162.298203
162.594574
161.716141
161.644714
161.573288
161.062653
159.234360
157.702438
155.067154
152.871078
151.981995
151.010803
150.621704
150.671799
150.507629
151.661102
152.375366
153.682343
153.671692
154.182327
153.814545
154.253754
153.885956
153.957397
162.226776
162.155350
161.716141
162.012512
162.012512
161.430435
160.112793
158.509445
156.241943
154.045868
153.013931
152.410538
151.878586
151.346619
151.111023
151.753860
152.253830
153.121597
153.039520
153.621582
152.814575
153.325226
153.325211
153.396637
161.787567
161.716141
161.276917
161.573288
161.941071
161.430435
160.480576
159.387878
157.488159
155.731308
154.260147
153.513901
153.206879
152.164291
152.153625
151.775177
152.203735
152.193069
152.478775
152.182404
151.886047
151.957474
151.886047
152.028900
160.909134
160.837708
161.276917
161.573288
161.941071
161.430435
160.919800
159.898514
158.438019
157.048950
155.945587
155.056488
154.238831
153.053375
152.532074
151.714417
151.560898
151.407379
150.814651
150.518295
150.150513
150.221924
150.221939
149.925568
160.327057
160.327057
160.327057
160.623428
160.991226
160.552002
160.919800
160.409149
159.827087
158.509445
157.406082
156.813354
155.781403
154.524536
153.053375
152.021423
150.478851
149.375488
148.711334
147.536530
147.240173
146.943817
146.504593
146.576019
159.377213
159.377213
159.816422
159.377213
159.744995
159.744995
160.552002
160.112793
160.409149
160.409149
159.305786
158.641632
157.099060
155.699326
153.717529
151.664307
149.907440
147.854218
146.240219
145.065414
143.962051
143.665680
142.787262
142.787262
158.059570
158.498779
158.498779
158.427353
159.305786
159.305786
159.744995
160.255646
161.062653
161.501862
160.327072
159.591492
158.048904
156.506332
154.013885
151.817810
149.111099
146.475815
144.351166
142.369370
141.562363
140.530426
139.723419
139.651993
157.916718
158.355927
158.355927
158.427353
158.866577
158.866577
159.744995
160.327057
161.205505
161.644714
161.348358
160.173553
158.927338
156.874115
154.749466
152.042755
148.896820
146.261536
143.697678
141.133804
139.959015
138.487869
138.048645
137.241638
157.477509
157.916718
157.916718
157.988144
158.059570
158.498779
159.009430
159.520065
160.837708
161.348343
160.612762
159.805771
158.559555
157.313324
154.749466
151.971329
148.896820
146.629318
143.697662
141.133804
139.152008
137.977219
136.730988
136.731003
157.477509
157.916718
157.916718
157.988144
158.059570
158.130997
158.641632
159.152283
159.734344
160.244980
160.244980
159.437988
158.191757
157.313339
155.117249
152.553391
149.478882
146.915024
144.279739
141.715881
139.294861
138.048645
136.802429
136.363205
157.916718
157.916718
157.916718
157.988144
157.691772
157.763214
158.345276
158.416687
159.366547
159.437973
159.509399
158.702393
158.191757
156.945541
155.188675
153.064026
149.989532
147.497101
144.861801
142.665726
139.805511
138.120071
137.241638
136.066849
157.773865
157.916718
157.916718
157.988144
157.691772
157.763214
157.906067
158.048920
158.998764
158.630981
158.773834
158.702393
157.456177
156.945541
155.188675
153.135468
150.500168
147.936310
145.811661
142.737152
140.683929
138.048645
137.609436
136.731003
157.845291
157.916718
157.916718
157.988144
157.691772
157.763214
157.906067
157.977478
158.191757
157.895401
157.966827
157.966827
157.088394
156.281387
154.963745
153.206879
150.643021
148.886169
146.322296
143.544159
141.348083
139.591232
138.712799
137.395157
158.213074
158.284500
158.284500
158.355927
158.059570
157.691772
157.538269
158.048904
157.823975
157.456177
157.599030
157.527618
156.720612
155.913605
154.228165
153.278320
151.153656
149.325378
147.200729
144.790375
142.522873
140.694595
140.183945
138.866302
158.580872
158.652298
158.652298
158.355927
158.427353
157.691772
157.466843
157.609695
157.384750
157.527603
157.159821
157.159821
156.352814
155.545807
153.931793
152.981949
151.153656
149.836014
147.639938
145.597382
143.258453
141.797958
140.848099
140.041092
158.580872
158.652298
158.652298
158.355927
158.427353
157.691772
157.466843
157.609695
157.384750
157.088394
156.352814
156.352814
155.985031
155.178024
153.931793
153.053375
151.225098
149.836014
148.446945
146.036591
143.994034
142.165741
141.583679
140.705246
158.580872
158.652298
158.652298
158.355927
158.427353
157.691772
157.466843
157.609695
157.016968
156.720596
156.792023
156.792038
155.617233
154.810226
154.003235
152.981949
151.225098
150.275238
148.446945
145.965164
144.065460
142.165741
141.583679
140.705246
