146.915024
146.915024
146.915024
146.843597
146.036591
146.475815
146.332962
146.332962
146.332962
147.211395
147.579178
147.211395
147.722031
148.529037
148.529037
148.018387
147.875549
148.171906
147.804123
148.100479
147.222046
146.711411
146.343628
146.782837
146.404388
146.404388
146.404388
146.332962
146.036591
146.036591
145.893738
145.893738
145.893738
146.332962
147.211395
147.211380
147.722031
148.089813
148.089813
147.946960
147.436325
147.364899
147.804108
147.661255
146.854263
146.272186
146.272186
146.272186
145.229584
145.229584
145.229584
145.158173
145.229599
145.158173
145.086731
145.086746
145.454529
145.893738
146.404388
146.332962
146.843597
147.211395
147.211395
147.139969
147.436325
146.925690
146.925690
147.222046
146.343628
145.832977
145.832977
145.832977
144.422592
144.422592
144.422592
143.911942
143.983368
143.911942
143.911942
143.840515
144.647522
144.718948
145.086731
145.525955
145.597382
145.965164
146.332962
146.261536
146.190109
146.118683
146.047256
145.904404
145.832977
145.322342
145.322342
145.322342
142.808578
142.369370
142.369370
142.297943
142.737152
142.297943
142.665726
142.226517
142.962097
143.033508
143.840515
143.840515
143.911942
144.279739
144.647522
145.015320
144.433243
144.801041
144.729614
144.658188
144.515335
144.372482
144.372482
143.933258
140.755356
140.316147
140.316147
140.244720
140.612503
140.612503
140.541077
140.980301
141.276657
140.908859
142.083664
142.083664
142.155090
142.890671
143.258453
143.258453
143.115601
143.115601
143.411972
142.901321
143.565475
142.983414
142.983414
142.911987
139.366287
139.366287
139.366287
138.927078
139.294861
139.223434
139.223434
139.223434
139.887589
139.959015
140.326813
140.694595
140.766022
141.501602
141.869385
141.869385
142.237167
142.165756
142.094315
141.583679
142.247833
141.665771
141.737198
142.033554
137.977219
137.537994
137.537994
137.834366
137.834366
138.202164
138.202164
137.762939
138.498520
138.498520
138.866302
139.305527
139.673309
139.673309
140.112518
140.112518
140.408890
140.480316
140.337463
140.705261
140.562408
140.490967
140.419556
140.419556
136.445297
136.516724
136.445297
136.373871
136.741669
136.741669
137.109451
136.670227
137.038025
136.966599
137.405807
137.845032
137.845032
138.652023
138.652023
139.091248
139.459030
139.459030
139.387604
139.387604
139.683975
139.244751
139.244751
139.173340
135.352600
135.352585
135.281158
135.281158
135.281158
135.209732
135.577515
135.577530
135.945312
136.313110
135.945312
136.823746
136.823746
137.191544
137.630737
137.630753
138.069962
138.437759
137.998535
137.998535
137.927109
137.927109
137.927109
137.927109
134.259888
134.259888
134.188461
134.188461
134.188461
134.117035
134.484818
134.484818
134.924026
135.220398
135.220398
135.659607
135.731033
136.170258
136.170258
136.538040
137.048691
137.048676
137.048691
137.048691
136.977249
136.977264
136.609467
136.609467
133.095749
133.167175
133.095749
133.024323
133.095749
133.024323
133.392105
133.831329
133.759903
134.127686
134.495483
134.566910
134.566910
135.006119
135.006119
135.445328
135.884552
135.516754
135.516754
135.955978
135.884552
135.516754
135.588181
135.516754
132.003036
132.370819
132.370819
132.299408
131.931610
132.667191
133.034988
132.667191
133.034973
133.331345
134.209778
133.402771
133.841980
134.281204
134.352631
134.352631
134.424057
134.424057
134.424057
134.424057
134.863266
134.424057
134.495483
134.863266
132.227982
132.227982
132.156555
132.085129
132.085129
132.452911
132.820709
132.892136
132.820709
133.259918
133.627701
133.627716
134.138351
134.138351
134.138351
134.209778
134.209778
134.281204
134.209778
134.281204
134.281204
134.281204
134.720413
134.720413
133.474197
133.474197
133.474197
133.402771
133.402771
133.770554
134.138351
134.209778
134.138351
134.138351
134.873932
134.945358
135.384567
135.088211
135.016785
135.527420
135.088211
135.527420
135.527420
135.527420
135.159637
135.598846
135.598846
135.598846
135.373901
135.741699
135.741699
135.670273
135.670273
136.038055
135.966629
136.405853
135.966629
136.773636
137.212860
137.212860
137.723495
137.355698
137.794922
137.427124
137.427124
137.427124
137.866348
137.427124
137.427124
137.427124
137.427124
136.987915
138.662689
138.662689
138.662689
138.959045
138.959045
138.448410
138.816208
139.255417
139.255417
140.062424
140.430206
140.062424
140.573059
140.644485
140.644485
140.276703
140.715912
141.083694
140.715912
140.573059
140.715912
140.205276
140.205276
139.766052
142.462112
142.462112
142.462112
142.390686
142.390686
142.687042
142.247833
142.687042
143.054840
143.494049
143.494049
143.933273
144.076111
144.515335
144.515335
144.515335
144.586761
144.954544
144.954544
144.443909
144.076126
143.565475
143.565475
143.126266
146.547241
146.547241
146.547241
146.915024
146.915024
146.843597
146.772171
146.772171
147.579178
148.018387
148.018387
148.457611
148.529037
148.968246
148.968246
148.968246
149.111099
149.478882
149.478882
148.968246
148.529037
148.018387
148.018387
147.579178
153.042709
152.674927
152.674927
153.042709
152.674927
152.674927
153.042709
153.410507
153.778290
153.849716
153.849716
154.656723
154.728149
155.095932
155.463715
155.535156
155.606567
155.974365
155.974365
155.463730
155.463730
154.953079
154.953079
154.146088
158.659760
158.731186
158.731186
158.802612
158.802612
158.874039
158.945465
158.874039
159.681030
159.752472
160.120255
160.488052
160.855835
160.855835
161.591415
161.662842
162.102051
162.541275
162.541275
162.030624
161.591415
161.519989
161.519989
161.080765
163.326950
163.398376
163.398376
163.541229
163.469803
163.612656
163.612656
163.612656
163.980438
164.123291
164.491089
165.226669
165.594452
165.962250
166.697815
167.137039
167.576248
167.576248
167.576248
167.137039
167.065613
166.626389
166.626389
166.626389
165.880157
165.951584
165.951584
166.094437
166.094437
166.237274
166.237289
166.237289
166.605072
166.747925
167.115723
168.219086
168.586884
168.515442
169.251022
169.690247
170.129456
170.129456
170.129456
169.690231
170.058029
169.618805
169.618805
169.618805
166.972855
167.044281
167.044281
167.626343
167.626358
167.769211
167.401413
167.329987
168.136993
167.840637
168.208420
168.944000
169.679581
170.047363
170.782944
171.222168
171.661377
171.661377
171.661377
171.222168
171.150726
170.711517
170.711517
170.711517
