139.805496
139.734070
140.469650
140.030441
140.694595
140.919525
140.480316
140.848099
141.215897
141.726532
141.358749
141.573013
141.644440
142.226517
141.776642
142.133759
142.194534
142.255310
142.683853
142.305405
141.855530
142.509033
141.477081
141.916290
139.948349
139.876923
140.244720
139.734070
140.469650
140.694595
140.551743
141.358749
141.358734
141.726532
141.430176
141.573013
141.644440
141.787292
141.776642
142.501556
142.123108
142.112442
142.101791
142.162552
142.080475
142.294739
141.262802
141.334229
139.866272
139.794846
140.162628
139.651993
140.316147
140.541077
140.837448
140.837448
141.133804
141.133804
141.573029
141.715866
141.715866
141.858719
141.776642
141.990921
141.908829
141.898163
142.183868
142.173218
141.723343
141.866196
141.202042
141.641251
140.437668
140.366241
140.294815
139.784180
140.816116
140.673279
140.459000
140.755356
141.051727
140.980301
140.980301
141.419510
141.348083
141.419510
141.194565
141.776642
141.551697
141.837402
141.612473
141.530380
141.305450
141.448303
141.080505
140.784149
140.784149
140.784149
140.641296
140.059235
140.284164
140.876892
140.294830
140.887543
140.234055
141.266006
140.826782
141.194580
140.612503
141.051727
140.683929
141.562363
141.194565
140.898209
140.969635
141.112488
140.744690
141.183914
140.816116
140.887543
141.130615
141.130615
141.059189
140.844910
140.630630
140.344925
140.569870
140.284164
140.437668
140.958969
140.816116
141.041061
140.898209
140.755356
140.683929
141.051712
140.908875
140.908875
140.837448
140.837448
140.398224
140.326797
140.326797
140.326797
141.773438
142.212662
141.702026
141.048538
141.273468
141.059189
140.773483
140.855576
140.641296
140.723373
140.948318
141.173248
140.958969
140.816132
141.041061
140.898209
141.194565
141.051727
140.908875
140.766022
140.623169
140.551743
140.919525
140.551743
142.784073
142.784073
142.712646
142.130585
141.987732
141.773438
141.487747
141.273468
140.987762
141.509064
141.366211
141.519730
141.744659
141.969604
141.387527
141.980255
141.398193
141.623123
141.480270
141.265991
141.490936
141.348083
141.276657
141.348083
144.162476
143.723267
144.091049
143.580414
143.069763
142.416275
142.273422
142.426941
141.773453
141.926956
141.784103
141.937622
142.233978
142.458908
141.876862
142.101791
141.816086
141.673233
141.826752
142.051682
142.276611
142.062347
142.430130
142.430130
145.030243
145.030243
145.030243
144.519592
143.569748
143.426895
142.916260
143.141190
142.487701
142.273422
142.498352
142.355515
142.651871
142.876801
142.662537
142.958893
143.112411
142.458908
142.683853
142.837357
143.062302
143.287231
143.215820
143.215820
145.315948
145.683731
145.683731
145.173096
144.294662
143.784027
143.712601
143.569748
142.844833
142.773407
142.630554
142.855499
143.151855
143.448227
143.305359
143.530304
142.948227
143.101746
143.398117
143.551620
143.776566
144.001495
143.562286
143.562286
145.969437
145.898010
145.898010
145.387375
144.437515
143.926880
143.855453
143.712601
143.059113
142.987686
142.916260
142.773407
143.580414
143.805344
143.733917
144.030289
143.887421
143.376801
143.601730
143.898102
143.755249
144.419403
144.347961
143.980179
146.408661
146.337234
146.337234
145.458801
144.948151
144.366089
143.926880
143.784027
143.273376
143.130539
143.059113
143.426895
143.866119
144.162476
144.091049
144.530273
144.387421
144.315994
144.244553
144.173141
144.101715
144.837280
144.398071
144.837280
146.265808
146.265808
146.265808
145.387375
144.948166
144.437515
144.366089
143.784027
143.712601
143.641174
143.641174
143.641174
144.080383
144.519592
144.448181
144.887390
144.448181
144.448181
144.376755
144.376755
144.376755
145.183746
144.744537
144.815964
146.419312
146.490738
146.122955
145.683746
145.244522
145.244522
145.244522
144.733887
143.855453
143.784027
143.855453
143.855453
144.294662
144.733887
144.294662
145.173096
144.366089
144.733887
144.805298
144.733887
144.366089
145.244522
145.173096
145.173096
145.622971
146.133606
146.133606
145.837250
145.980103
145.683731
145.755157
145.244522
144.876740
145.244522
144.805313
144.508942
144.437515
144.508942
144.580368
145.019592
144.580368
144.580368
144.580368
144.948151
144.948151
145.019577
144.948151
145.387375
145.490784
145.562210
145.705063
145.919342
146.276459
146.051529
146.633591
146.194382
146.265808
145.458801
145.826584
145.091003
144.651794
144.284012
144.723221
144.723221
144.723221
145.091019
144.723221
145.091019
145.091019
145.019592
145.019592
145.019592
144.480164
145.062225
145.205078
145.858566
146.358551
146.715683
147.001373
147.001389
146.705017
146.705017
146.776443
145.969437
145.162430
144.355438
144.355438
144.426865
144.426849
144.794647
144.794647
144.723221
145.091003
145.019577
145.019577
145.019577
143.398102
144.347961
144.194458
145.358582
145.929993
146.726334
146.644257
146.715683
147.297745
147.001389
146.633591
145.898010
145.091003
144.284012
144.355438
144.426865
144.426865
144.794647
144.866074
144.794647
145.091003
145.019592
145.019592
145.019592
142.173218
143.051636
143.337357
144.133698
145.144318
145.644287
146.369202
146.654907
146.797760
146.501404
146.205032
145.980103
145.173096
144.876740
144.508942
144.651794
144.723221
144.723221
144.794647
144.723221
145.019592
145.019592
145.019592
145.019592
140.876892
141.755325
142.041016
142.908798
143.919418
144.930038
145.287155
146.012085
146.665573
146.001419
146.144272
146.358551
145.255173
144.958817
145.101669
144.876740
145.019592
144.651794
144.651794
144.723221
145.019592
145.019592
145.019592
145.019592
140.234055
140.305481
141.030396
141.458954
142.908783
144.358627
144.787186
145.583527
145.797791
146.012085
145.858566
146.001419
145.337265
145.480118
145.255188
145.030243
145.244522
144.948151
145.019592
145.091003
144.948166
144.948166
144.948166
144.948166
139.437714
139.948349
140.673279
141.101822
142.551666
144.001495
144.501480
145.226395
145.951324
145.797806
145.644287
145.858566
145.194412
145.337280
145.183762
145.030243
145.244522
144.948151
145.019592
145.091003
144.948166
144.948166
144.948166
144.948166
138.855652
139.734070
140.530426
140.887543
142.408813
143.858643
144.358627
145.522766
145.808472
145.654953
145.572876
145.787140
145.122986
145.705048
145.480118
145.326614
145.612320
144.948151
145.019592
145.091003
144.948166
144.948166
144.948166
144.948166
