169.839478
169.103897
168.000534
164.915359
161.533844
159.030746
156.752579
157.263214
157.334656
158.141663
157.548920
158.641632
158.488129
158.263184
157.741882
157.374100
155.760086
155.024506
154.585297
154.217499
154.217499
154.217499
154.217499
154.217499
169.910904
169.103912
168.000534
164.986801
161.605270
158.662964
156.824020
156.966858
157.773865
157.773865
157.620346
158.273849
158.120331
158.334610
157.741882
157.374100
155.320877
154.953079
154.953079
154.585297
154.585297
154.585297
154.585297
154.585297
169.982330
169.246750
168.143387
164.690430
161.748108
158.438019
156.599075
157.038284
157.109711
157.916718
157.691772
158.273849
157.752548
157.966827
157.741882
157.374084
156.127869
155.760086
155.320877
155.024506
155.024506
154.585297
154.585297
154.585297
170.125183
169.828827
168.357666
165.343918
161.594604
158.652298
156.445557
156.445557
156.884781
157.323990
157.027618
157.681122
157.823975
158.038254
157.374100
157.374100
156.567093
156.199310
155.320877
155.320877
155.392303
154.953079
154.953079
154.953079
170.778671
170.043091
168.500519
165.190414
161.441101
157.763214
155.852829
155.995682
156.363480
156.802689
156.874115
157.456177
157.599030
157.670456
157.813309
157.374100
156.567093
156.567093
156.127884
156.567093
156.127869
156.127869
156.127869
156.127869
171.432159
170.696579
168.786224
165.404694
161.726807
158.120331
155.842178
155.474380
156.209961
156.649170
156.720596
157.159821
157.231247
157.741882
157.741882
157.741882
157.741882
157.302673
156.792038
157.302673
157.302673
156.863449
156.863449
156.863449
172.310593
171.575012
169.296860
166.425964
162.308868
158.263184
155.985031
155.985031
155.985016
156.720596
157.159821
157.670456
157.670456
158.109680
158.109680
157.741882
158.109665
158.181091
157.670456
158.038254
158.038239
157.599030
157.599030
157.599030
173.117599
172.453445
170.910858
167.232971
163.258713
159.141617
156.863464
156.495667
156.863464
157.231247
157.159821
157.599030
158.038239
157.966827
158.406036
158.773834
159.213043
158.845245
158.773834
158.773819
158.773819
158.334610
158.334610
158.334610
174.363815
173.628235
171.789291
168.479202
164.065720
160.387833
157.741882
157.374100
157.670471
158.406036
158.263184
158.263184
158.702408
158.702393
158.630981
159.070190
159.877197
159.509399
159.877197
159.437988
159.437988
158.998764
158.998764
158.998764
175.610031
174.435242
172.964081
169.725403
165.311935
161.562622
158.988098
158.109680
158.845261
159.141617
158.998764
159.070190
159.366547
159.295135
159.295135
159.805756
160.612762
160.684204
160.244980
160.612778
160.612778
159.734344
159.734344
159.295135
176.345612
176.049255
174.210297
170.460983
166.486740
162.808838
160.162903
159.723679
159.580826
160.244980
159.734344
159.734344
159.662918
159.591492
159.662918
160.102142
160.909134
160.980560
160.980560
160.541351
160.909134
160.102127
160.102127
159.662918
177.591827
176.856262
174.945892
171.635788
168.029327
164.351425
162.073273
161.194824
161.123413
160.980560
160.469925
160.469925
160.398499
160.327057
159.959290
160.398499
161.205505
161.716141
161.716141
161.276917
161.276917
160.837708
160.837708
160.398499
178.327408
177.591827
176.120682
173.178360
169.571899
165.822586
163.983643
163.105209
162.594574
161.644714
161.573288
161.134079
160.327072
160.255646
159.887848
160.694855
161.573288
161.573288
162.012512
161.573288
161.941071
161.573288
161.573288
161.134079
178.327408
177.591827
176.488464
173.546158
171.114487
167.365173
165.454803
164.576370
163.697937
163.115875
162.308868
161.869659
161.062653
160.623428
160.255646
161.062653
161.501862
162.380280
162.308868
162.308868
162.676651
161.941071
161.941071
161.941071
177.959625
177.224045
175.681458
173.474731
171.043060
168.468536
166.925949
165.679733
165.169098
163.851456
163.922882
162.605225
161.798218
161.359009
160.991211
161.798218
162.237442
162.676651
163.044434
163.044449
163.044449
162.676651
162.676651
162.676651
175.610031
175.242249
174.138885
172.667725
170.900208
169.132690
167.957886
167.150894
166.343887
165.026245
164.658447
163.851440
162.605225
162.166016
161.798218
162.533798
162.973022
163.340805
163.708603
163.780029
163.780029
163.412231
163.412231
163.412231
172.892654
172.524872
172.157089
171.492935
170.389557
169.357620
168.550613
168.254257
167.008041
165.833252
165.465454
165.097656
163.780029
163.412231
162.973022
164.076385
164.076385
164.444183
164.740540
164.811951
164.147812
164.219238
164.147812
164.147812
169.736069
169.736069
169.736069
169.807495
169.511139
169.582550
168.775558
168.479187
167.743622
167.008041
166.640244
165.833252
165.026245
164.587021
164.587036
165.251175
165.618973
165.547546
165.915329
165.547546
165.251190
164.883392
164.883392
165.322601
167.386490
167.386490
167.386490
168.193497
168.632706
168.704132
169.071915
168.775558
168.039978
167.672195
167.304398
167.375824
166.497391
166.497406
166.497391
166.722336
167.090118
167.457916
167.386490
167.018707
165.915329
165.618958
165.618958
165.547546
164.526260
164.526260
164.526260
165.772476
166.579483
167.386490
168.193497
168.632706
168.775558
168.775558
168.775558
168.775558
168.704132
168.336349
168.704132
169.368286
169.807495
169.736069
169.296860
168.561279
167.018692
166.650909
166.283127
165.843903
161.737457
161.666031
162.105255
162.912247
164.526260
166.211700
166.947266
168.193497
168.632706
169.439713
170.614502
170.614502
170.543076
170.543076
171.350082
171.278656
172.085663
171.717865
171.646439
169.736084
168.122070
166.947266
166.579498
166.068848
159.684235
159.612808
160.052032
161.369675
163.351471
164.965469
166.140259
167.682846
168.561279
170.103867
171.278656
171.646454
172.382019
172.453445
172.749817
173.260452
173.996033
174.067444
172.749817
171.278656
168.786224
167.611420
166.804413
166.436630
158.438019
158.366592
159.245026
160.491241
162.473038
164.087036
165.261841
167.682846
169.296860
170.400223
171.575012
172.749817
173.117599
173.996033
173.924606
174.435242
174.731598
174.803040
173.996033
172.014221
169.154007
168.347000
167.172211
166.365204
158.070221
157.998810
158.877228
160.123444
162.473038
164.087036
165.261841
167.611420
168.857635
170.328796
172.382019
173.117599
173.485382
173.924606
174.660187
174.731613
175.170822
175.610046
174.292389
172.014221
169.521790
168.275574
166.732986
166.733002
