144.476959
144.037750
144.844757
146.755127
148.226288
149.043945
148.911743
147.544006
145.154968
142.469574
140.876892
139.059265
137.241638
136.813080
134.841949
134.331299
132.645874
132.135223
131.185379
130.603302
129.653458
129.510605
129.071381
128.999954
144.405533
143.966324
145.141113
146.683701
148.451218
149.340317
148.768890
147.401154
145.083542
142.398148
140.805466
138.987839
137.241638
136.373871
134.841949
133.892090
132.574448
131.696014
130.746155
130.164093
129.653458
129.510605
129.071381
128.999954
144.334106
144.701904
144.998260
146.908646
148.236938
149.422394
148.411774
147.483231
145.237061
142.623093
140.591187
138.844986
137.098785
135.863220
134.699097
133.820663
132.135223
131.256805
130.306946
130.164093
129.653458
129.510605
129.071381
128.999954
144.701904
144.559052
145.151779
146.622940
148.247604
148.922424
148.718796
146.983261
144.808502
141.898163
140.744690
138.927078
136.445297
135.577530
134.117035
133.167175
131.992386
131.185379
130.235519
129.653458
129.582031
128.999969
128.560745
128.928543
144.487625
145.151779
145.305298
146.562164
148.115417
148.718796
148.372330
146.779633
144.308517
141.837402
140.755356
138.569946
136.159592
134.924026
133.463531
132.585114
130.971100
130.235519
129.724884
129.142807
128.703598
128.560745
128.560745
128.560745
145.008926
145.673080
145.755157
146.501404
147.401154
147.933121
147.586639
146.433167
143.665695
141.776642
139.959015
137.845032
135.873886
134.341965
133.320679
131.635254
130.899673
130.164093
129.214233
128.703598
128.999969
128.489319
128.489319
128.489319
145.458801
145.612305
146.062180
146.297775
146.758316
147.076004
146.361740
144.472687
142.726501
140.469650
139.234100
137.191528
135.802460
134.270538
133.688477
132.003036
131.196030
130.460464
130.021240
129.142807
129.439178
128.928543
128.489319
128.489319
146.062195
145.847900
145.787140
145.951324
145.461990
144.972672
144.186996
142.512222
140.837448
138.794876
138.141388
137.048676
136.098831
134.709763
134.199112
132.952896
132.145889
131.778107
130.899673
129.949814
130.246185
129.735535
129.735535
129.296326
146.665573
146.012085
145.951324
145.165634
143.797882
142.358704
141.644440
140.112518
138.580597
137.120102
136.241684
136.098816
135.659607
135.731033
135.220398
134.413391
133.534958
133.024323
132.217316
131.706680
131.563828
130.613968
130.613968
130.981766
147.126099
146.104828
145.604843
144.747742
142.501556
140.255371
139.244751
137.784256
136.466614
135.148972
135.148972
135.659607
135.659622
136.241684
136.241669
134.924026
134.413391
133.974182
133.463531
132.952896
132.003036
131.492401
131.492401
131.860184
146.340424
145.686935
144.890579
143.226471
141.051727
138.876968
137.569977
136.252335
135.373901
134.199112
134.270538
134.852615
135.363251
136.313110
136.384537
135.506104
134.995468
134.484818
133.606384
133.095749
132.881470
132.370834
131.931610
131.860184
145.044098
144.462036
143.665695
142.144424
140.112518
137.345047
136.109482
134.863266
134.495483
133.759903
133.902756
134.117035
135.066895
136.016739
136.088165
135.138306
135.066879
134.117035
133.238602
133.167175
132.585114
132.074463
132.003036
132.003036
143.237137
142.726486
141.633789
140.326797
138.509171
136.323761
135.231049
134.863266
133.759903
133.534958
134.045609
133.820663
134.770523
135.352585
135.352600
134.913376
134.402725
133.820663
132.870804
132.799377
132.217316
132.217316
132.074463
131.706680
141.133804
141.062378
140.112518
139.019821
137.345047
135.445328
134.424057
134.127686
133.463531
133.677811
133.820663
133.524292
134.474152
134.617004
134.984802
134.474152
133.595734
133.381454
132.503021
132.503021
131.920959
131.920959
131.778107
131.410309
139.316177
139.316177
138.734116
137.784256
136.323761
134.566910
133.688477
133.831329
133.167175
133.381454
133.524307
133.595734
134.106369
134.177795
134.545578
134.106369
133.156509
133.013657
132.135223
132.063812
131.920959
131.920959
131.778107
131.042526
138.080627
137.712830
137.202194
136.323761
135.077545
133.831329
133.095749
133.167175
132.503021
133.085098
132.717300
133.227936
133.667160
134.177795
134.474167
133.595734
132.645874
132.503021
132.063812
131.624588
131.553162
131.113953
131.042526
131.042526
136.180908
135.445328
135.373901
135.077545
134.341965
133.238602
132.870819
133.013672
132.645874
132.349503
132.860153
133.667145
134.034943
134.034943
133.963516
133.892090
132.942230
132.431595
131.624588
131.553162
131.042526
130.674728
131.042526
130.674728
134.720413
134.424057
134.424057
133.759903
133.167175
132.503021
132.278076
132.349518
132.788727
131.981720
132.420929
133.227951
133.595734
133.963516
133.820663
133.381454
132.431595
131.992386
131.481735
131.042526
131.042526
130.235519
130.235519
130.235519
133.402771
132.667191
132.667191
132.881470
132.727951
131.696014
131.838867
132.349503
132.420929
131.981720
132.349518
133.085083
133.452881
133.820663
133.677811
133.238602
132.360168
131.920959
131.481735
131.042526
130.603317
130.235519
130.235519
130.235519
132.085129
131.788757
131.788757
132.003036
131.778107
131.113953
131.624588
131.696014
131.767441
131.767441
132.206650
132.942230
133.310028
134.045609
133.974182
133.167175
132.217316
131.778107
131.410309
130.971100
130.531891
129.796310
129.724884
129.724884
131.278122
131.349548
131.349548
131.492401
131.196030
130.971100
131.042526
131.553162
131.481735
131.920959
131.992386
132.727966
133.534958
133.831329
133.392105
133.392105
132.585114
131.778107
131.706680
130.531891
130.092667
130.092667
129.724884
129.724884
130.542542
130.981766
130.981766
130.613968
130.685394
130.828247
130.828247
131.338882
131.267456
132.217316
132.145889
132.585114
133.320679
133.688477
133.759903
133.320679
132.881470
131.706680
131.778107
130.899673
130.092667
129.653458
129.653458
129.653458
130.103333
130.542542
130.542542
130.613968
130.174759
130.685394
130.685394
131.196030
131.267456
132.074463
132.145889
132.513687
133.320679
133.617050
133.617050
133.320679
133.249252
131.706680
131.706680
130.899673
130.092667
129.653458
129.653458
129.653458
130.174759
130.103333
130.103333
130.174759
130.103333
130.685394
130.685394
131.196030
131.124603
132.074463
132.074463
132.442261
133.249268
133.617050
133.617050
133.320679
132.881470
131.706680
131.635254
130.828247
130.092667
129.653458
129.653458
129.653458
