151.525711
150.361588
149.790192
148.208160
146.483276
144.247757
142.144424
139.305527
137.334381
136.384521
136.670227
139.509140
143.512177
146.708221
149.618546
150.475647
151.118484
151.322098
151.822083
151.597153
151.372208
151.004425
151.218689
150.850906
151.157928
150.433014
150.229401
148.351013
146.554703
143.951385
142.287277
139.448380
137.334381
136.384521
136.598801
139.069916
143.001541
146.197571
148.668686
149.893585
150.607849
151.689896
151.750656
151.525726
151.300781
151.075851
150.779480
150.779480
151.229355
150.504440
149.493820
148.422424
146.329773
143.726456
142.062347
139.662659
137.038025
136.384521
136.598801
138.855652
142.348053
145.472656
147.943771
149.607880
150.393570
151.036407
151.607803
151.525726
151.229355
151.372208
151.147278
150.779480
150.422348
150.208069
149.636658
148.268921
146.247681
144.155014
142.419464
139.509140
137.548660
136.384521
136.823746
138.202148
141.480270
144.533463
146.565369
147.933105
149.229431
150.454330
151.025742
151.311447
151.157928
151.300781
151.443634
151.075851
150.493774
149.911713
149.411743
148.554626
146.237015
144.215775
142.480240
139.866272
137.323730
135.945312
136.170258
137.405807
140.101868
143.012192
145.044098
146.483276
147.922455
149.218781
150.372253
151.168594
151.454300
151.229370
151.372208
151.443634
149.829620
150.054565
148.747589
148.033325
146.297791
144.419388
142.683853
140.366241
137.609421
136.016739
136.098831
137.048676
138.794876
141.490936
143.012192
144.522797
146.544037
147.983215
149.647324
150.515091
150.800812
151.525726
151.597137
151.811432
149.829620
149.318985
148.522644
148.319031
146.358551
144.990799
143.255264
141.234009
138.844986
136.670227
137.048676
136.977249
137.998535
140.112518
141.633789
143.072968
145.094208
146.604797
148.340347
149.350967
150.218735
151.382874
151.597153
151.740005
149.901047
149.829620
148.594070
148.604736
147.226318
145.633636
144.265884
141.876846
140.080551
137.905792
137.630753
137.345047
137.345047
138.805542
140.183945
141.623123
143.205154
144.715759
146.890503
148.115402
150.004456
150.872238
151.597153
151.811417
149.901047
149.390411
148.808350
148.522644
147.654877
146.205032
144.540924
143.326691
141.162598
139.212769
138.355667
137.487900
137.202194
137.641403
138.366333
139.734070
140.876892
143.265915
144.633667
146.808426
148.472534
150.433014
151.229355
151.443634
149.901062
149.461838
148.879776
148.736923
148.083435
146.776443
145.551544
143.969513
142.469574
140.519760
140.030441
138.069962
137.130768
136.987915
137.202194
137.916458
139.427048
141.305435
143.112411
145.940659
148.186844
149.850952
151.157928
151.372208
149.829620
149.390411
148.951202
149.247559
148.297714
148.011993
146.858521
144.837280
143.847992
141.826752
140.530411
138.794876
137.345047
136.180908
136.252335
137.191528
138.120071
139.855606
141.662567
144.490814
147.247635
149.350967
150.800797
151.015076
149.758209
149.390411
149.318985
149.318985
148.951202
148.226288
147.215668
146.215698
144.858612
143.276581
141.908829
139.734070
137.702179
136.323761
135.813126
136.170258
137.252289
138.477203
140.580521
143.408768
146.237015
148.850983
150.668610
150.882889
149.615356
149.247559
149.247559
148.879776
148.951202
148.879776
147.940582
147.379837
145.869232
144.797836
143.430099
141.183914
137.762939
136.313095
135.659607
135.731033
136.159592
137.537994
139.498474
142.694519
145.961975
148.504517
150.393570
150.607849
149.472504
149.543930
149.543930
149.247559
149.022629
149.390411
148.961853
148.176178
147.247650
145.808456
144.440704
141.755310
138.773560
136.741653
135.506104
135.802460
135.506104
136.231018
138.559280
141.612473
144.879929
147.422470
149.679306
150.261383
149.329651
149.472504
149.543930
149.615356
149.901047
149.901047
149.176132
148.461884
147.676193
146.676239
145.012115
142.326721
139.273544
137.170212
135.791809
135.506104
135.363251
135.945312
138.059296
140.744690
144.308517
146.708221
148.086624
148.668686
149.258224
149.329651
149.840286
149.615356
149.829620
150.340271
149.686768
149.043945
147.961899
147.544006
145.512100
142.826706
140.141312
137.670197
136.220352
135.791809
135.434677
135.873886
137.334381
139.805496
142.858688
145.186951
146.493927
147.076004
149.626007
149.626007
149.329651
149.543915
149.829636
150.340271
149.758209
149.258224
148.319031
147.533340
146.012085
143.398102
141.151932
138.680817
137.159546
136.077499
135.577530
135.802460
136.752319
139.080582
141.480270
143.297897
144.533463
145.044098
149.483154
149.554581
149.626007
149.472504
150.197418
150.708069
150.197418
149.840286
148.533295
147.961899
146.072845
143.898102
142.162552
139.548584
137.588104
136.434631
135.863220
135.802460
136.609467
138.284241
140.101868
142.287277
142.940765
143.083618
149.483154
149.554581
149.626007
149.840286
150.125992
150.708054
150.197418
150.422348
148.819000
148.247604
146.429977
144.326645
142.591110
140.487778
138.455872
137.159546
136.077499
135.873886
136.098831
137.630753
138.937729
140.173294
140.755356
141.633789
149.340302
149.411743
149.483154
149.768860
150.054565
150.708054
150.268845
150.125992
149.472504
149.043945
146.858521
145.265839
143.530304
141.426971
139.762863
138.027313
136.363205
135.648956
135.802460
136.384521
137.038025
138.569946
138.641373
139.080582
149.197449
149.340302
149.483154
150.065231
150.054565
150.340271
150.340271
150.340271
149.686783
149.329651
147.654877
146.062180
144.469498
142.294739
140.630630
138.455872
136.648911
135.495438
135.066879
135.506104
135.648956
136.598801
136.670227
136.670227
149.126038
149.268890
149.411728
149.626007
149.983139
150.340271
150.411697
150.411697
149.901062
149.104721
148.308365
146.347885
144.826630
142.651871
140.916336
138.670151
136.863190
135.270493
135.138306
135.066879
134.699097
135.209732
135.209732
135.138306
149.126038
149.268890
149.411728
149.626007
149.983139
150.340271
150.411697
150.554550
150.411697
149.686768
148.451218
146.929947
144.969467
143.233948
141.130615
138.884430
137.006042
135.341934
134.770523
134.188446
134.259888
134.259872
134.627670
134.117035
149.126038
149.268890
149.411728
149.626007
149.983139
150.340271
150.411697
150.554550
150.850906
149.758209
148.522644
147.072815
145.112335
143.376801
141.273468
138.955856
137.077469
135.341919
134.402725
134.188461
133.749237
134.188461
133.749237
134.045609
