143.305359
142.794724
142.212662
142.366165
141.130615
139.895050
139.395081
138.527298
138.466537
138.405777
138.559280
139.080582
139.305511
139.530457
139.898254
139.826813
140.633820
141.215897
141.133804
141.265991
141.908829
142.480240
142.694519
142.837372
143.448212
142.937576
142.355515
141.998383
141.202042
139.966476
139.537933
138.670151
138.680817
138.548630
138.702133
138.784225
139.009155
140.112518
139.673309
140.337463
140.776672
140.919525
141.133804
141.337418
141.908829
142.337387
142.551666
142.694519
143.662491
143.151855
142.569794
141.844879
141.119949
140.252182
139.895050
139.027283
138.966522
138.466537
139.059265
139.141342
138.927078
139.959015
139.887589
139.744736
140.041107
140.551743
141.133804
140.826782
141.694550
142.123108
142.337387
142.848022
143.212616
142.773407
142.559128
142.344849
141.548508
140.823593
140.395035
139.527267
139.537933
139.477158
139.191452
139.273544
139.427063
140.019775
139.948349
139.662643
140.326797
140.255371
140.326797
140.683929
141.041061
141.694550
141.908829
141.980255
143.273392
143.273392
142.691315
142.844833
141.752121
141.027206
140.598663
140.680740
139.884399
139.823624
139.537918
139.620010
139.773514
140.294830
139.641327
139.651993
139.437714
139.591232
139.959015
140.101868
140.755356
141.265991
141.337418
141.848068
143.334152
143.334152
143.191299
142.977020
141.955734
141.670044
141.312912
141.395004
140.598648
140.170090
140.323608
139.966476
140.487778
140.130646
140.284164
139.416397
139.355621
139.509140
139.662659
140.030441
140.101868
140.908875
140.908875
141.276657
143.548431
143.548431
143.405579
143.334152
142.312866
142.905594
141.812897
141.894974
141.170059
141.548508
141.262817
140.537888
141.059189
140.630630
139.977142
139.405731
138.977173
139.427048
139.509140
139.734070
140.030441
140.694595
140.694595
141.062378
143.987640
143.987640
143.916214
143.844788
143.334152
143.191299
142.905594
142.691330
141.966400
141.977066
141.323578
140.966446
141.048523
141.059189
139.966476
139.466507
139.405731
139.048599
139.059265
139.580566
140.244720
140.837433
140.766022
141.133804
144.283997
144.355438
144.355438
144.355438
144.283997
144.141159
143.998306
143.855453
143.130539
143.212616
142.119904
141.834213
141.477081
141.119949
140.323608
140.334259
139.170135
139.109375
139.120026
139.937698
140.530426
141.051727
140.908875
141.205231
144.212585
144.284012
144.284012
144.355438
144.794647
144.723221
145.091003
144.141159
143.855453
144.008972
142.916260
142.191330
141.905640
141.548508
140.312943
140.395035
139.670120
139.680771
139.252228
139.998459
140.448334
141.408844
141.265991
141.562363
144.508942
144.580368
144.723221
145.233856
145.673080
145.744507
145.673080
144.794647
144.948166
144.733887
143.641174
142.987686
142.191330
141.905640
140.741501
140.823593
140.098679
140.252182
139.823624
140.569870
141.019745
141.541046
141.765976
142.062347
144.876740
144.948166
145.091019
145.601654
145.744507
145.815933
145.887360
145.815933
145.673080
145.091003
144.437515
143.712601
142.987686
142.701981
141.170059
141.323563
140.741501
140.895020
140.170090
140.987762
141.437637
141.958939
142.623093
142.551666
144.876740
144.876740
145.019592
145.530228
146.551514
146.326569
146.397995
146.397995
145.887360
145.376709
145.162445
144.437515
143.712601
143.059113
141.598602
141.823547
141.312912
141.537842
141.323578
141.773453
142.294739
143.255264
143.112411
143.040985
145.244522
145.244522
145.387375
145.969437
146.622925
146.837204
146.980057
146.980057
146.469421
146.030212
145.815933
144.723221
143.998306
143.344803
142.323532
142.691315
142.252106
142.109253
142.037827
142.559128
143.448227
143.673157
143.969513
143.458878
145.315948
145.315948
145.458801
146.040863
146.622925
146.837204
146.980057
146.980057
146.612274
146.173065
146.101639
145.744507
145.019592
143.630524
143.048447
142.977020
142.537811
142.466370
142.394958
142.916260
143.508987
144.173141
144.101715
144.101715
145.387375
145.019592
145.530212
146.040863
146.255142
146.469421
146.612274
147.051483
146.612274
145.805267
146.101639
145.519562
144.794647
144.212585
143.701950
143.559082
142.680664
142.977020
142.537811
143.201965
143.794693
144.530273
144.898056
144.019623
145.091003
145.162445
145.673080
145.815918
145.887344
146.173065
146.244492
146.244476
146.244476
145.805267
146.173065
145.590988
145.376709
144.794647
144.212585
144.141159
143.191299
143.048447
142.905594
143.273376
144.008972
144.744537
144.744537
144.673126
145.233856
145.673080
145.305283
145.448135
145.519562
145.733841
145.805267
145.805267
145.805267
145.805267
145.805267
145.590988
145.448135
145.305298
144.794647
144.212585
143.559097
143.416245
143.273392
143.712601
144.080383
144.519592
144.519592
144.519592
145.601654
145.305283
145.376709
145.448135
145.519562
145.733841
145.805267
145.805267
145.805267
145.805267
145.805267
145.662415
145.590988
145.815933
145.673080
145.091003
143.701950
143.559097
143.416245
143.855453
144.223236
144.662445
144.294662
144.294662
145.162430
145.233871
145.305283
145.305283
145.448135
145.662415
145.662415
145.733841
145.733841
145.805267
145.437469
145.805267
145.590988
145.519562
145.376709
145.233856
144.283997
144.508942
143.998306
144.366089
143.926880
144.366089
144.366089
144.366089
144.948151
145.019577
145.091019
145.162430
145.744507
145.519562
145.662415
145.733841
145.805267
145.437485
145.876694
145.733841
145.662415
145.958786
145.887360
145.376709
144.794647
144.580368
144.069733
144.508942
143.998306
143.998306
143.998306
143.998306
145.244522
145.315948
144.948151
145.458801
145.673080
145.448135
145.519562
145.662415
145.733841
145.805267
145.437485
145.805267
145.733841
145.519562
145.448135
145.376709
145.233856
145.162430
144.651794
144.580368
144.069733
143.630524
143.630524
143.630524
145.244522
145.315948
144.948151
145.458801
145.673080
145.448135
145.519562
145.662415
145.733841
145.437485
145.437485
145.805267
145.733841
145.590988
145.519562
145.448135
145.305283
145.162430
144.651794
144.580368
144.069733
143.630524
143.630524
143.630524
145.244522
145.315948
144.948151
145.458801
145.673080
145.448135
145.519562
145.662415
145.662415
145.437485
145.069702
145.805267
145.733841
145.590988
145.519562
145.519562
145.376709
145.233856
144.723221
144.651794
144.069733
143.630524
143.630524
143.630524
