176.581207
177.316788
178.563019
180.248444
182.373093
184.865524
186.479538
187.215118
187.950699
187.215118
184.058533
178.327408
171.789291
165.322601
160.255646
155.995682
152.103516
149.753937
149.018356
150.121719
152.103516
153.503250
154.310257
155.117249
176.141998
176.509781
177.756012
179.441437
181.566086
184.426315
186.040314
186.847321
187.582901
187.215118
184.058533
178.327408
171.789291
165.322601
160.255646
155.995682
152.103516
149.753937
149.018356
150.121719
151.664307
153.135452
153.942459
154.749466
176.141998
176.509781
177.388214
179.073654
181.198303
183.690735
185.304749
186.479538
187.582901
187.215118
184.058533
178.327408
171.789291
165.322601
160.255646
155.995682
152.103516
149.753937
149.018356
150.121719
151.664307
153.135452
153.503250
154.310257
174.895782
175.263565
176.509781
178.195221
179.952072
182.444519
184.129944
185.743958
186.918762
187.357971
184.201385
178.398834
171.421509
164.444183
159.377213
154.749466
151.367935
149.018356
148.282776
149.018356
150.928726
152.032089
152.839096
153.646103
174.017349
174.017365
175.334991
176.581207
178.409500
180.534149
182.219574
184.569168
186.183182
186.990173
184.272812
178.470261
170.614502
163.269379
158.202423
154.381683
150.489502
148.579132
147.843567
148.211349
149.753937
151.296509
152.032089
152.032089
172.331909
172.771133
173.720993
174.967194
176.795486
178.552338
180.309204
183.537231
185.886810
186.693817
183.976440
178.173889
170.318146
162.830170
157.763199
153.574677
149.682510
147.772141
147.036560
147.475769
149.386139
150.560928
151.296509
151.296509
170.717911
171.157120
171.739197
172.913986
175.181488
176.570557
178.695190
181.923218
184.712021
186.693817
183.976440
177.734680
169.511139
162.390961
157.323990
153.064026
149.611084
148.139923
147.404343
147.843552
148.946930
149.682495
150.418076
150.418076
167.857681
168.296890
168.807526
170.492966
172.321259
174.517334
177.081192
180.309204
183.537231
185.519028
183.169434
177.295471
169.000488
161.512512
156.884781
153.431824
150.346664
148.804077
147.700714
148.139923
149.243286
149.978867
150.346664
150.714447
164.558243
164.997452
165.947311
167.561325
169.900238
172.024887
174.588745
178.623779
182.658798
184.272797
181.994644
176.927673
168.632706
161.512512
156.445557
153.728180
151.010818
149.029022
148.364868
148.732651
149.539658
150.714447
151.082230
151.450027
162.137238
162.576447
163.894089
165.140305
167.775604
170.778671
173.710327
177.377563
181.412567
183.465805
181.994644
176.488464
168.193481
161.073303
156.813354
154.024551
151.307175
149.764587
149.029007
149.396805
149.836014
151.082230
151.082230
151.450027
160.962433
161.401657
163.087082
164.772522
167.407806
170.850098
173.342545
177.377563
181.412567
183.465805
181.923218
175.977829
168.561279
161.441101
157.252563
154.392334
152.042755
150.500168
149.764587
149.693161
150.203812
151.010803
151.010803
151.378601
161.912292
162.351501
163.597717
165.283157
168.654022
172.024902
174.885117
178.552338
182.148163
183.762177
181.923218
176.417038
168.561279
161.880310
157.620346
154.392334
152.114182
150.571594
149.396805
149.325378
149.836014
150.643021
150.643021
150.643021
162.862152
163.301361
165.354584
167.407806
170.339447
173.710327
176.499130
180.166351
182.955170
184.936951
182.658798
176.856262
169.368286
162.687317
157.620346
154.902985
152.185608
150.203796
149.468231
149.396805
149.907440
149.836014
150.275238
150.714447
163.444214
164.251221
166.304443
168.357666
172.024887
175.324341
178.184555
180.901932
184.129944
185.304749
183.465790
176.784821
170.175293
162.758728
158.130997
154.606613
151.889236
150.275238
149.100433
148.661224
149.978867
149.907440
149.978867
149.978867
163.219269
164.026276
166.079498
168.868301
172.167740
175.763550
178.552353
181.341156
183.762161
184.936951
182.587372
176.417038
169.368286
162.390945
157.763214
154.678040
151.960663
150.346649
149.243286
148.364868
149.611084
149.539658
150.050293
150.050293
161.748108
162.922913
164.976135
167.764938
171.871384
175.834976
178.623779
180.973358
183.394379
183.690735
181.412567
175.242249
168.264923
161.583954
157.466843
154.310257
151.960663
150.050293
149.314713
148.875504
149.753937
149.611084
149.682510
149.682510
160.205536
161.012543
163.065765
166.733002
171.207230
175.170822
178.398834
180.677002
182.148163
182.076721
179.430786
173.996033
167.018707
160.480591
156.292053
154.013885
151.664307
150.193146
149.457565
148.946930
149.825348
149.314713
149.753937
149.753937
158.438019
159.612808
161.666031
165.701050
170.543076
174.874451
177.663269
179.869995
180.605576
180.534149
177.888199
172.085663
165.915329
159.448639
155.627899
153.349731
151.439362
150.264572
149.528992
149.089783
149.528992
149.457565
149.457565
149.457565
156.599075
157.773865
160.194885
164.669113
169.878922
175.017319
177.806122
179.205841
179.869995
179.062988
176.274200
170.982300
164.444168
158.784485
155.331528
153.492584
151.510788
150.335999
149.600418
149.528992
149.528992
149.457565
149.457565
149.089783
155.342194
156.516983
158.937988
163.340805
169.286194
174.863800
177.581177
178.541687
178.398834
177.520416
174.803040
169.511139
163.412231
158.191757
155.178024
153.267654
151.653641
150.478851
150.111053
149.671844
149.232635
149.161209
149.161209
148.793411
153.717529
155.260101
157.609695
162.819504
169.132690
174.638855
177.356232
178.316757
177.295471
175.681458
172.892670
168.846985
162.819504
157.527603
154.953079
153.410492
151.796494
150.989487
149.814697
149.375488
148.936264
148.497055
148.864838
148.425629
152.757004
153.931793
156.720596
162.226776
168.979172
174.781708
177.059875
177.581177
176.263519
174.506668
171.789307
167.743622
162.226776
157.741882
154.728149
153.114136
151.867920
151.060913
150.253906
149.446899
148.568481
148.129272
148.129257
148.057831
152.092865
153.267654
155.985031
161.491211
168.682800
174.924561
177.202728
177.652603
176.263519
173.771088
171.053711
167.008041
161.491211
157.006317
154.431793
153.256989
152.010773
151.132339
150.253906
149.446899
148.568481
148.129272
148.129272
147.690048
151.796494
152.971283
156.056458
161.562622
168.315018
174.556778
176.763504
177.284821
175.527954
173.771088
171.053711
167.008041
161.491211
157.445526
154.871002
153.256989
151.939346
151.060913
150.693130
149.518341
148.639908
148.200684
148.200684
147.690048
