173.599457
173.599457
173.160248
172.721039
172.210388
171.331955
172.210388
172.721024
174.845673
177.041748
178.798615
181.433899
183.997757
185.458252
184.722672
183.108673
179.880646
177.163269
174.078110
171.432159
168.714783
166.947266
165.772476
165.036896
173.599457
173.599457
173.160233
172.721024
172.210388
171.331955
172.210388
173.088806
174.845673
177.041748
178.870041
181.433899
184.069183
185.458252
185.090469
182.740875
179.952087
176.795502
174.445892
171.799957
168.347000
166.436630
165.701050
164.965469
174.038666
174.038666
173.160248
172.721024
172.210388
171.331955
172.210388
173.017395
174.845673
176.970322
178.798599
181.433899
183.997757
185.826050
185.090469
183.108673
180.759079
177.602493
174.445908
171.799957
168.204147
165.997406
165.190414
164.015625
174.038666
174.038666
173.599457
173.160248
172.210388
171.699738
171.771179
172.649597
174.774246
176.531097
178.727188
181.291046
183.926331
185.386826
185.826050
183.844254
181.494659
177.970276
175.181488
171.657104
167.622086
164.904709
163.362122
162.555115
174.917099
174.477890
174.038666
173.160248
172.210388
171.331955
171.699738
173.017380
174.702820
176.459686
178.655762
181.658829
184.222702
185.683197
186.193832
184.212036
182.301666
179.145081
175.549271
171.514252
166.600800
163.444214
161.901642
160.216202
175.284897
174.845673
174.038666
173.528046
172.578171
171.699738
172.138947
172.945969
174.702820
176.827484
178.952118
181.148193
184.151276
186.050995
186.490204
185.019043
182.669464
179.880661
176.284851
171.810608
166.457947
162.422928
160.369705
159.123489
175.213455
174.845673
174.335037
173.456604
172.945969
172.435333
172.874542
173.752960
175.509827
176.756042
179.391342
181.515976
184.151276
185.540344
186.490204
184.947617
183.037247
180.248444
177.020432
172.106979
166.754318
162.719299
160.666077
159.419861
175.070618
174.559967
174.631409
173.752960
173.681549
173.170898
174.049332
174.927765
176.684631
177.930847
179.759125
181.883774
184.151276
185.468918
186.050980
184.876190
183.333618
180.984024
177.316788
172.842560
167.489899
163.822662
161.769440
160.523224
173.977905
174.417114
174.049332
174.345703
174.345688
174.713486
175.663330
176.541779
177.420197
179.177063
180.566132
182.690765
183.640625
185.029694
185.172546
184.436981
182.894394
181.280396
178.123795
174.017349
169.103897
165.436676
164.190460
162.647858
173.906494
173.906479
173.906479
174.713486
175.520493
175.959702
177.205917
178.155777
179.034210
180.791077
181.740921
182.690781
183.640640
184.519058
184.222702
183.558548
182.822968
181.208954
178.052368
174.824356
170.350128
167.489899
166.172241
165.508087
173.538696
173.538696
173.977905
174.713486
176.398926
177.205917
178.891357
180.280426
180.791061
182.037292
182.987137
183.569214
183.640625
183.712051
183.415695
183.190765
181.944534
180.769745
178.420166
175.631363
171.596344
169.103897
167.857697
167.561310
172.506744
172.874542
173.752960
175.366974
177.859406
179.473419
180.719635
182.037292
182.915710
183.794144
184.233368
183.936996
183.640625
183.344269
182.608688
182.312332
181.208954
180.473373
178.491577
176.070572
172.842560
171.228546
170.053757
170.053757
171.985443
172.353241
174.110092
176.020477
178.512909
181.301712
182.987137
184.601151
185.040359
185.408157
185.847366
184.815430
183.640625
182.465836
181.801697
180.698318
180.034164
179.737793
178.563019
176.581207
174.599426
173.424622
172.617615
172.985413
171.096359
171.903351
173.956573
176.306168
179.534180
182.394409
185.183212
186.797226
186.725800
187.532806
187.165009
185.622421
183.569214
182.098053
180.994690
179.962738
179.227173
178.930801
178.195221
177.091858
175.917068
175.038635
174.670837
174.670837
170.135834
171.310638
173.363861
176.591873
179.748459
183.783478
186.204498
187.747070
188.043442
188.411224
187.532806
186.061646
183.640625
181.291046
180.187683
179.155731
178.491577
178.195221
177.459641
177.091858
176.652649
176.724060
176.356277
176.724060
168.807541
169.982330
171.964127
175.631363
179.594955
183.997757
186.715134
188.186295
188.921860
189.218231
187.972015
186.061646
183.640625
181.291046
179.748459
178.716522
178.052368
177.756012
177.020416
177.459656
177.459641
177.459641
177.531067
177.898849
167.479233
168.286240
170.635834
174.599426
179.002228
184.140610
186.857986
188.329132
188.993286
189.289658
188.043442
186.133072
183.712067
180.555466
179.452103
178.348724
177.245361
176.949005
176.581207
177.388214
178.195221
178.634430
179.073654
179.441437
166.518707
167.254303
169.603882
174.006683
178.777283
184.283463
187.000839
188.471985
189.064728
189.361084
188.114868
186.133072
183.415695
180.187683
178.277313
177.173935
176.438370
175.774200
175.774200
177.020432
177.756012
178.563004
179.002228
179.441437
165.486786
166.661575
169.011154
173.781754
178.920135
184.426315
187.072266
188.472000
189.064728
189.361084
188.114868
185.397491
182.751541
179.594955
177.684586
176.070572
174.967209
173.792419
174.231628
175.477844
177.020432
177.827423
178.266647
178.705872
165.629639
167.172211
169.521790
173.485382
178.552338
184.058533
186.704468
188.175629
188.768356
188.993286
187.379288
184.733337
181.648163
178.195221
175.477844
174.231628
172.689041
171.146454
171.146454
172.760468
174.303055
175.549271
176.356277
176.795486
166.508057
167.682846
169.961014
173.924591
178.623779
183.690735
186.336685
187.736420
188.329147
187.818497
186.643707
183.558548
180.616226
176.795486
174.078110
172.096313
170.043091
168.868301
168.500519
170.114517
171.728531
172.974747
173.781754
174.149536
167.018707
168.193497
170.400223
173.996033
178.623779
183.251526
186.336685
187.736420
188.329147
187.889923
186.275909
183.262177
179.512863
175.692123
172.606964
170.257370
168.571930
166.957932
166.661560
167.836365
169.450378
170.696594
171.503601
171.871384
167.457916
168.632706
170.471649
173.996033
178.623779
183.251526
185.968903
187.368622
187.961349
187.450714
185.908127
182.526611
178.777283
175.027969
171.942810
169.521805
167.468567
165.415344
165.486786
166.661560
168.275574
169.961014
170.768021
171.135803
167.090118
168.264923
170.543076
173.996033
178.623779
182.883728
185.968903
187.368622
187.961349
187.082916
185.540344
182.526611
178.409500
174.660187
171.575012
169.154007
167.100784
165.486771
164.751190
165.854553
167.468567
169.154007
170.400223
170.768021
