152.164276
151.796494
151.939346
151.642990
150.682465
150.600372
150.661148
151.007614
151.129150
151.332764
151.107819
149.718750
148.554626
147.247635
146.676239
146.033401
145.686935
145.554733
145.126190
144.401276
144.186996
144.115570
143.972717
143.901291
151.653641
151.285858
151.428711
151.132339
150.539612
150.018311
150.079071
150.425552
150.547089
150.750702
150.893555
149.504486
147.901138
147.401154
146.094162
145.890549
145.176285
145.411896
144.615540
144.401260
143.747772
143.747772
144.186996
143.676346
150.193146
149.825363
149.968216
150.111053
149.446899
148.925613
148.986374
149.332855
149.750732
149.882935
149.586563
148.197495
146.961945
146.165588
145.226395
145.094208
144.819153
144.390610
144.033478
143.890625
143.451416
143.522842
143.522842
143.451416
148.150589
147.782791
148.293427
147.997070
147.332916
147.250824
147.240173
147.515213
147.861679
148.290237
147.993881
146.972595
145.297821
144.869263
144.001495
143.501526
143.440750
143.083618
142.940765
142.572983
142.715836
143.297897
143.001541
143.001541
145.597382
145.229584
145.668808
145.004654
145.147507
145.065414
145.351120
145.483307
145.319138
145.676270
145.308472
144.654999
143.787216
142.990875
142.562317
141.837402
141.919495
141.705215
141.266006
141.623123
142.051682
142.480240
142.623093
142.694519
143.044174
143.115601
142.747818
142.451447
142.522873
142.808578
143.022858
143.083618
142.705170
143.062302
142.990875
142.337387
141.469620
141.112488
140.826782
140.101868
139.959015
139.959015
139.734070
140.305481
141.019745
141.591156
141.805420
141.948273
140.776672
140.848099
140.848099
140.480316
140.551743
141.133804
140.908875
141.265991
140.744690
141.398193
140.958969
140.305481
139.948349
139.662643
139.448364
138.866302
138.866302
138.937729
138.927078
139.641327
140.427017
141.212692
141.498398
141.641251
139.091248
139.162674
139.091248
139.162674
139.091248
139.162674
139.305527
139.519806
138.927078
139.141357
138.630707
138.927063
138.345001
138.498520
137.987885
137.987869
138.130737
138.202148
138.334351
139.191452
140.119995
140.834244
141.191391
141.334229
137.620087
138.059296
137.548660
138.284241
138.141388
137.630753
137.702179
137.405807
137.180878
136.445297
136.884506
136.813080
137.180878
137.109451
137.548660
137.252289
137.466583
137.680847
137.813049
138.741592
139.812958
140.598648
140.955780
141.098633
136.813080
136.884506
136.741653
137.038025
136.823746
136.241669
135.802460
135.802460
135.138306
134.699097
134.770523
135.209732
135.720367
136.159592
136.302444
136.516724
136.802429
136.720337
137.730957
138.291718
139.730881
140.516571
140.945129
140.720184
136.006073
136.373871
135.863235
136.527374
135.945312
135.363251
134.781174
134.781189
133.606384
133.606384
133.677811
133.749237
134.699097
135.281158
135.495438
135.709717
136.066849
136.863190
137.066803
138.505981
139.066727
140.220215
140.280975
140.791611
135.495438
135.424011
135.352585
135.209732
135.506104
134.852615
134.413391
133.463531
133.024323
132.585098
132.217316
132.799377
133.749237
134.402725
134.617004
135.341919
135.259842
136.127609
136.770447
137.698975
139.434525
140.148773
140.577332
140.720184
135.281158
135.281158
135.209732
135.138306
134.995453
134.556244
133.606384
133.095749
131.778107
131.706680
131.338882
131.849533
132.503021
133.156509
133.810013
134.167130
134.892059
135.392029
136.402649
137.627548
139.291672
140.302292
140.730835
140.873688
135.577530
135.577515
135.577515
134.699097
135.066879
134.627670
133.677811
132.799377
131.849533
130.899673
130.899673
131.410309
132.063812
132.717300
133.370789
134.095718
134.524261
135.320602
135.892014
137.484695
139.445190
140.384384
140.373718
140.884354
135.434677
135.873886
135.434677
134.995453
135.066879
135.066879
134.188446
132.799377
131.920959
131.338882
131.410309
131.481735
132.431595
132.717300
133.738586
134.463501
134.749207
135.249176
135.677734
137.199005
139.016632
140.323608
140.241516
140.752167
135.731033
135.802460
135.802460
135.802460
135.506104
135.066879
134.699097
133.381454
132.799377
132.217316
131.849533
132.727951
133.238602
133.820663
134.402725
134.617004
134.831284
135.627640
135.984756
137.434601
138.741577
139.609344
139.895050
140.405685
136.098831
136.466614
136.170258
136.170258
135.945312
135.945312
135.648956
134.770523
134.188446
133.606384
133.677811
134.117035
134.484818
134.995453
135.506104
135.577530
135.352585
135.638290
135.852570
137.159546
138.466537
138.823669
139.844955
139.916367
136.905823
136.905823
137.048676
137.191528
136.895172
137.038025
137.038025
135.863220
135.720367
135.577530
135.577530
135.577530
136.313095
136.680893
136.752319
136.752319
136.016739
136.527374
136.670227
137.466568
137.895126
138.916412
139.130692
139.569901
137.998535
137.998535
138.141388
138.723450
138.130722
138.345001
138.855637
138.048645
137.905792
137.027359
136.955933
137.323730
137.620087
137.916443
137.916443
137.405807
136.966599
137.038025
137.038025
137.252289
138.345001
138.416428
138.998505
139.437714
139.744736
139.816162
140.398224
140.683929
140.601837
141.255341
141.398193
141.030396
140.519760
139.569901
139.569901
139.498474
139.355621
139.212769
139.069916
138.487854
137.977219
137.834366
137.691513
138.059296
138.569946
138.937729
138.937729
139.744736
141.633789
141.705215
142.655075
142.644409
143.369324
143.797882
144.379944
143.644363
143.205154
142.255295
141.376862
141.673233
141.091171
140.948318
140.294815
139.712753
139.355621
138.702133
138.416428
138.641373
138.937729
139.234100
139.091248
139.459030
143.308563
142.940765
144.401276
144.390610
145.329803
146.197571
146.411850
146.044067
145.165634
144.287201
143.408783
142.826706
142.244644
142.101791
141.009079
140.651947
139.855606
139.937698
139.509140
138.784210
138.937729
139.459030
139.316177
139.612549
143.962051
144.033478
145.054764
145.186951
146.493927
147.433136
147.647415
147.279617
146.472610
145.083542
144.276550
144.062271
142.673187
142.458923
141.366211
141.009079
140.509094
140.151978
139.723419
139.662643
139.305527
139.826828
139.173325
139.469696
144.104904
144.176331
145.197617
145.697586
147.004578
147.647400
148.229477
147.861694
147.126114
146.104828
144.858612
144.205109
143.326691
143.112411
141.580490
141.519730
141.091156
140.223404
140.162628
139.662643
139.673309
139.755402
139.101898
139.766052
