144.601685
144.744537
145.183762
144.958817
145.244522
145.458801
145.969437
145.601654
145.601654
145.969452
145.530228
145.969437
145.162430
145.744507
145.305298
145.008926
144.641144
143.905563
144.641129
146.040863
147.440598
148.543961
149.279541
149.647339
144.826630
144.969482
145.040909
145.112335
145.469467
145.612305
145.755157
145.826584
145.826599
145.458801
145.898010
145.530228
145.530212
145.673065
145.673065
145.376709
145.008926
144.273346
145.008926
146.040863
147.440598
148.911758
149.647339
150.015121
144.326645
144.469498
144.980133
144.683777
144.969482
145.255188
145.765823
145.469467
145.980103
146.051529
146.122955
145.826584
145.898010
146.040863
145.673065
145.376709
145.008926
144.641144
145.008926
146.040863
147.440598
148.615387
149.350967
149.718750
143.837326
143.980179
144.123032
144.265869
144.623016
144.837280
145.490784
145.705063
145.990768
145.765823
146.347885
146.562164
146.265808
146.480087
146.622940
145.815933
145.376724
144.641144
145.376709
146.040863
147.144226
148.247604
148.983185
148.983170
143.572937
143.276581
143.419434
143.633713
143.990829
145.154968
145.440674
145.869232
146.226364
146.512070
146.869186
147.226318
147.072815
147.726303
147.429932
146.255142
145.815933
145.376709
145.744507
146.040878
147.144226
147.512024
148.247589
148.686813
142.572983
142.644409
142.858688
143.001541
143.358673
144.155014
145.390564
145.451340
146.390533
146.819092
147.247635
147.747620
147.594101
148.319031
148.094086
146.919296
146.040863
145.601654
145.969437
146.337234
146.705017
146.776443
147.144226
147.951233
142.144424
141.776642
142.358704
142.501556
143.155045
143.951385
144.747742
145.247711
146.186920
146.615463
147.483246
147.983215
147.901138
148.626038
148.401123
147.297745
146.419312
145.980103
146.051529
146.122955
146.490738
146.633591
147.001389
147.072815
141.562363
141.930145
141.705215
141.776642
142.797913
143.890625
144.104904
145.044098
145.472656
145.829773
146.697556
147.054672
147.411804
148.065308
147.911789
147.247635
146.440643
146.144272
145.847916
146.062195
146.205032
146.347885
146.419312
146.858536
141.633789
141.562363
141.705215
142.072998
142.215851
143.533493
143.676346
143.962051
144.829819
145.483307
145.769012
146.493942
146.708206
146.993927
147.208191
147.054688
145.951324
145.726379
145.572861
145.929993
145.776489
145.990753
146.133606
146.205032
141.919495
141.408844
141.848068
141.776642
142.144424
142.951431
143.022858
143.676346
144.258423
144.911911
145.054764
145.636826
146.218887
146.433167
146.279663
146.493942
145.901215
145.379913
145.297821
145.726379
145.276505
145.490784
145.705063
145.847900
141.980255
141.908829
141.469604
142.205200
142.501556
142.797913
143.165710
143.676346
144.186981
144.329834
144.840485
145.279694
145.861755
145.933197
145.779678
145.922531
145.329803
144.808502
144.726410
144.715759
144.633667
144.990799
145.133652
145.205078
142.837372
142.765930
142.694519
142.919449
142.776596
143.369324
143.665695
144.104904
144.544113
144.544113
144.544128
145.279694
145.351120
145.351120
145.422546
145.126190
143.951385
143.358673
143.205154
143.930069
143.776566
144.062256
144.276535
144.715759
143.837326
143.765900
143.694473
143.847992
143.633713
143.787216
144.012161
144.308517
144.604889
145.044098
144.462036
144.758392
144.983337
144.983337
144.472687
144.033478
142.787262
142.419464
142.123108
142.776596
142.919449
143.133728
143.644363
144.083588
144.765869
144.694443
144.623016
144.705093
144.490814
144.572906
144.358627
144.951355
144.808502
144.737076
144.522797
145.186951
144.462036
144.758392
143.737122
143.594269
141.837402
141.326767
140.958969
141.837402
142.419464
142.490891
142.930115
143.369324
144.969482
145.337265
145.194412
145.347931
144.623016
144.408737
145.001465
145.154968
144.572906
144.869263
144.583572
144.808502
144.962006
144.379944
144.094238
143.072968
142.123108
141.101822
141.101822
141.541046
142.348038
142.419464
143.226471
143.226471
144.887390
145.255173
144.744537
144.969482
145.194412
144.612350
145.205078
145.430023
144.847946
145.144318
144.930038
145.154968
144.869263
144.726425
143.705139
143.490860
142.101791
141.448288
141.744659
142.112442
142.919449
143.287231
143.215820
143.655029
145.173096
145.101669
145.101685
144.958832
144.815964
144.673111
144.969482
145.265839
145.194412
145.419357
144.908722
145.133652
144.551575
145.215744
144.194458
143.612396
143.030319
142.448257
142.305405
142.969559
143.705139
144.072922
144.369293
144.440704
144.805298
144.805298
145.244522
144.805298
144.733871
144.733871
145.398026
145.837250
145.326599
145.183746
145.183746
144.673111
144.530258
144.826630
144.683777
144.101715
143.591064
143.305359
143.162506
144.265884
144.562241
144.787186
145.522766
145.522766
144.876740
144.876740
144.876740
144.876724
144.948166
144.948166
145.315948
145.755157
145.244522
145.540878
145.173096
145.030243
144.591034
145.326599
144.376755
144.233902
144.162476
143.876770
143.805344
144.398071
145.133652
145.430008
145.726379
145.287170
144.876740
144.876740
144.805313
144.876724
144.948166
144.948166
144.948166
145.458801
145.387375
145.315948
145.315948
144.876740
144.805313
145.173096
144.733887
144.591034
144.519608
144.376755
144.673111
144.969482
145.265839
145.562210
145.858566
145.490784
145.101669
145.101669
144.733887
145.173096
144.805298
144.876740
144.876740
145.387375
144.948166
144.948151
145.315948
144.876724
144.508942
144.876740
144.805313
144.805313
145.173096
144.662460
145.030243
144.958817
145.694397
145.622971
145.551544
145.919342
144.958817
144.958817
144.958817
145.030243
145.101669
144.805313
144.876724
144.876740
144.876740
144.948166
144.948166
144.948166
144.580368
144.948166
144.876724
145.315948
145.315948
145.244522
145.315948
145.244522
145.612305
145.540878
145.908676
145.908676
144.958817
144.958817
144.958817
145.030243
145.101669
144.805313
144.805313
144.876724
144.876724
144.948166
144.948166
144.948166
144.580368
144.948151
144.948151
145.387375
145.458801
145.458801
145.458801
145.387375
145.458801
145.755157
145.755157
145.683746
144.958817
144.958817
144.958817
145.030243
145.101669
144.805313
144.805313
144.508942
144.508942
144.580368
144.580368
145.019592
144.651794
145.019577
144.651794
145.530228
145.458801
145.530228
145.601654
145.458801
145.898010
145.826599
145.898010
145.826599
