144.815964
144.815964
144.519608
145.101669
145.387375
145.162445
145.448135
145.519562
145.519562
145.662415
145.733841
145.437485
145.508911
145.141113
145.723190
146.090973
146.162399
146.233826
145.723175
145.069702
144.783997
144.273346
144.130493
143.762695
144.305328
144.673111
144.887390
145.101669
144.948166
145.162445
145.448135
145.519562
145.590988
145.733841
145.805267
145.437485
145.508911
145.508911
145.651764
146.090973
146.162399
146.233826
145.651764
145.437485
144.783997
144.273346
144.130493
143.762695
144.601700
144.601700
145.112335
144.958817
145.244522
145.162445
145.448135
145.519562
145.590988
145.805267
145.805267
145.437485
145.508911
145.508911
145.651764
146.090973
146.162399
146.673035
146.162399
145.948120
144.926849
144.416199
144.273346
143.905548
144.755203
145.194412
144.898056
144.815979
145.244522
145.601654
145.519562
145.590988
145.662415
145.805267
145.876694
145.508911
145.508911
145.437469
145.580322
146.019547
146.162399
146.601608
146.162399
146.019547
144.998260
144.119843
144.416199
144.048401
144.837296
144.908722
145.122986
145.480118
145.540894
145.601654
145.519562
145.662415
145.805267
145.948120
145.948120
145.876694
145.948120
145.876694
145.508911
146.019547
146.530182
146.673035
146.233826
146.162399
145.580322
144.701904
144.630478
144.262680
144.847961
145.726379
145.205078
145.633636
145.398026
146.040863
146.030212
146.173065
146.315918
145.948120
146.019547
145.948120
145.948120
145.437485
145.508911
146.387329
146.969406
147.480042
146.744461
146.673035
145.794601
144.916183
144.405548
144.844757
145.297821
145.808472
145.726379
145.858566
146.133621
146.408661
146.469421
146.612274
146.315918
146.019547
146.019547
145.948120
146.387329
145.948120
145.876694
146.458771
147.040817
147.919266
147.622894
147.183685
146.305252
145.794601
145.355408
145.794617
145.676270
146.258331
145.737030
146.083511
146.501404
147.287079
146.908630
146.683701
146.826538
146.458771
146.458771
146.387329
146.387344
146.387344
146.019547
146.969391
147.622894
148.501328
148.133530
148.133530
147.255112
146.815887
146.376663
146.815887
146.054718
146.268997
146.626129
146.676224
147.236969
147.654877
147.419281
147.562134
147.265762
147.194336
146.826538
146.897980
146.458755
146.090973
146.162399
147.551468
148.501328
149.083389
148.715607
148.715607
148.204956
148.133530
147.694321
148.062103
146.065384
146.718872
146.340424
147.197540
147.461914
148.022675
148.154846
148.001343
147.633560
147.562134
147.265762
147.265762
146.897980
146.969406
147.040833
148.062103
148.940536
149.522614
149.522614
149.451172
149.011963
149.236908
148.429901
148.797684
146.147461
145.993958
146.422516
147.279617
147.615433
148.319031
148.819016
148.736923
148.808350
148.369141
148.440552
148.511993
148.072769
148.144196
147.776398
148.654831
149.604691
150.115326
150.043915
149.972473
149.390411
149.686783
149.247559
149.176132
145.422546
145.636826
146.136810
146.554703
147.329727
148.401108
148.972519
149.033279
149.615356
149.686768
149.758209
150.268845
149.686783
149.615341
149.543930
150.054565
150.493790
150.493774
150.350922
150.136658
149.993805
149.779526
149.268875
149.268875
144.329834
144.472687
145.411896
145.901215
146.901169
148.340347
148.983170
150.065231
150.790146
151.443634
151.515060
151.882843
151.597137
151.454285
151.750656
151.679230
151.679230
151.168594
150.515091
150.229401
149.943695
149.657990
149.147354
149.075928
143.308563
143.451416
144.758392
145.104858
146.472626
148.351013
148.993835
150.515091
151.382874
152.179214
152.546997
152.914795
152.925446
152.639755
152.864685
152.282623
152.139771
151.189911
150.464996
150.107864
149.822159
148.729462
148.586609
148.515182
142.940765
143.451416
144.247757
144.962006
146.186920
147.779602
148.422424
150.311493
151.618469
151.975601
152.414810
152.639755
152.650406
152.661072
152.375366
151.793304
151.282654
150.261383
149.168671
149.179337
148.086624
146.993912
146.851059
146.708206
143.155045
142.858688
144.022812
144.379944
145.758362
147.575989
148.004532
149.382950
150.618500
150.904205
151.272003
151.496933
151.436172
150.936188
151.089706
150.068420
149.118561
148.536499
147.443787
147.158081
145.697601
145.115524
144.972672
144.462036
143.072968
143.144394
144.094238
144.676315
145.769012
146.422516
147.515213
148.311554
149.036484
149.250763
149.547119
149.629211
149.568436
149.139893
147.975754
147.393692
146.883041
146.300980
145.351120
144.329849
143.308563
142.358704
141.919495
141.848068
143.501511
143.430099
143.797882
144.165680
144.972672
145.411896
146.290314
146.872391
147.086670
147.668732
147.597305
147.168747
146.668762
146.608002
145.515289
145.004654
144.422592
143.911942
143.033524
141.644440
140.326797
139.887589
139.376938
138.937729
143.715790
143.205154
143.869308
144.094238
144.686966
144.472687
145.208267
145.351120
145.493973
145.565399
145.422546
145.136841
144.636856
144.208313
143.187027
142.604965
142.094315
141.144470
140.705246
139.387604
137.702179
137.702179
137.262955
136.455948
144.226440
144.155014
144.308517
144.022827
144.033478
143.604919
143.829865
143.390640
143.165710
143.165710
142.655060
142.001572
141.276657
140.623169
139.601883
139.019821
138.876968
138.805542
137.559326
136.680893
135.434677
135.066879
134.556244
134.188446
144.808502
144.226440
144.379944
143.951385
143.308563
142.808578
142.083664
141.276657
140.908875
140.541077
140.101868
139.152008
138.130722
137.620087
136.231018
136.088165
135.945312
135.434677
134.995453
134.188446
133.381454
132.574448
132.135239
131.696014
145.319138
145.104858
144.819168
143.951385
143.165710
142.083664
140.551743
140.112518
139.305511
138.569946
137.620087
136.884506
135.934647
134.688431
134.249222
134.106369
133.524307
133.820663
133.310028
132.135223
131.767441
130.960434
130.592651
130.521225
146.197571
145.104858
145.258377
143.879959
142.726501
141.062378
140.337463
139.019821
138.212814
137.477234
136.598801
135.424011
134.177795
133.370789
132.931580
132.788727
132.645874
132.063812
131.624588
131.256805
130.889008
130.082001
129.714218
129.346436
145.829788
145.544083
144.819153
143.879974
142.215851
140.990952
139.755402
138.876968
137.630753
136.895172
136.088165
134.474152
133.667160
132.860153
132.053146
131.910294
131.767441
131.624588
131.624588
130.378372
130.449799
129.642792
129.346436
128.835785
