157.082001
157.817581
158.481735
159.738617
161.434708
162.763016
162.323792
161.802490
160.545624
157.899658
156.439178
153.814545
150.536423
147.554657
145.083542
143.644363
141.469620
140.387573
140.019775
142.051682
143.490860
144.347961
145.512100
146.094162
157.449783
158.185364
158.042526
159.370819
161.506134
162.763016
162.323792
161.659637
160.402771
158.124603
156.296326
153.600266
149.882935
147.411804
144.940689
143.133728
141.398193
139.948349
140.387573
141.612473
143.348007
144.715759
145.512100
146.094162
157.521225
158.256790
158.553162
159.881470
161.577560
162.763016
162.395233
162.027435
160.188492
157.767487
155.867767
153.243134
149.965012
147.126099
144.726410
142.919449
140.816116
139.437714
139.876923
141.541046
143.276581
144.572906
145.808472
146.390533
158.471069
158.838867
159.431580
160.392105
162.159622
163.345078
162.395218
161.884583
160.270569
158.442291
155.664154
153.407303
149.761398
146.993912
144.297867
142.123108
139.723419
138.784225
138.855652
140.887543
143.133728
144.797836
145.594177
146.247681
159.053146
159.420929
160.013657
160.974182
162.741699
163.120148
162.834442
162.109528
160.577606
158.095825
155.685471
152.621628
149.047134
146.279663
143.655029
140.887543
138.927063
137.252289
138.202148
139.866272
142.919449
145.022781
146.258331
147.208191
159.931564
159.860138
160.892090
161.484818
162.741699
163.191559
162.763016
161.752396
159.566971
157.310135
155.124725
152.132309
148.629242
145.197601
142.644409
139.948349
137.762939
136.598801
137.180878
139.651993
142.705170
144.737076
146.340424
147.361710
160.595718
160.524292
161.188446
161.781174
162.598846
162.538071
161.670303
160.149048
158.556351
156.156662
153.532028
150.171829
147.179413
144.258423
141.408844
138.784225
137.038025
135.577530
136.598801
138.630707
142.419464
145.186951
146.790298
147.076004
161.331299
161.259872
161.484818
161.566895
161.945343
161.373932
159.995529
158.699203
155.860291
153.389175
150.764557
147.772125
144.554779
142.144424
139.734070
137.620087
136.016739
135.066879
136.455963
138.855652
142.133759
144.829819
146.433167
147.015228
161.484818
161.341949
161.566895
161.209778
160.638367
160.066956
158.106476
156.003159
153.021393
150.550278
147.997070
144.708282
142.297943
140.030441
138.059296
136.159592
135.434677
134.995453
136.384537
139.080582
142.215851
144.472687
146.372406
146.586685
161.424042
161.209778
160.995483
160.199158
159.188522
157.667267
155.706787
153.674881
150.253906
147.047211
144.861801
142.155090
139.816162
138.059296
136.159592
135.138306
134.924026
134.924026
136.313110
138.937729
141.930145
143.676346
145.576065
146.086700
160.199142
159.617081
159.402802
158.463608
157.085190
155.267578
152.867874
150.468185
147.190063
144.494019
142.890656
140.183945
137.987885
136.670227
135.281158
134.331299
134.627670
134.188446
135.577530
138.498520
140.908875
142.951431
144.044144
144.554779
157.667267
157.156631
156.503128
155.635361
153.817734
151.560898
149.814697
147.557861
144.565445
142.083664
140.551743
138.059296
136.373871
135.127655
134.617004
133.738586
133.595734
133.524307
135.281158
136.884506
139.591217
141.123138
142.144424
142.583633
154.256958
153.746307
153.092819
151.785828
149.968201
148.222015
146.179443
143.840515
141.573029
139.816162
138.427094
136.813080
135.341919
134.463501
133.656494
133.145859
133.003006
133.738586
134.249222
136.077499
137.905792
138.927078
140.244720
140.244720
150.918060
149.968201
149.753937
148.446945
146.332962
144.218964
143.197693
141.440826
139.019821
137.548660
136.373871
135.709717
134.238556
133.942200
133.574417
133.431549
132.849487
133.145844
134.024292
134.831284
136.220352
137.098785
137.977219
138.416428
147.497086
146.986450
146.475815
145.168823
143.494049
141.451492
140.501633
138.959045
137.120102
136.598801
135.495438
134.534927
134.381409
134.085052
133.717255
133.278046
132.624557
133.217285
133.288696
134.463501
135.270493
136.077515
136.955933
136.516724
143.483398
143.411957
142.901321
142.104980
140.501633
138.969711
138.162704
137.130768
136.241669
135.720383
135.127655
134.606354
134.524261
134.299332
133.931534
133.788696
133.574402
133.727921
133.727921
134.392075
134.759857
135.495438
135.934647
135.495438
139.683975
139.173325
139.101898
138.376984
137.723495
136.702209
136.334427
135.741699
135.731033
135.281158
135.199081
134.749207
135.034912
134.809967
134.513611
134.299316
134.085052
134.238556
134.095703
134.320648
134.617004
134.984802
134.913376
134.913376
136.466614
136.395187
136.395187
135.741699
135.527420
135.016785
135.088211
135.006119
135.363251
134.913376
135.199081
135.188416
135.106339
134.952820
135.392029
134.809967
134.892059
134.677780
134.463501
134.249222
134.106369
134.034943
133.963516
134.259872
135.220398
135.220398
135.148972
135.373901
134.424057
134.720413
134.352631
134.199112
134.924042
134.913376
135.199081
135.116989
135.402695
135.249176
135.320618
135.106339
134.820618
134.534927
134.320648
134.106369
133.595718
133.892090
133.452881
133.749237
135.648956
135.209732
135.577530
135.434677
135.220398
135.077545
134.638321
134.852600
134.995453
134.841949
134.984802
134.902710
135.188416
135.331268
135.034897
134.820633
134.606354
133.952866
134.177795
133.595734
133.452881
133.013657
132.942230
132.870804
136.659576
136.659576
136.588150
136.741653
136.527374
136.313110
135.802460
135.434677
135.506104
134.770523
134.474152
134.688431
134.902710
135.045563
134.309982
134.463501
133.442215
133.667160
133.524307
132.942230
132.574448
132.942230
132.503021
132.503021
137.527344
137.527344
137.823700
137.609421
137.395142
137.109451
136.088165
136.016739
135.577515
134.770523
134.770523
134.913376
134.688431
134.759857
133.952850
133.881439
133.227936
133.452881
133.013657
132.870804
132.135239
132.135223
132.135223
132.063812
138.180832
138.180832
138.109406
138.262924
137.977219
137.252304
136.670227
136.088165
136.016739
134.699097
134.627670
134.770523
134.545578
134.617004
133.881424
133.667160
133.156509
132.942230
132.870804
132.431595
131.624588
132.063812
131.624588
132.063812
138.323685
138.323685
138.109406
138.773560
138.487854
137.762939
136.741653
136.159592
135.577530
134.627670
134.627670
135.138306
134.545578
134.545578
133.738586
133.667160
133.013657
132.942230
132.870804
132.360168
131.624588
131.624588
132.063812
132.063812
