164.904709
164.976135
164.976135
165.415344
165.558197
165.558197
164.822632
164.087051
163.351471
162.248093
161.512527
160.409149
159.744995
159.009430
158.273849
158.713058
159.448639
159.816437
159.816437
159.744995
159.816437
160.184219
160.184219
160.184219
164.904709
164.976135
164.976135
164.976135
165.118988
165.118988
164.383423
163.647827
162.912247
161.808884
161.073303
159.969940
159.744995
159.009430
158.273849
158.713058
159.448639
159.816437
159.816437
159.744995
159.816437
159.744995
159.744995
159.744995
165.047562
165.118988
165.118988
165.118988
165.261841
165.261841
164.526260
163.351471
162.615891
161.512527
160.776947
159.673584
159.009430
158.273849
157.538269
157.977478
158.713058
159.080841
159.080841
159.009415
159.080841
159.009430
159.009430
159.009430
165.629639
165.261841
165.261841
165.261841
165.404694
164.965485
164.229889
163.422897
162.758743
161.216156
160.480591
158.938004
158.273849
157.538269
156.802689
157.609695
158.048904
158.416702
158.416702
157.906052
157.977478
157.906052
157.906052
157.906052
166.140259
165.772476
165.772476
165.404694
165.476120
165.108337
164.372742
163.197952
162.462372
160.919800
160.184219
158.641632
157.538269
156.874115
156.138550
156.577759
156.506332
156.874115
156.874115
156.802689
156.802689
156.731262
156.731262
156.731262
166.354553
165.986755
165.986755
165.179749
165.251175
164.444168
163.708603
162.462372
161.798218
160.255646
159.520065
157.977493
156.874115
156.138535
155.402954
155.842163
155.474396
155.842178
155.842178
155.331543
155.331543
155.260101
155.260101
155.260101
165.618973
165.251175
165.251175
164.444168
164.515594
163.708603
162.973022
161.798218
161.062653
159.520065
158.784485
157.609695
156.506332
155.402954
154.667389
155.106598
154.738800
155.106598
155.106598
154.595947
154.595947
154.085312
154.085312
154.085312
163.637161
163.269379
163.269379
163.269379
162.901596
162.094589
161.359009
161.062653
160.255646
159.520065
158.345276
157.241913
156.577759
155.770752
155.035172
155.106598
154.667374
154.667374
154.667374
154.228165
153.788956
153.278320
153.278320
153.278320
162.390945
161.583954
161.583954
161.287582
160.848358
160.919800
160.184219
159.448639
159.448639
158.713058
157.977478
156.874115
156.577759
155.842178
155.402954
154.667374
154.299591
153.860382
154.299591
153.421158
152.981949
152.542725
152.542725
152.542725
160.409149
160.041367
160.041367
160.112793
159.673584
159.744995
158.570206
158.641632
158.641632
158.345276
157.609695
157.241898
156.945541
155.842178
155.402954
154.667374
154.228165
153.421158
153.860382
153.053375
152.614151
152.174942
152.174942
152.174942
158.795151
158.427353
158.427353
158.498779
158.498779
158.570206
157.834625
157.906067
157.906067
157.609695
156.874115
156.506332
156.209961
155.842178
155.402954
154.667374
154.228165
153.421158
152.981949
152.174942
151.735733
151.296509
151.296509
151.296509
158.059570
157.691772
157.691772
157.763199
157.323990
157.395416
157.099060
157.170471
157.170471
156.874115
156.067108
156.138535
155.842178
155.474380
155.035172
154.299591
153.860382
153.053375
152.614151
151.807159
151.367935
150.560944
150.560944
150.560944
157.323990
157.395416
157.395416
157.395416
156.588409
156.220627
156.434906
156.434906
156.434906
156.138535
155.770752
155.474380
155.913605
155.106598
154.667389
153.860382
153.492584
152.685577
152.246368
151.439362
151.000153
150.193146
150.193146
150.193146
156.588409
156.659836
156.659836
156.659836
156.292053
155.924255
156.067108
155.699326
155.699326
155.402954
155.402954
155.106598
155.178009
154.371017
153.931808
153.931808
153.196228
152.757004
151.807159
151.000153
150.632355
149.825363
149.825363
149.825363
156.731262
156.731262
156.731262
156.292053
155.924255
155.188675
155.331528
154.963745
154.963745
154.667389
154.667389
154.299591
154.299591
153.492584
153.492584
153.053375
152.317795
151.878586
151.071579
150.264572
149.896774
149.089783
149.089783
149.089783
156.874115
156.874115
156.874115
156.434906
156.067108
155.331528
155.402954
155.035172
154.963745
154.299591
154.299591
153.931793
153.564011
152.757004
152.757004
152.317795
151.582214
151.143005
150.335999
149.896774
149.528992
148.793411
148.793411
148.354202
157.384750
157.384750
157.384750
156.577744
156.281387
155.402954
155.474380
154.667389
154.667389
154.299591
154.299591
153.860382
153.124802
152.317795
152.317795
151.143005
150.775208
150.775208
149.528992
149.161194
148.793411
148.425629
148.425629
147.986420
157.527603
157.527603
157.527603
157.159821
156.424240
155.545807
155.545807
154.738800
154.667374
154.299591
154.299591
153.492584
152.757019
151.950012
151.950012
150.703796
150.335999
149.968201
149.232635
148.864838
148.425629
148.057831
148.057831
147.618622
157.302673
157.302673
157.302673
156.495667
156.056458
154.810226
154.810226
154.003235
153.931808
153.564011
153.564011
152.685577
151.950012
151.143005
151.143005
149.968201
149.600418
149.232635
148.497055
148.129257
147.690048
147.690048
147.690048
147.250839
156.127869
156.127869
156.127869
155.320877
155.320877
154.513870
154.513870
153.635437
154.003235
153.196228
153.196228
152.317795
151.950012
151.143005
150.703781
149.968201
149.600418
149.232635
148.497055
148.129272
147.690048
147.393677
147.393677
146.954468
154.953079
154.953079
154.953079
154.585297
154.146072
153.706863
153.706863
153.267654
153.196228
152.828430
152.828430
151.878571
151.510788
151.143005
150.703781
150.039642
149.304062
148.497055
147.761475
147.393677
147.393692
147.025894
147.025894
147.025894
153.778290
153.778290
153.778290
153.410492
153.339081
153.339081
153.339081
152.899857
152.899857
152.460648
152.460648
151.582214
151.582214
151.214432
150.775208
149.968216
149.671844
148.864838
148.129272
147.761475
147.761475
147.393677
147.393677
146.954468
153.042709
153.042709
153.042709
152.674927
152.532074
152.971283
152.971283
152.899857
152.899857
152.460648
152.460648
151.582214
151.582214
151.214432
150.335999
150.039642
149.304062
148.497055
147.761475
147.393692
147.393677
147.025894
147.025894
147.025894
153.042709
153.042709
153.042709
152.674927
152.603500
152.603500
152.603500
152.532074
152.532074
152.092850
152.092850
151.214432
151.214432
150.846634
149.968216
150.039627
149.304047
148.497055
147.761475
147.393677
147.393677
147.025894
147.025894
147.025894
