144.141159
144.141159
144.141159
144.651794
145.162445
145.305298
145.305298
145.305283
144.794647
144.723221
145.162445
145.162430
145.601654
146.337234
147.226318
148.411774
148.718796
148.811554
148.025848
144.676315
142.572983
139.437714
138.641373
137.620087
144.141159
144.141159
144.141159
144.651794
145.162445
145.305298
145.305298
145.305283
144.794647
144.723221
145.162445
145.162430
145.673080
146.408661
146.929962
148.483200
148.718796
148.954391
148.168716
145.186951
142.644409
139.805496
138.641373
137.620087
144.141159
144.141159
144.141159
144.651794
145.162445
145.305298
145.305298
145.305283
144.794647
144.723221
145.162445
145.162430
145.673080
146.480087
146.562164
148.186829
148.861649
149.025818
148.240128
145.258377
142.715836
139.876923
139.080582
138.059296
144.437515
144.437515
144.437515
144.948151
145.091003
144.866074
144.866074
144.866074
144.426849
144.355438
144.794647
144.937500
145.008926
145.815933
146.408661
147.594116
148.268921
148.943726
148.525833
145.840454
143.226471
140.826782
139.591217
138.937729
144.366089
144.366089
144.437515
144.508942
145.091003
145.233856
145.305283
144.569717
144.059067
143.691284
143.691284
144.201935
144.783997
144.783997
145.744507
147.072815
148.186829
148.790222
148.882965
146.126144
143.808533
141.776642
140.469650
139.816162
144.662460
144.733887
144.805313
144.876740
145.019592
144.794647
144.866074
144.130493
143.691284
143.323486
143.323486
143.537766
143.680618
144.119827
145.223206
146.847870
148.472534
149.075928
148.729462
146.708221
143.951401
142.215851
141.348083
140.694595
144.662460
144.733887
144.805313
144.876740
145.019592
144.794647
144.866074
144.130493
143.691284
143.323486
143.323486
143.537766
143.680618
144.119827
145.223206
146.040863
148.104752
149.147354
148.361664
146.779648
143.951385
142.144424
141.205231
140.551743
144.805313
144.876740
144.948166
145.019592
144.723221
144.866074
144.866074
144.130493
143.619858
143.252075
143.252075
143.027130
143.609192
144.416199
145.080353
146.408646
147.961899
148.933075
148.218811
146.565369
143.665695
141.562363
140.990952
140.337463
145.387375
145.458801
145.458801
145.530212
145.305283
144.498291
144.569717
144.059082
143.180634
143.109222
143.548431
143.323486
143.905548
144.273346
145.305298
146.562164
148.186844
148.718796
147.933105
146.279663
143.012192
140.837448
139.898254
139.612549
145.162430
145.162430
145.233856
145.305283
145.008926
144.569717
144.569717
144.059082
143.109222
143.037796
143.477005
143.619858
143.762711
144.569717
145.162445
146.419312
148.340347
148.504517
147.647400
145.626160
142.358704
140.623169
139.244751
138.591263
145.233856
145.233856
145.233856
145.305283
145.008926
144.569717
144.569717
144.059082
143.109222
143.037796
143.477005
143.619858
144.569702
145.376709
145.898010
147.154892
148.636719
148.800888
147.504562
145.554749
141.848068
140.041092
138.734116
138.080627
145.008926
145.008926
145.376709
145.008926
144.641144
144.201935
144.569717
144.130493
143.180634
143.109222
143.548431
144.059067
144.641144
145.815933
146.337234
147.594116
149.004501
148.290237
147.433136
144.972672
141.408844
139.234100
138.294891
137.273621
144.641144
144.641144
144.641144
144.641144
144.641144
144.273346
144.273346
143.762711
143.691284
143.691284
143.691284
144.569717
145.519577
146.694366
146.847870
148.401123
149.372284
148.658035
147.800919
144.604889
140.969635
138.427094
137.120102
136.538040
144.641144
144.641144
144.201920
144.569702
144.569702
144.641144
144.641144
144.201935
143.762711
143.762711
143.762711
145.080353
146.030212
147.205002
147.726288
148.911743
149.443710
149.168671
147.872345
144.237091
140.673279
138.130722
136.384521
135.802460
144.794647
144.794647
144.794647
144.498291
144.498291
145.008926
145.008926
144.130493
143.762711
143.762711
143.762711
145.080353
146.030212
147.205002
147.726288
148.983185
149.515137
149.240097
147.943771
144.308517
140.673264
138.202148
136.455948
135.873886
144.733871
144.437515
144.876740
145.091019
145.162445
145.376724
145.008926
144.498291
144.059082
143.619858
144.059082
144.937500
145.958786
147.572784
148.236938
149.422394
149.586563
149.382950
148.086624
144.890594
141.326767
138.345001
136.598801
136.016739
144.673126
145.183746
145.255188
145.101669
146.194382
146.112289
145.744507
144.866074
143.987640
143.405579
143.844803
144.866074
146.255142
147.205002
148.236938
149.054611
149.729416
149.597229
148.300903
145.033432
141.541046
138.855652
137.109451
136.527374
144.908722
145.051575
145.122986
145.919342
146.276459
146.265808
146.408661
145.091019
143.773376
143.334152
144.069733
144.723221
145.815933
147.133575
147.940582
149.197449
149.504486
149.740082
148.515182
145.247711
142.490891
139.876923
138.130722
137.109451
145.072891
145.144318
145.358597
145.787140
146.654907
146.715683
146.051529
145.683731
144.437515
143.998306
144.069733
144.723221
145.815933
147.276428
148.012009
148.901093
149.647339
149.443726
148.658035
145.829788
143.072968
140.019775
138.641373
137.987885
144.583557
144.358627
144.940689
145.001450
146.308441
146.879852
146.726349
146.062195
145.030243
144.733887
144.805313
145.162445
145.958771
146.540848
147.347855
148.236938
149.422394
150.025787
148.800873
146.340424
143.512177
141.337418
139.591217
139.305527
144.165665
143.940735
144.522797
145.022781
145.961975
146.604797
146.522720
146.001419
145.551559
145.398026
145.244522
145.305298
145.662415
145.948120
146.683701
148.012009
148.758240
149.729416
148.872314
146.483276
144.462036
142.287277
141.276657
140.623169
143.451416
143.665695
144.319183
144.819153
145.829788
146.033401
146.533386
146.154938
145.847900
145.765823
145.683731
145.744507
145.805267
145.580338
146.387329
147.347839
148.901093
149.800842
148.943741
146.922485
144.829819
143.094284
141.787292
141.573029
143.533493
143.676346
143.962051
144.901245
145.472656
146.115479
146.686890
146.819092
146.072845
146.133606
145.683731
145.744507
145.805267
145.651764
146.458755
147.347839
148.901093
149.065262
149.086578
147.065338
145.340454
143.604919
142.594299
142.380020
143.390640
143.094284
143.819199
144.319183
145.329803
146.411850
146.544037
146.676239
146.440643
146.501404
145.683731
145.744507
145.876694
145.723190
146.530182
147.051483
148.972519
149.504486
149.015167
146.993912
145.340469
143.604919
142.594299
142.380020
