136.423981
136.934616
137.730957
137.791733
138.434555
139.955826
140.823593
141.619934
141.905640
142.487701
143.284042
143.866104
143.273392
143.784027
143.926880
143.926880
143.701935
143.701935
143.701935
143.701935
143.701935
143.701935
143.701935
143.701935
136.352554
136.863190
137.220322
137.281082
138.291702
139.373749
140.680740
141.477081
141.691360
142.416275
143.069763
143.794678
143.641174
143.712601
143.855453
143.926880
143.630524
143.701935
143.630524
143.701935
143.701935
143.701935
143.701935
143.701935
135.474121
135.984756
137.077469
136.699020
137.638214
139.088058
140.395035
141.191376
141.405655
142.059143
142.784058
143.508987
143.355469
143.569748
143.712601
143.855453
143.487671
143.559097
143.630524
143.701935
143.701935
143.701935
143.701935
143.701935
134.820633
135.402695
136.423981
136.341888
137.281082
138.588074
139.455841
140.180756
140.905670
141.630585
142.355515
143.151855
143.437561
143.284058
143.866119
143.569748
143.344803
143.487671
143.191299
143.334152
143.334152
143.844788
143.844788
143.844788
134.238556
134.677780
135.259842
135.106323
136.270462
137.577454
138.741577
139.537918
140.262848
141.059189
141.784103
142.212646
143.009003
143.294708
143.580414
143.794693
143.201950
143.344818
143.119873
143.701935
143.405579
143.916214
143.987640
143.987640
133.952850
133.656494
134.095703
134.677780
135.770477
136.495392
137.659531
137.945236
139.180801
140.273514
141.141266
141.569824
142.437592
142.866150
143.080429
143.437561
142.844833
143.130539
142.905594
143.191299
143.334152
143.477005
143.619858
143.619858
132.931580
133.370789
133.809998
133.585068
134.902710
135.627625
136.352539
137.006042
137.802383
138.966522
139.691437
140.630630
141.498413
142.294739
142.212662
142.130585
142.344849
142.701981
142.548462
142.834167
143.048447
143.262726
143.476990
143.476990
133.156509
133.156509
133.156509
133.299362
133.809998
134.463501
135.484772
135.770477
136.495392
137.659531
138.752243
139.180801
140.416351
141.212692
141.498398
141.487747
141.334229
141.619934
141.977066
141.966400
142.619904
142.834167
143.048447
143.119873
132.870804
132.942230
133.013657
133.013657
133.524307
133.299362
133.952850
134.606354
135.188416
135.984756
137.445251
137.802383
138.895096
140.059219
139.977142
139.966476
140.252182
140.905685
140.966446
141.394989
142.119919
142.405609
142.548462
142.691315
132.799377
132.799377
132.431595
132.870804
132.503021
132.278076
132.788727
133.370789
133.656494
134.677780
135.770477
136.423981
137.445251
138.537964
138.455872
138.813004
139.098724
139.384415
139.884399
141.119949
141.548508
141.834213
142.048492
141.680695
133.606384
133.238602
132.799377
132.727951
132.360168
131.624588
131.767441
132.717300
132.860153
133.442215
134.463501
135.116989
136.138275
137.230972
137.516678
138.241592
138.088089
138.813004
139.170135
140.109329
140.977097
141.262802
141.477081
141.916290
133.749237
133.310028
133.310028
132.799377
132.288742
131.481735
131.113953
131.696014
131.767441
132.349503
133.299362
133.881439
134.534927
135.995422
136.648911
136.495392
137.516678
137.802383
138.527313
139.395065
140.702057
140.619965
141.202042
141.273468
134.402725
134.331299
133.892090
133.238602
132.360168
131.338882
130.899673
130.603317
130.674744
131.185379
131.767441
132.788727
133.370789
134.463501
135.413345
135.627625
136.577484
137.159561
137.955902
138.384445
139.548584
140.273514
140.487778
140.487778
135.424011
135.791809
134.474152
133.820663
132.727951
131.635254
130.828247
130.460464
130.460464
130.164093
130.746155
131.696014
132.278076
133.299362
133.881439
134.392075
135.709717
136.659576
136.945282
137.741623
138.905762
139.630676
139.773514
140.212738
136.588150
136.077499
135.056229
134.034943
132.870804
131.635254
130.756821
130.389038
129.949814
130.092667
130.164093
131.113953
131.328232
132.717300
133.227936
133.667160
134.984802
135.495438
136.148926
137.313065
138.405762
138.691483
139.202118
139.641327
137.241638
136.730988
136.148926
135.056213
133.820663
132.145889
130.828247
130.389038
129.949814
129.653458
129.724884
130.235519
130.817581
131.838867
132.717300
133.085083
133.892090
134.770523
135.352585
136.077499
137.609436
138.262924
138.334351
138.773560
138.773560
137.895126
137.313065
136.148926
134.402740
132.727951
131.338882
130.828247
130.092667
129.724884
129.796310
130.306946
130.817581
131.767441
131.767441
132.574448
133.381454
134.259888
134.331299
135.352585
136.813080
137.027359
137.466583
137.977219
139.569901
139.059265
138.405777
137.241638
135.056229
133.310028
132.288742
131.338882
130.531891
130.306946
129.867737
129.939163
130.449799
131.399658
131.328232
132.503021
132.870804
133.310028
133.749237
134.699097
135.791809
136.302444
136.741653
137.252304
140.734039
139.416397
139.130692
137.966553
136.077499
134.331299
132.431595
131.849533
130.674728
130.378372
129.867737
129.939163
130.449799
131.328232
130.889008
131.992386
131.992386
132.431595
132.870804
133.820663
134.770523
135.352585
135.720367
136.231018
142.041016
141.091171
140.366241
138.691467
136.802429
134.984802
133.452881
132.431595
131.185379
130.817581
130.306946
130.306946
130.746155
131.256805
131.256805
131.624588
131.696014
132.135223
132.135239
133.085083
133.595734
134.474152
134.474152
134.913376
142.837357
142.326721
141.162598
139.927032
137.159561
135.638290
134.106369
133.013657
132.135239
131.185379
131.113953
131.113953
131.185379
131.553162
131.624588
131.256805
131.399658
131.031860
131.471085
131.910294
132.788727
133.299362
133.667145
133.738571
143.194489
143.051651
142.326721
140.141312
138.180832
136.291779
134.249222
133.524307
132.645874
131.696014
131.553162
131.481735
131.553162
131.553162
131.553162
131.328232
131.031860
130.735504
131.174713
131.246140
132.053146
132.931580
132.860153
132.860153
143.776566
143.633713
142.469574
141.091171
138.323685
136.363205
134.759857
134.034943
132.645874
131.696014
131.553162
131.481735
131.553162
131.553162
131.553162
131.328232
131.031860
130.735504
130.806931
131.246140
131.246140
132.492355
132.492355
132.492355
144.287201
143.705139
142.980225
141.234024
138.395111
136.506058
134.759857
133.667145
132.645874
131.767441
131.553162
131.849533
131.920959
131.481735
131.553162
131.328232
130.664078
130.367706
130.439133
130.878357
131.317566
132.053146
132.053146
132.053146
