141.940811
142.747818
141.501587
140.694595
140.183945
138.866302
138.723450
137.477234
137.477234
137.405807
137.334381
137.630753
137.927109
138.662689
138.734116
139.541122
139.908905
139.980331
140.787338
142.033554
142.911987
142.911987
143.790421
143.351196
141.869385
142.308594
141.430176
140.623169
140.112518
138.794876
138.723450
137.845032
137.334381
137.262955
137.191528
137.559326
137.855682
139.101898
138.662689
139.101898
139.908905
139.980331
140.419556
141.297974
142.176407
142.544189
143.422623
142.983414
141.726532
142.094315
141.287323
140.480316
139.969681
138.652023
138.580597
137.702179
137.630753
137.191528
137.191528
137.487900
137.784256
138.662689
138.662689
139.101898
139.908905
139.612549
140.051758
140.930191
141.808624
141.808624
142.687042
142.247833
141.440826
141.880051
141.001617
140.562393
139.612549
138.366333
138.662689
137.784256
136.977249
136.977249
137.345047
137.345047
137.712830
138.152054
138.223480
138.662689
139.101898
139.244751
139.316177
139.826813
140.337463
140.408890
140.848099
140.776672
141.451492
141.522919
141.083694
140.205276
139.694626
138.376984
137.937775
137.498550
137.498550
137.059341
136.691559
137.202194
138.009201
138.080627
138.223480
138.294907
138.734116
138.509186
138.212814
138.355667
138.866302
138.569946
138.569946
139.009155
140.798004
140.798004
140.798004
139.480347
138.898285
138.162704
137.580643
137.580643
137.212845
136.845062
136.916489
136.987915
137.866348
137.569977
137.712830
137.416473
137.927109
137.334381
137.477234
137.252304
136.955933
137.098785
137.170212
136.802429
140.287354
139.848145
140.287354
138.969711
138.387650
138.019852
137.509216
137.509216
137.141434
136.702209
136.773636
136.916489
137.427124
137.569977
137.712830
137.416473
137.120102
137.334381
136.741653
136.516724
136.220352
135.923996
135.995422
136.066849
139.623199
139.112564
139.112564
138.234131
138.091278
137.212860
137.141418
137.141434
136.702209
136.334427
136.405853
136.477280
136.987915
137.569977
137.273621
137.416473
137.120117
136.895172
136.231018
136.445297
135.781143
135.116989
135.556198
135.188416
138.591263
138.080627
138.009201
137.202194
137.427124
136.548706
136.477280
136.477280
135.966629
135.966629
136.405853
136.548706
137.059341
137.130768
137.273621
136.977249
137.120102
136.384521
136.159592
136.373871
135.709717
135.484787
135.045563
135.116989
137.048676
136.977249
136.905823
136.466614
136.762970
136.180908
136.180908
135.741699
136.038055
136.038055
136.477280
136.548706
136.620132
136.691559
136.905838
136.977249
136.680893
135.945312
136.527374
135.863235
135.638290
135.781143
135.413345
135.413361
136.170258
135.731033
136.098831
135.220398
135.955978
135.373901
135.813126
135.302475
135.231049
135.231049
135.670273
136.180908
136.620117
136.252335
136.395187
136.834412
136.538040
136.680893
136.823746
136.159592
136.302444
136.006073
135.638290
135.709717
134.413391
134.709747
134.638336
134.199112
134.199112
134.424057
134.424057
134.424057
134.352631
134.352631
134.863266
135.231049
135.302475
135.741699
135.884552
136.762970
136.466614
136.538040
137.048691
137.191528
137.334381
137.477234
137.038025
137.477234
133.249252
133.249252
133.249252
132.810043
133.177826
133.106415
133.106415
133.474197
133.474197
133.474197
134.352631
134.352631
134.352631
134.863266
134.863266
136.180908
136.323761
136.834412
137.712830
138.223480
138.366333
138.876968
138.805542
139.244751
133.106400
132.667191
132.738617
132.227982
132.595764
132.595764
133.034973
133.474197
133.474197
133.402771
133.841980
134.352631
134.352631
134.791840
134.791840
136.109482
136.620132
137.498550
138.009201
139.326843
139.766052
140.205276
139.837479
140.715912
133.984833
133.984833
133.913406
133.106415
133.913406
133.474197
133.474197
133.913406
133.913406
133.913406
134.352631
134.791840
134.352631
134.791840
134.791840
136.109482
136.620132
137.498550
138.376984
139.255417
139.623199
140.501633
140.501633
140.940857
136.180908
136.180908
136.180908
135.670273
136.038055
136.038055
135.598846
135.598846
135.598846
135.598846
135.670273
136.038055
135.598846
135.159622
135.527420
136.038055
136.477280
136.987915
137.866348
138.234131
138.673355
139.112564
139.112564
139.551773
139.694626
139.694626
139.326843
139.255417
139.112564
138.601929
137.794922
137.794922
137.355698
137.794922
137.794922
136.916489
136.477280
136.405853
136.038055
136.038055
136.477280
136.477280
136.916489
137.427124
137.427124
137.794922
137.866348
137.866348
143.422623
143.422623
143.861847
143.279770
142.401337
142.329926
141.380066
141.380066
141.012268
141.012268
140.133850
140.062424
139.183990
138.305557
138.305557
137.427124
137.866348
137.427124
137.427124
137.866348
137.498550
137.498550
137.498550
137.498550
148.611115
148.243332
148.243332
147.732697
147.222046
146.782837
146.272186
146.272186
145.761551
145.761551
145.322342
144.372482
143.933273
142.983414
142.911987
142.033554
141.594345
141.083694
141.083694
140.644485
140.573059
140.133850
140.205276
140.205276
154.738815
154.738815
154.810242
154.299591
154.228165
153.788940
152.910522
153.206879
152.767670
153.135452
152.624817
152.114182
151.603531
151.021469
150.510834
149.489548
148.978912
148.100479
147.661270
147.079193
146.568558
146.057907
145.986496
145.986496
160.937927
160.866486
160.937927
160.427277
160.498703
160.059494
159.988068
160.284424
159.845215
160.509369
159.998718
160.223663
159.713028
159.570175
158.988098
157.895401
156.506317
155.556473
154.974411
153.953125
153.371063
152.788986
152.278351
152.278351
165.972900
165.972900
165.972900
165.533691
165.533691
165.237320
165.165894
165.462250
165.758621
166.054993
165.912140
166.504852
165.922791
165.779938
165.565674
164.472961
162.644669
161.623383
160.602112
159.437973
158.784485
158.202423
157.691772
157.252563
168.526108
168.526108
168.597534
168.158310
168.158325
168.229736
168.158310
168.454681
168.751038
169.047394
168.904556
169.865067
169.650787
169.579376
168.925873
167.833160
165.933456
164.840744
163.819473
162.655334
162.001831
160.469925
159.959274
159.887848
170.058029
169.618805
169.690231
169.618805
169.690231
169.761658
169.690247
169.986603
170.722183
170.947113
170.804260
171.325562
171.182709
171.407654
170.314941
169.590027
167.690308
166.229813
164.769318
163.972977
163.319489
161.858994
161.348358
161.276932
