150.478851
150.478851
150.478851
150.478851
150.550278
150.918060
150.918060
151.285858
151.285858
151.653641
151.653641
151.653641
152.389221
152.389221
152.389221
152.757019
153.124802
153.492584
153.492584
153.492584
153.053375
153.053375
153.053375
153.053375
150.478851
150.478851
150.478851
150.478851
150.550278
150.918060
150.918060
151.285858
151.285858
152.021439
152.021439
152.021439
152.757004
152.757004
152.757004
153.124802
153.492584
153.860382
153.860382
153.860382
152.981949
152.981949
152.981949
152.981949
151.214432
151.214432
151.214432
151.214432
151.285858
151.653641
151.653641
152.021423
152.021423
152.389221
152.389221
152.389221
152.685577
152.685577
152.685577
153.053375
153.421158
154.228165
154.228165
154.228165
153.788956
153.788956
153.788956
153.788956
151.950012
151.950012
151.950012
152.021423
152.021423
152.021423
152.021423
152.389221
152.389221
152.389221
152.389221
152.757019
153.124802
153.492584
153.492584
153.860382
154.228165
154.595947
154.595947
155.035172
154.595947
155.402954
155.402954
155.402954
152.685577
152.685577
152.685577
152.685577
152.757004
153.124802
153.124802
152.757004
153.124802
153.492584
153.492584
153.053375
153.860382
153.860382
153.860382
154.228165
154.156738
154.963745
154.963745
155.770752
155.770752
156.577744
156.577744
157.016968
153.421158
153.421158
153.421158
153.492584
153.492584
153.492584
153.492584
153.492584
153.788956
154.228165
154.228165
154.156738
154.156738
154.524536
154.524536
154.892319
154.892319
155.699326
155.699326
156.945541
157.313324
158.559555
158.559555
158.998764
154.892319
154.892319
154.892319
154.963745
154.963745
154.963745
154.963745
155.035172
155.402954
154.963745
154.963745
154.892319
154.892319
155.260101
155.260101
155.627899
155.627899
156.434906
156.434906
157.681122
158.048904
159.295120
159.295120
159.734344
155.627899
155.627899
155.627899
155.699326
155.699326
155.699326
155.699326
156.067108
156.506317
156.506317
156.506317
156.434906
155.995682
156.363480
156.363480
156.802689
156.363480
157.170471
157.538269
158.855911
159.223694
160.030701
160.030701
160.469925
156.731262
156.731262
156.731262
156.802689
156.802689
157.241913
157.241913
157.609695
157.609695
157.170471
157.538269
157.538269
157.538269
157.538269
157.538269
157.466843
157.906067
158.345276
158.345276
159.152267
159.959274
160.766281
160.766281
161.205505
158.202423
158.202423
158.202423
158.273849
158.345276
158.345276
158.345276
158.713058
158.713058
158.273849
159.080856
159.080856
158.641632
158.641632
158.641632
158.641632
158.641632
159.080841
159.448639
159.887848
161.134079
161.573288
161.573288
161.573288
158.938004
158.938004
158.938004
159.009430
159.080856
159.520065
159.520065
159.887848
159.887848
159.448639
159.816437
159.816437
159.377213
159.377213
159.377213
159.377213
159.377213
159.816437
160.184219
160.623444
160.991226
161.430435
161.430435
161.430435
160.112793
160.112793
160.112793
160.112793
160.184219
160.623428
160.623428
160.623428
160.623428
160.184219
160.919800
160.919800
160.112793
160.480576
160.552002
160.552002
160.184219
160.184204
160.552002
160.991211
160.991211
160.991226
160.991226
160.552002
161.216156
161.216156
161.216156
161.216156
161.359009
161.430435
161.430435
161.798218
161.798218
161.359009
161.655365
161.655380
160.848373
161.216156
160.848373
160.848373
160.480576
160.919800
160.480576
160.919800
160.112793
160.112793
160.112793
159.673584
161.951736
161.951736
161.951736
161.951736
162.023163
162.094589
162.094589
162.094589
162.094589
162.094574
162.023163
162.023163
161.583954
161.951736
161.655365
161.655365
161.287582
160.919800
160.480576
160.480576
160.112793
159.673584
159.673584
159.234360
162.687317
162.687317
162.687317
162.687317
162.758728
162.830170
162.830170
162.830170
162.830170
162.830170
162.758728
162.758743
162.319519
162.687317
162.390961
162.390961
162.023163
161.655365
161.216156
161.216156
160.409149
159.530731
159.530731
159.091507
163.055099
163.055099
163.055099
163.055099
163.126526
163.126526
163.126526
163.126526
163.126526
163.126526
163.494324
163.055099
163.055099
163.422897
162.758743
162.758728
162.390961
162.023163
161.144730
161.144730
160.337723
159.530716
159.530716
159.091507
163.351471
163.351471
163.351471
163.351471
163.422897
163.422897
163.422897
163.862106
163.862106
163.862106
163.862106
163.422897
163.422897
163.790680
163.055115
163.055099
162.319519
162.319519
161.512527
161.073303
160.705521
159.898514
159.898514
159.459290
163.351471
163.351471
163.351471
163.351471
163.351471
163.351471
163.351471
163.790680
163.790680
163.790680
163.862106
163.790680
163.790680
163.790680
163.055099
163.055099
162.248108
162.248108
161.512527
161.073303
160.705521
159.898514
159.898514
159.459305
163.647827
163.647827
163.647827
163.647827
163.647827
163.647827
163.647827
164.526260
164.526260
164.526260
164.597687
164.526260
164.526260
164.526260
163.790680
163.790680
162.983673
162.983688
162.248108
161.808884
161.001877
160.634094
160.194885
159.827087
163.647827
163.647827
163.647827
163.647827
163.647827
163.647827
163.647827
164.087051
164.087036
164.087036
164.158463
164.087051
164.087036
164.087036
163.351471
163.351471
162.983673
162.983673
162.248108
161.369675
161.369675
161.073303
160.634094
160.194885
164.015625
164.015625
164.015625
164.015625
164.015625
164.015625
164.015625
164.383408
164.015625
164.015625
164.087036
164.015625
164.087051
164.087036
163.351471
163.351471
162.912247
162.912247
162.176682
161.808884
161.808884
161.369659
161.369659
161.001877
163.576401
163.576401
163.576401
163.576401
163.944199
163.944199
163.944199
163.944199
163.576401
163.576401
163.647827
163.576401
163.647827
163.647827
163.280045
163.280045
163.280045
163.280045
162.544464
162.176666
161.737457
161.808884
161.369659
161.001877
163.576401
163.576401
163.576401
163.576401
163.944199
163.944199
163.944199
163.944199
163.576401
163.576401
163.647827
163.576401
163.647827
163.647827
163.280045
163.280045
163.280045
163.280045
162.544464
162.176666
161.737457
161.808884
161.369659
161.001877
163.576401
163.576401
163.576401
163.576401
163.944199
163.944199
163.944199
163.872772
163.504974
163.504974
163.576401
163.504974
163.647827
163.647827
163.280045
163.280045
163.280045
163.280045
162.544464
162.176666
161.737457
161.808884
161.369659
161.001877
