134.249222
134.249222
134.402740
134.259888
134.781189
134.863266
134.495483
135.148972
135.066879
134.617004
134.249222
133.738586
133.156509
132.645874
131.696014
129.796310
129.142822
127.896591
127.825165
129.071381
130.756821
132.074463
132.513687
132.513687
134.106369
133.738586
134.331314
134.259888
134.341965
134.863266
134.127686
135.148972
134.699097
134.617004
134.249222
133.738586
133.156509
132.645874
131.256805
130.164093
129.142807
128.264389
128.192963
129.439178
130.756821
132.074463
132.513687
132.513687
134.034943
134.034943
134.259888
134.117035
134.341965
134.495483
134.127686
134.413391
134.331299
134.617004
133.881439
133.738586
133.156509
132.942230
131.553162
130.092667
129.510605
128.632172
128.560745
129.806961
130.756821
132.074463
132.513687
132.513687
134.188461
134.188461
134.484818
134.045609
133.902756
133.831329
133.463531
133.749237
133.667145
133.952850
133.952850
133.738586
133.452881
132.799377
132.145889
131.196045
129.806961
128.928528
128.489319
130.174759
131.053192
131.931610
132.370834
132.810043
134.270538
134.709763
134.270538
133.902756
133.392105
133.463531
132.727951
133.452881
133.370789
133.288712
133.145859
133.370789
133.749237
133.392120
132.370834
131.420975
130.471115
129.224899
129.592682
130.471115
131.420975
132.227982
132.667191
133.106415
134.352631
134.352631
134.056259
133.688477
133.024323
133.095749
132.431595
132.349518
132.267426
132.481705
132.778061
132.860153
133.606384
133.177826
132.524338
131.645905
130.838913
129.960480
129.960480
130.399689
131.717331
132.156555
132.595764
133.034988
133.331345
134.209778
133.841980
133.177841
132.513687
132.727951
131.624588
132.278091
132.124573
131.899628
132.195999
132.717300
133.463547
133.034988
132.892136
132.013702
131.278122
130.471115
130.838913
130.838913
131.788757
132.227982
132.595764
133.034973
132.749283
133.188492
132.892136
132.595764
132.370834
132.217316
131.920959
132.063812
131.767441
131.910294
131.471085
131.992386
132.442261
132.227982
132.085129
131.645905
131.349548
130.613968
130.981766
131.053177
131.860184
131.931610
132.299408
132.738617
131.870850
131.870850
131.942276
131.645905
131.860184
132.145889
131.706680
131.778107
131.410309
131.042526
130.971100
130.899673
131.492401
131.349548
131.278122
130.981766
131.124603
130.756821
131.267456
131.635254
131.635254
132.074463
132.074463
132.442261
131.360214
130.992416
131.431625
131.206696
131.420975
132.003036
132.003036
132.003036
131.563828
131.420975
130.613968
130.613968
130.542542
130.174759
130.613968
130.246185
131.267456
130.899673
131.410309
131.849533
132.217316
132.217316
132.217316
132.217316
131.063843
130.624634
131.135269
131.278122
132.299408
132.881470
132.881470
133.177826
132.299408
131.788757
131.278122
130.981766
130.542542
130.174759
130.246185
130.389038
130.971100
131.920959
131.992386
131.992386
132.799377
132.360168
132.360168
132.360168
130.838913
131.278122
131.278122
131.931610
133.320679
134.638336
134.709747
134.566910
134.056259
133.545624
132.227982
131.788757
130.246185
129.878387
130.021240
130.531891
131.481735
132.870804
132.942230
132.574448
132.942230
132.942230
132.942230
132.503021
131.124603
131.492401
132.003036
133.024323
134.781174
136.538040
136.977264
136.905823
135.884552
135.373901
133.688477
132.810043
130.756821
130.389038
130.021240
131.042526
132.063812
133.381454
133.524307
133.524307
133.524307
133.524307
133.524307
133.085083
132.145889
131.778107
132.656525
134.045609
136.241684
137.927109
138.366318
138.366333
137.345047
136.395187
135.148972
133.759903
130.899673
130.389038
130.164093
131.113953
132.574448
134.331299
134.402740
134.474152
134.474152
134.034943
133.595734
133.595734
132.799377
132.799377
133.677811
135.066879
137.191528
138.509171
139.316177
138.876968
137.927109
136.977249
135.291824
134.270538
131.338882
130.460464
130.164093
131.113953
132.942230
134.331314
134.331299
134.474167
134.474167
134.034943
134.474167
134.474167
134.627670
134.259872
135.066879
136.016739
137.702179
139.019821
139.019821
139.019821
137.630753
136.609467
134.995453
133.974182
131.410309
130.899673
130.603317
131.481735
132.503021
134.188446
134.699097
134.770523
134.770523
134.331299
134.770523
134.770523
136.016739
136.088165
136.895172
137.405807
138.212814
138.284241
138.652023
137.845032
136.895172
135.873886
134.995453
133.606384
132.288742
130.899673
130.531891
131.410309
132.360168
134.045609
134.556244
134.627670
135.066879
135.066879
135.066879
135.066879
137.334381
137.845032
137.845032
137.916443
137.916443
137.987885
137.916443
137.038025
136.088165
135.066879
134.188446
133.238602
131.920959
130.899673
130.899673
131.778107
132.656525
133.534973
134.413391
134.852615
134.924042
135.363251
135.363251
135.363251
137.773605
137.773590
137.845032
137.477234
137.548660
137.109451
136.598801
135.720383
135.138306
133.749237
133.238602
132.288742
131.410309
130.460464
130.460464
131.635254
132.585114
133.463531
134.270538
134.709763
134.781189
135.291824
135.220398
135.220398
137.191528
136.895172
136.895172
136.527374
136.159592
135.281158
134.841949
133.820663
133.238602
132.217316
131.410309
130.899673
130.828247
130.021240
130.460464
131.706680
132.513687
133.392120
134.270538
134.638336
134.638336
134.709763
135.077545
135.077545
136.241684
135.873886
135.873886
135.066879
134.331299
133.452881
132.574448
131.992386
130.971100
130.317612
130.317612
129.878387
129.949814
129.949814
130.389038
131.196030
132.513687
133.320679
134.199112
134.199112
134.566910
134.566910
134.566910
134.495483
135.291824
135.291824
134.852600
134.117020
132.942230
132.135223
131.256805
130.092667
129.878387
128.857117
128.857117
128.857117
129.367752
129.142807
129.949814
131.196030
132.513687
133.392105
133.759903
134.127686
134.127686
134.056259
133.984833
134.352631
135.148972
134.852600
134.341965
133.238602
132.503021
131.256805
129.939163
129.582031
128.928528
128.275040
127.907257
128.346466
128.489319
129.071381
129.949814
131.196030
132.513687
133.320679
133.759903
134.127686
134.056259
133.617050
133.913406
133.841980
134.781174
134.341965
133.974182
133.238602
131.992386
131.185379
129.499939
128.703598
128.121536
127.396614
127.835831
127.978683
128.417892
128.632172
129.949814
131.196030
132.513672
133.320679
133.759903
134.127686
133.984833
133.545624
133.913406
133.841980
