154.974396
154.606613
153.871033
151.889236
150.418091
148.507721
147.772125
147.261490
146.822281
146.822281
147.475769
148.568481
149.293396
151.264526
151.407394
151.703751
151.632324
151.560898
151.489471
151.418045
150.907410
150.396759
150.693130
150.764557
154.606613
154.238831
153.503250
151.960663
150.489517
148.579132
147.843567
147.332916
146.893707
146.893707
147.475769
148.129257
149.661179
150.753906
150.896744
151.335953
151.193115
151.560898
151.050262
151.346619
150.468185
150.396759
150.325348
150.325333
154.678040
154.310257
153.574677
152.032089
150.560944
148.579132
147.843567
147.332916
146.965134
146.965134
147.475769
148.129257
149.221970
150.243256
150.386108
150.825317
150.753891
150.682465
151.050262
150.539612
150.468201
150.028976
149.957550
149.886124
153.503250
153.574677
152.839096
151.735733
150.264572
148.793411
148.057831
147.547195
147.107986
146.597351
147.547195
147.690048
148.639908
149.732605
149.804031
150.243256
149.804031
150.171814
149.732605
150.100403
149.589752
149.589752
149.518341
149.446915
152.910522
152.542725
151.807159
151.143005
150.039642
149.007690
148.200684
147.761475
147.250824
146.740189
147.179413
147.250839
147.690048
148.272110
148.711334
149.150543
148.782761
148.854187
148.854187
148.854187
149.150543
148.711334
148.711334
148.711334
151.807159
151.878571
151.143005
150.478851
149.375488
148.711334
148.343536
147.975754
147.393677
146.883041
146.883041
146.811615
146.811615
147.250839
148.057831
147.322250
147.393692
147.904327
147.975754
147.975754
148.343536
148.272110
148.272110
147.904327
151.071579
151.143005
150.407425
150.621704
149.446915
148.782761
148.414963
147.975754
147.465118
146.954468
146.883041
146.811615
146.443832
147.179413
147.179413
146.811615
146.883057
147.025894
147.097321
147.097321
147.904327
147.536545
147.975754
147.536545
150.264572
150.703796
149.968201
149.743271
149.079117
148.414963
148.047180
148.047180
147.168747
147.168747
147.025894
146.586685
146.515259
146.372406
146.811615
146.443832
146.515259
146.515259
146.658112
147.168747
147.168747
147.607971
147.607971
148.047180
149.825363
150.264572
149.528992
149.304062
148.639908
148.343536
148.414963
147.679382
147.679382
147.240173
146.361740
146.729538
146.218887
146.076035
146.076050
146.076035
146.076050
146.515259
146.218887
147.097321
147.240173
147.679382
147.383026
147.750809
149.457565
149.896774
149.161194
149.304062
148.639908
148.343536
148.414963
147.679382
147.311600
147.383026
146.504593
146.800964
146.361740
146.218887
146.147461
146.147461
146.147461
146.076050
146.218887
147.097321
147.311600
147.750809
147.822235
148.261459
148.650558
149.089783
148.354202
148.425629
147.761475
147.465118
147.536530
147.679382
147.311600
147.383026
146.504593
146.943817
146.361740
146.290314
146.658112
146.586685
146.147461
146.076035
146.218887
147.025894
147.311600
148.118607
148.190033
148.261459
149.089783
149.528992
148.793411
148.425629
147.761475
147.465103
147.536530
147.240173
146.872391
146.943817
146.504593
147.311600
147.240173
147.097321
147.097321
146.954468
146.954468
146.883041
146.954468
147.393692
147.904327
148.343536
148.414963
148.782761
149.161209
149.528992
148.864838
148.425629
148.129257
147.393677
146.658112
147.168747
146.800964
147.311600
146.872391
147.311600
147.607956
147.536530
147.904327
147.832901
147.832901
148.129272
148.129257
148.129257
148.568481
148.936264
148.936264
149.375488
149.232635
149.600418
148.864838
148.425629
147.690048
146.954468
146.586685
146.658112
146.729538
147.240173
147.240173
147.679382
148.414963
148.782761
149.150543
148.639908
148.639908
149.007690
148.936264
148.864838
149.600418
149.528992
149.528992
149.968216
148.497055
148.864838
148.129257
147.690048
147.690048
146.954468
146.586685
146.658112
146.729538
147.240173
147.240173
147.679382
148.414963
148.782761
149.150543
149.518326
149.375488
149.814697
149.671844
149.600418
150.335999
150.264572
150.264572
150.264572
148.129257
148.497055
147.690048
147.690048
147.690048
146.954468
146.586685
146.586685
147.097321
147.975754
147.975754
147.975754
148.782761
149.150543
149.518341
149.886124
150.182480
150.550278
150.478851
150.407425
151.071579
151.071579
151.000153
151.000153
147.322266
147.690048
147.322266
147.322250
147.761475
147.393692
146.954468
147.393677
147.904327
147.904327
147.904327
148.343536
149.150543
149.518341
149.518341
150.253906
150.989487
151.357285
151.653641
151.582214
152.246368
152.246368
151.807159
152.103516
146.954468
147.322250
147.322250
146.883041
147.393677
147.393692
147.393692
147.761475
148.272110
148.639908
148.639908
148.639908
149.079117
149.446915
149.446915
150.621704
151.357269
151.725067
152.389221
152.389221
153.053375
152.614166
152.981949
152.542725
146.954468
146.954468
146.954468
147.025894
147.393677
147.393692
147.393692
147.761475
148.272110
148.639908
148.639908
148.639908
149.079117
149.446915
149.446915
150.621704
151.725067
152.092865
152.828430
153.124802
153.053375
153.421158
153.349731
153.349731
146.954468
146.954468
146.954468
146.954468
147.393692
147.761475
147.761475
147.761475
148.200684
148.568481
148.568481
148.568481
149.007690
149.743271
149.743271
150.550278
151.653641
152.389221
153.196228
153.564011
153.492584
153.421158
153.421158
153.349731
147.393692
147.393692
147.393692
146.954468
147.761475
147.832901
147.832901
148.200684
148.568481
148.568481
148.568481
149.007690
149.446899
150.182480
150.182480
150.918060
152.021423
152.389221
153.196228
153.124802
153.492584
153.860382
153.421158
153.421158
147.393677
147.393677
147.393677
147.393677
148.200684
148.200684
148.200684
148.200684
148.568481
148.568481
148.568481
148.936264
149.375488
150.111053
150.111053
150.846634
151.582214
152.317795
153.124802
153.492584
153.492584
153.860382
153.860382
153.860382
147.393677
147.393677
147.393677
147.393677
148.200684
148.200684
148.200684
148.200684
148.568481
148.568481
148.568481
148.936264
149.375488
150.111053
150.111053
150.846634
151.582214
152.317795
153.124802
153.492584
153.492584
153.860382
153.860382
153.860382
147.393677
147.393677
147.393677
147.393677
148.200684
148.200684
148.200684
148.200684
148.568481
148.568481
148.568481
148.936264
149.375488
150.111053
150.111053
150.846634
151.582214
152.317795
153.124802
153.492584
153.492584
153.860382
153.860382
153.860382
