151.300781
150.422348
149.911713
150.208084
149.697433
149.340302
148.768906
146.808426
144.633667
142.898132
141.744659
138.977173
137.088135
134.902710
133.738586
133.524307
133.381454
133.677811
133.749237
134.188446
135.066879
135.577530
135.648956
136.159592
151.300781
150.861572
150.350922
150.647293
150.065231
149.708099
148.840332
147.319061
144.776520
143.480194
141.887512
139.559250
137.302399
135.045563
133.881424
133.595734
133.892090
133.749237
134.117035
134.627670
135.066879
135.138306
136.016739
136.088165
151.740005
151.300781
150.790146
151.086502
150.575867
149.850952
148.983185
147.901138
145.430023
143.837326
142.244644
140.284164
138.395111
136.066849
134.902710
134.617004
134.034943
134.259872
134.627670
134.627670
134.627670
135.066879
135.506104
135.577530
151.668579
151.229370
151.229355
151.086502
151.086502
150.433014
149.636673
148.329681
147.176208
144.847946
143.694473
141.662567
139.773514
137.813049
136.506058
135.709717
135.495438
135.209732
135.066879
134.995453
134.627670
134.188461
135.066879
134.627670
152.036362
152.036362
151.597153
151.964935
151.597153
151.454285
150.729385
149.565247
148.186829
146.369202
145.287170
143.765900
141.223358
139.998459
138.323685
137.384491
136.516724
136.159592
135.506104
134.995453
134.556244
133.677811
134.117035
133.677811
152.843369
152.843369
152.475586
152.404144
152.475586
152.036362
151.822083
150.800812
149.636658
147.961899
146.951279
145.358582
143.255264
141.958939
140.509094
139.130692
138.120071
137.252304
136.088165
135.506104
134.627670
133.677811
133.238602
132.727951
153.282578
153.282578
153.282593
152.843369
153.282578
152.914795
152.332718
151.454300
150.729370
148.829666
147.890472
146.737000
144.337311
143.408768
141.591141
140.437668
139.427048
138.416428
137.180878
136.088165
134.699097
133.749237
133.677811
132.727951
153.354004
153.721802
153.721802
153.650360
154.089584
153.211151
152.700516
151.893509
150.943665
149.554581
147.879822
146.869186
145.347931
144.123032
142.673203
141.591141
140.805466
139.723419
138.048645
136.813080
135.352585
133.892090
133.820663
133.310028
154.232437
154.232437
154.161011
154.089584
154.385956
153.875305
153.436096
152.261307
151.454285
149.329651
148.676147
147.369171
145.551544
144.469498
143.387451
142.673187
141.816086
141.101837
139.355621
138.048645
136.006073
134.984802
133.963516
133.892090
154.743073
154.743073
154.600235
154.089584
154.682312
154.171677
153.732452
152.629089
151.454300
149.911713
148.961853
147.797729
146.122955
145.480118
144.101715
143.316025
142.458923
142.112442
141.101837
138.916412
137.609421
136.077499
135.056229
134.984802
154.743073
154.743073
154.600220
154.896591
154.682312
154.539459
153.732452
153.068298
151.525726
150.054565
149.543930
148.451218
146.847870
145.980103
144.673126
144.694427
143.908752
143.194489
141.744659
140.223404
138.477188
136.506058
136.291779
136.148926
154.743073
154.303864
154.232437
154.528809
154.753738
154.978668
153.803879
153.507523
152.036362
150.932999
150.054565
149.033279
148.379791
147.215668
146.347900
145.776489
144.990799
144.644333
143.194489
141.305450
139.855606
138.180832
137.527344
137.384491
154.303864
153.864655
154.232437
154.528809
154.385941
154.682312
153.946732
153.946732
152.404144
151.740005
150.861572
149.911713
149.329651
148.747589
147.951233
147.083466
146.001419
145.430023
144.347961
142.458923
140.866226
139.630676
139.273544
139.130692
154.232437
153.793228
153.721786
154.161011
154.385956
154.314529
153.946732
154.018158
153.282593
152.107788
151.668579
151.229355
150.279510
149.401062
149.043945
147.879822
147.012039
146.440643
145.062225
143.540970
142.316055
141.376862
141.019745
140.948318
153.211151
152.843369
153.650360
154.018158
153.578949
154.385941
154.018158
154.018158
153.282593
152.986221
151.668579
151.229370
150.718719
150.279510
150.065231
148.972519
147.808380
147.379822
146.440643
144.847946
143.694473
142.826706
142.469574
142.326721
152.996887
152.700516
153.507523
153.578949
153.650375
154.018158
154.089584
154.089584
153.354004
152.475571
152.475571
151.597137
151.086517
151.015076
150.433014
149.483154
148.390457
147.665543
147.308411
145.787140
144.705093
143.765900
143.480194
143.408783
152.782593
152.047028
152.854034
152.996887
153.578949
153.650375
153.650375
153.721802
153.354004
152.843369
152.404160
151.893509
151.822083
151.311447
151.240021
149.922379
149.340302
148.758240
148.033325
146.654907
145.644287
144.776520
144.562241
144.858612
151.689896
151.689896
151.761322
152.343384
153.068298
153.650360
153.282578
153.354004
153.282593
152.843369
152.843369
152.261307
151.750656
152.047028
151.536377
150.729370
149.850952
149.043945
148.758240
147.890472
146.951279
145.715714
145.501434
145.501434
151.189911
150.454330
150.964966
151.250671
152.414810
153.139740
152.843369
153.354004
153.354004
152.914795
153.282593
152.261307
152.557663
151.975601
152.271957
151.464966
150.729370
149.554581
149.779526
148.543961
147.747620
147.022705
146.072845
146.440643
149.300873
148.933075
149.954361
149.943695
151.250687
152.118454
152.404144
152.546997
152.986221
152.986221
152.986221
152.771942
152.925446
152.711182
152.711182
152.343384
151.536392
150.872223
150.729370
149.197449
148.911758
147.890472
147.379822
147.676193
147.708176
147.483231
148.504517
149.004501
150.525757
151.536377
151.454300
152.475586
153.057648
152.761292
153.496857
153.282578
153.364670
153.957397
153.885971
153.078964
152.414810
151.607803
151.168594
150.218735
149.636673
149.054596
148.104752
148.104752
146.401184
146.544037
147.636749
147.840363
149.361618
150.882889
151.015076
152.107788
152.761292
152.832703
153.568283
153.354004
154.243103
153.957397
153.814545
153.518173
152.782593
152.118439
151.607803
150.729370
150.218735
149.708099
149.197464
148.758240
146.044067
146.186920
146.911835
147.626083
149.218781
150.443680
150.943649
151.668579
152.393494
152.975555
154.078918
153.793213
154.243103
154.325180
154.621552
154.253754
153.589600
152.486237
152.118439
151.607819
150.729370
150.290161
149.850952
149.411743
145.533417
146.044067
146.401199
147.115448
148.779556
149.933029
150.504440
151.668579
152.761276
152.904129
153.711136
154.232437
154.243103
154.764404
154.253754
154.325180
153.661026
152.925446
152.486237
151.679230
150.433014
149.922363
149.554581
149.115372
