136.291779
136.363205
136.506058
137.302399
138.098755
139.120026
139.120026
138.834335
138.405762
137.977219
137.109451
135.648956
133.534958
132.442261
131.717331
131.063843
130.185410
130.410355
130.778137
131.727997
131.503067
131.574478
132.013702
132.085129
136.291779
136.363205
136.066849
137.159561
138.027313
138.977188
139.048599
138.762909
138.405777
137.977219
137.180878
135.648956
133.974182
132.881470
132.085129
131.135269
130.624634
130.920990
130.849564
131.799423
131.942276
132.085129
132.524338
132.595764
136.220352
136.220352
136.363205
137.088135
137.884476
138.905746
138.977173
138.762909
138.405777
137.977219
137.180878
136.088165
134.413391
132.881470
132.595764
132.013702
131.942276
131.799423
131.870850
132.820709
133.402771
133.545624
133.984833
134.056259
136.077499
136.148926
136.659576
136.945282
137.741623
138.691483
138.762909
138.620056
138.334351
138.048645
137.323730
136.088165
134.924026
134.199112
133.545624
133.331345
133.259918
133.259918
133.259918
134.648987
134.863266
135.445328
135.955978
135.588181
136.302444
135.934647
136.516724
137.170212
137.895126
138.477203
138.548630
138.477203
138.262924
138.048645
137.834366
136.598801
135.873886
135.445328
134.424057
134.720413
134.648987
135.455994
135.598846
136.620132
137.641403
137.927109
138.437744
138.876968
136.527374
135.791809
136.670227
136.884506
137.170212
138.191498
138.334351
138.262924
138.191498
138.048645
137.905792
137.109451
136.752319
136.323761
135.813126
136.987915
136.987915
137.059341
138.080627
138.734116
139.826813
140.551743
141.062378
141.501602
136.823746
136.016739
136.527374
137.109451
137.762939
137.905792
138.048645
138.048645
138.048645
137.977219
137.834366
137.109451
137.630753
137.273621
137.202194
138.080627
138.591263
138.734116
139.459030
140.623169
141.787292
142.512207
142.655060
142.726501
137.120102
136.680893
136.752319
137.262955
137.405807
137.620087
137.252304
137.762939
137.323730
137.323730
137.691513
137.334381
137.559326
137.712830
137.784256
138.805542
139.459030
140.623169
140.980286
141.848068
143.155045
143.512177
144.094238
144.165665
137.416473
137.416473
137.416473
137.487900
137.191528
137.262955
136.895172
137.405807
136.966599
137.477234
137.405807
137.262955
137.855682
137.784256
138.805542
139.969681
140.766022
141.776642
142.644409
143.215820
144.226440
144.583557
144.869263
145.308487
138.152054
137.784256
137.712830
137.784256
137.345047
136.977249
136.609467
137.048676
136.752319
137.191528
137.262955
137.559326
138.294907
138.805542
140.041107
140.908875
141.848068
143.369324
143.501511
144.583557
144.787170
145.215729
145.430023
145.572876
138.152054
138.591263
137.712830
137.712830
137.641403
136.834396
136.538040
136.905823
137.416473
137.048676
137.998535
138.437744
139.387604
140.041092
141.348083
142.430130
143.512177
144.665649
144.869263
145.440674
145.572861
146.001419
146.215698
146.358551
138.591263
138.591263
138.080627
138.152054
137.273621
136.834412
136.466614
137.273621
137.416473
137.927109
138.948395
139.969681
141.062378
142.369370
143.308563
144.533463
144.879929
146.104828
146.237015
146.369217
146.358551
146.276459
146.419312
146.122955
139.030472
138.662689
138.223480
138.152054
137.345047
137.273621
136.905823
137.345047
138.662689
139.244751
140.337463
141.573013
143.319214
144.329834
145.779678
146.340424
146.758316
146.737000
146.869202
146.787109
147.072800
146.847870
146.480072
146.551514
139.541122
139.541122
138.734116
138.662689
137.855682
136.977249
137.048676
137.416473
139.101898
139.755402
140.990952
143.176361
145.065430
146.290314
147.372360
148.372330
148.054642
148.104752
147.726303
147.205002
147.205002
146.765793
146.398010
146.030212
140.123184
140.490982
139.612549
139.244751
138.294891
137.855682
137.048676
137.927109
139.173325
140.633820
141.869385
144.197647
146.300980
148.404297
149.189987
149.822159
149.136688
148.747589
147.929916
147.562134
147.419281
146.908630
146.540848
146.101624
141.440826
141.369400
141.001617
140.123184
139.173325
138.366333
137.998535
138.366333
139.612549
140.633820
141.573013
144.779724
147.393692
149.200653
150.496979
150.761353
150.075882
149.543915
148.215622
147.776398
147.051483
146.397995
145.887360
145.887360
143.126266
142.758469
142.758469
141.440826
140.123184
139.316177
138.509171
138.876968
139.683975
140.705246
141.573029
144.993988
148.486389
150.364792
151.732544
151.486282
150.361588
149.461838
148.429901
147.847839
146.908630
146.183716
145.601654
145.969437
144.515335
144.076111
143.708328
142.319260
141.144470
139.826828
138.948395
138.948395
139.244751
140.337463
141.644440
145.065414
149.068466
150.946838
151.946808
151.700562
150.647293
149.604691
148.133545
147.408615
146.397995
145.898010
145.244522
145.612320
145.393768
144.586761
144.586761
143.269119
142.022888
140.776672
139.530457
139.459030
139.316177
140.337463
141.644440
145.065414
149.139893
151.896698
152.528870
152.650406
150.718719
149.747543
148.276398
147.408615
146.326569
145.387375
144.733887
145.101669
145.393768
144.954544
144.658188
143.340546
142.604965
141.430176
140.551743
139.969681
139.387604
139.969666
141.644440
144.993988
149.068451
151.825272
152.825241
152.578979
151.086502
150.043915
148.572754
147.408615
146.326569
145.458801
144.733887
145.101669
145.025970
144.658188
144.658188
143.483398
142.747818
142.012238
141.133804
140.551743
139.530457
139.969666
141.205231
144.554779
148.486389
151.682434
153.050171
152.875336
151.382874
150.411697
149.011963
147.847824
145.887360
145.019592
144.366104
144.733887
145.025970
144.658188
144.290405
143.554825
142.451447
142.155090
141.644440
140.255371
139.530457
139.969681
140.766022
144.554779
147.975754
151.100357
152.835907
152.661072
151.679230
149.901062
149.308319
147.776413
146.326569
145.091003
144.437531
144.437531
145.025970
144.658188
144.729614
143.554825
142.962097
142.594299
141.787292
140.694595
139.601883
139.601883
140.766022
144.483353
147.975754
151.468155
152.764481
152.589645
151.975601
150.268845
149.308319
147.776413
146.326569
145.091003
144.437531
144.437531
145.025970
144.658188
144.729614
143.554810
143.329880
142.665726
141.787292
140.766022
139.601883
139.601883
140.766022
144.411926
147.904327
151.468155
152.835907
152.661072
151.536392
150.636627
149.676117
147.776413
146.326569
145.091003
144.437531
144.437531
