147.115448
147.554657
147.911804
148.708130
149.718750
151.097168
151.157928
151.004425
150.922333
150.554535
150.043915
148.879776
148.011993
147.665543
146.144272
143.898087
141.141266
138.823669
137.670197
135.781143
134.545578
133.310028
132.288742
132.585098
147.044022
147.554657
147.840363
148.636719
149.718765
150.657959
151.086502
150.932999
150.850906
150.554535
150.043915
149.247559
148.451218
147.808395
146.287125
143.601730
141.651917
138.966522
137.373825
136.291779
134.545578
133.820663
132.656525
132.145889
146.901169
147.411804
147.697510
148.565277
149.575912
150.657959
151.086502
150.932999
150.850906
150.554535
150.043915
149.390411
148.961853
148.022675
146.869186
144.255219
141.937622
140.059219
138.466537
136.434631
135.056229
133.820663
133.167175
133.024323
146.758316
147.268951
147.554657
148.422424
149.504486
150.147308
151.015076
150.861572
151.147278
150.850906
150.411697
150.268845
149.247559
148.819016
147.369171
145.562210
143.244598
140.855576
139.191452
137.159546
135.270508
134.331299
133.167175
133.024323
146.911835
147.054688
147.779602
148.279587
148.922409
150.515106
151.311447
150.790146
151.811432
151.515060
151.586487
151.218704
150.340271
149.686783
148.747589
146.572830
144.255219
141.866196
140.130646
137.955902
136.291779
134.841949
134.045609
133.902756
146.186905
146.697556
147.054672
148.065308
148.779572
150.372253
151.168594
151.157928
151.668579
151.811432
151.954285
151.361557
150.993759
150.115326
149.247559
148.022659
145.265839
143.316025
141.948273
139.262878
137.823700
136.302444
134.699097
134.484818
146.197571
146.340424
146.768982
147.779602
148.126068
149.350967
150.290161
151.086502
151.668579
151.811432
151.954285
151.872192
151.943619
151.136612
149.901047
148.379791
146.133606
144.694443
142.887466
140.569870
138.691483
136.659576
135.791809
135.506104
145.697586
145.840439
146.268997
147.351044
147.768936
149.136688
150.147308
150.575867
151.300781
151.882858
152.097137
151.872192
151.575836
150.768829
150.043900
149.033279
147.369171
145.633636
143.530304
141.948273
139.559250
137.895126
137.027359
136.741653
145.126190
145.269043
145.401230
146.554703
147.483246
148.043991
149.126038
150.065216
150.861572
151.954285
152.168549
151.504395
151.208038
150.697388
150.115326
149.247559
147.797729
146.644257
144.908722
142.958893
140.937653
139.273544
138.405777
138.048645
144.697632
144.840485
144.901245
145.758362
146.686890
147.319061
148.543961
149.922379
150.422348
151.586487
151.872192
151.504395
151.136627
150.625977
150.043915
149.319000
148.083420
147.583450
145.480118
143.969513
142.387497
140.723373
139.712753
139.498474
144.411926
144.554779
144.686966
146.279663
146.401184
147.033356
147.747620
149.268875
150.279510
151.586487
151.800766
151.432983
151.065186
150.483124
150.043915
149.390411
148.665497
148.308365
146.347900
144.837296
143.326675
142.030365
141.091156
140.876892
145.147507
144.922577
144.840485
145.993958
146.411850
146.533386
147.319061
149.279541
150.433014
151.443634
151.729340
151.361542
150.850922
150.268845
149.829636
149.318985
148.808350
148.154861
147.144226
145.705063
143.898087
143.112411
142.541000
141.887512
145.586716
145.658142
145.279694
146.147461
146.422516
146.840408
147.993881
149.290207
150.147308
151.668579
151.657913
151.147278
150.636642
150.422348
149.543915
149.176132
148.879761
148.369125
147.062149
146.205048
145.205078
144.051605
144.062271
143.408768
146.608002
146.240204
146.158127
146.443832
146.872391
146.779633
147.493896
149.229431
150.229401
151.382874
151.443634
151.004425
150.350937
150.208069
149.329651
149.104706
148.951202
148.511978
147.715637
146.929962
146.144272
145.062225
144.633667
144.858612
147.700714
147.700714
147.107986
147.322266
146.729538
147.229507
147.433136
148.800888
149.800842
151.097168
151.157928
150.718719
150.208084
150.136642
149.329651
149.543930
149.390411
149.022629
147.929916
147.726303
146.572830
146.001419
146.083511
145.501450
149.446915
149.007690
149.150543
148.711334
147.904327
147.750824
147.811584
148.740112
149.300873
150.964966
150.729370
150.872238
150.433014
150.504440
149.768860
149.615356
149.901047
149.165482
148.583405
147.644211
147.369171
146.869186
146.583481
146.072845
151.703751
151.264526
151.193115
149.804031
148.343536
148.272125
147.383026
148.607925
149.168671
150.025787
150.229401
150.515106
150.290161
150.575867
150.279510
150.125992
149.972473
149.604691
149.094055
148.297699
147.726303
147.001373
146.787109
147.083466
153.889160
153.449951
152.939316
151.264526
149.589752
148.497055
147.904327
148.618591
149.107910
149.525803
149.729416
150.229401
150.586517
150.575867
150.861572
150.636627
150.850906
150.483124
149.533264
148.879776
148.083435
147.358505
147.215652
147.144226
156.074570
155.124725
154.839020
152.725037
150.468185
149.232635
147.690048
148.261459
148.750778
149.097244
149.300858
149.575897
150.515106
151.086517
151.004425
150.708054
150.850906
150.483124
149.604691
149.022629
148.369125
147.715637
147.572784
148.012009
158.117142
157.238708
156.442368
154.256943
151.489471
149.304062
147.986420
147.679382
148.393646
148.668686
148.943741
149.729431
150.515106
150.790146
151.515060
150.850906
151.218689
150.411682
149.972473
149.533264
148.583405
148.511978
148.369125
148.001343
159.720490
158.770630
157.535065
154.910446
152.439331
149.814697
148.057831
147.904327
148.107941
148.382996
148.658035
149.147354
150.443680
151.229355
151.218689
151.290131
151.218689
150.779480
150.340271
149.533264
149.094055
149.094055
148.726257
148.654831
160.813202
160.231125
158.995575
155.931717
152.582184
149.886124
148.057831
147.393677
147.525879
148.168716
148.372330
149.004501
150.811462
151.229370
151.729340
151.361542
151.218689
150.636627
150.268845
149.972473
149.604691
149.676117
149.308334
148.940536
161.763062
161.180984
159.506210
156.370941
153.092819
150.325333
148.057831
147.393677
147.383026
148.025864
148.300903
148.861649
150.372253
151.300781
151.729340
151.361542
151.218689
150.636627
150.268845
149.972473
149.747543
149.818970
149.451172
149.083389
161.905899
161.323837
159.649063
156.881577
153.092819
149.886124
148.057831
147.322266
147.311600
147.883011
148.158051
148.861649
150.372253
151.300781
151.729340
151.361542
151.218689
150.636627
150.268845
150.043900
149.747543
149.890396
149.522614
149.154816
