163.169174
163.097748
163.097748
163.026306
162.147888
162.076462
162.147888
161.780106
161.994385
161.840866
162.351501
162.494354
162.340851
161.973053
160.869690
160.062683
158.887894
156.977524
156.170517
154.260147
153.156784
151.174988
150.807190
150.071609
163.169174
162.658539
162.658539
162.587097
161.708679
161.269470
161.340881
161.412308
161.626587
161.401657
161.544510
161.758774
161.901642
161.605270
160.430481
159.327103
158.520111
156.538300
155.363510
153.892365
152.349777
150.735764
150.367981
149.632401
161.555161
161.483734
161.483734
161.412308
160.533875
160.533890
160.605316
160.676727
160.891006
160.666077
160.441132
160.512558
160.287628
160.430481
159.255676
158.080887
156.977524
155.802734
154.260147
152.646133
151.614197
149.560974
149.193192
148.457611
160.380371
160.308945
160.237518
160.605301
159.359085
159.359085
159.062729
159.134155
158.980637
158.684280
158.387909
158.602188
158.377243
158.009460
157.713104
156.609741
155.434937
153.892365
152.278351
151.103546
150.000183
148.018387
148.018387
147.282806
158.766357
158.327148
157.887939
158.255722
157.448715
157.377289
156.713135
157.223785
156.559631
156.406113
156.109756
155.813385
155.659882
155.731308
154.995728
153.820923
152.717560
151.542770
149.928772
148.825394
147.650604
146.475815
145.668808
145.301025
155.977554
155.977570
155.538345
155.906128
155.099121
155.099136
154.363556
154.067184
153.474457
153.617310
152.953156
152.217575
152.431870
152.135498
152.206924
150.664337
149.928757
149.193176
147.579178
146.475800
144.861801
144.126221
144.054794
143.615585
152.381760
152.381760
151.942535
152.310333
151.871109
151.871124
151.135544
150.910599
150.757080
150.460724
149.725159
149.428787
149.203842
149.643066
148.978912
148.171906
146.997101
146.700745
145.015320
143.911942
143.104950
142.369370
141.930145
141.490936
148.193222
148.561005
148.121796
148.050369
147.682587
147.611160
147.314789
147.018433
146.793488
146.497131
145.761551
146.200775
145.904404
145.904404
145.608032
144.801041
144.433243
143.994034
142.819229
142.083664
140.908875
140.101868
139.734070
140.101868
143.494049
143.422638
142.983414
143.351196
142.983414
143.279770
142.983414
143.126266
142.829895
142.462112
142.533539
142.094330
142.165756
142.165741
142.237183
141.797958
141.358749
141.358749
140.041107
139.376953
139.009155
138.202164
137.905792
137.762939
139.162659
139.091248
139.091248
139.387604
139.387604
139.316177
139.019821
139.091248
139.162674
138.794891
138.866302
139.162674
139.234100
139.162674
139.162674
139.091248
138.652023
138.580612
137.773605
137.405807
137.109451
136.741653
136.373871
136.741669
137.038025
136.966599
136.966599
136.455963
136.527374
136.823746
136.895172
136.966599
137.038025
136.159592
136.231018
137.038025
136.966599
136.895172
136.895172
136.823746
135.945312
136.313110
135.873886
135.945312
135.577530
135.209747
134.841949
135.209732
135.434677
135.802460
135.802460
135.363251
135.363251
135.291824
134.995453
135.066879
135.138306
134.627670
134.699097
134.995453
134.995453
134.924026
134.484818
134.413391
134.045593
133.974182
134.341965
133.534958
134.045593
134.045609
133.310028
133.677811
135.445328
135.006119
135.006119
135.373901
135.077545
135.006119
134.270538
134.709747
133.902756
133.902756
133.463531
133.831329
133.831329
133.320694
133.320679
132.881470
132.442261
132.442261
132.442261
132.074463
132.881470
132.881470
132.513687
132.881470
135.455994
135.088196
135.088196
135.088211
134.720413
134.720413
133.984833
133.984833
133.688477
133.249252
133.177826
133.106400
132.738617
132.667191
132.667191
132.227982
131.860184
131.788757
131.788757
131.492401
132.299408
132.667191
132.299408
132.299408
134.945358
134.577560
134.577560
134.577560
134.209778
134.209778
133.474197
133.474197
133.474197
133.474197
133.034988
132.963562
132.595764
132.595764
132.595764
132.524338
132.156555
132.156555
132.156555
132.299408
133.106415
133.106415
133.106415
133.545624
134.506134
134.066925
134.066925
134.506134
134.138351
134.577560
133.841980
133.770554
133.402771
133.402771
133.770554
133.331345
133.402771
133.402771
133.402771
133.034973
133.106400
133.545624
133.545624
134.056259
134.863266
134.934692
135.373901
135.373901
134.209778
133.770554
133.770554
134.138351
133.841980
134.281204
133.841980
134.281204
134.281204
134.648987
134.209778
135.016785
134.648987
135.159637
134.791840
135.231049
135.302475
135.373901
135.813126
136.762970
137.202194
137.712830
138.152039
138.152039
134.791840
134.791840
134.791840
134.791840
134.863266
135.302475
134.934692
135.741699
136.038055
136.477280
136.038055
136.916489
136.987915
137.569977
137.569977
137.641403
138.152054
138.591263
139.469696
139.980331
140.490967
141.001617
141.440826
141.880035
136.834396
137.273621
137.273621
137.712830
137.416473
137.855682
138.294907
138.662689
138.591263
139.469696
139.469696
140.348129
140.490967
141.073044
141.512253
142.022888
142.533539
142.533539
143.044174
143.994034
144.504669
145.015320
145.893738
146.332962
142.094315
141.726532
141.726532
142.604965
142.308594
142.747818
143.258453
143.258453
144.065460
145.015320
145.015320
146.404388
146.475815
147.497086
147.568512
148.079163
149.029007
149.029022
149.539658
150.489517
150.560944
151.071579
151.510788
151.950012
147.425659
147.497086
147.129303
148.007736
147.711365
148.150589
148.293442
149.171860
149.611084
150.560944
151.439362
152.021423
152.603500
153.624786
154.135422
154.574631
155.156708
155.595917
155.738770
156.617203
157.056412
157.127838
157.567047
157.638474
151.735733
151.807159
151.439362
151.950012
151.653641
152.164276
152.746353
153.185562
154.063995
155.085266
155.963715
156.617203
157.638474
158.659760
159.170395
159.241821
159.752472
160.191681
160.702316
161.580750
161.723602
161.723602
162.162811
162.234238
154.146072
154.217499
153.849716
154.360352
154.063995
154.574631
155.156708
155.228119
156.617203
157.638474
158.516907
159.170395
160.630890
161.212967
162.162811
162.234253
162.744888
163.184097
163.326950
164.205383
164.276810
164.276810
164.716034
164.787445
155.095932
155.167358
154.799576
155.310211
155.085281
155.595917
156.177979
156.617203
157.638474
158.659760
159.977402
160.191681
161.652176
162.673462
163.694733
163.694748
164.205383
164.644592
164.787445
165.665878
165.737305
165.737305
166.176514
166.247940
