167.772400
167.476044
168.936539
169.804306
170.304291
171.172058
168.536774
164.594482
158.823929
153.196228
148.957581
145.301010
142.522873
140.030441
140.162628
141.969589
144.869263
147.697510
149.065262
149.268890
148.961853
148.879776
148.797684
148.501328
167.261765
166.965393
168.058105
169.293671
170.672073
171.100632
168.975983
164.226700
158.895355
154.074661
149.836014
145.372437
142.155090
140.469650
140.091202
141.898163
144.797852
148.065308
148.922409
149.197464
148.890442
148.808350
148.726257
148.940536
165.729843
165.872681
166.597610
168.343811
170.161438
171.100616
168.975983
164.737335
159.406006
154.656723
150.418091
145.883087
143.033524
140.469650
140.091202
141.826752
144.654999
147.483246
148.708130
149.054596
148.819000
148.736923
148.654831
148.797684
162.951691
163.094543
164.626465
166.883301
169.211578
171.029205
169.782990
166.054993
160.498703
155.749420
151.510788
146.904358
143.615585
140.469650
140.387573
141.683899
144.369293
147.126099
147.983215
148.768906
148.676147
148.665497
148.583405
149.165466
159.520065
159.734344
161.337692
164.472961
168.118866
170.957779
170.293625
167.076263
161.959198
156.984985
153.114136
148.068497
144.565430
140.908875
140.316147
141.398193
143.572952
145.890549
147.554657
147.604767
148.461884
148.522644
148.879776
149.461838
156.088425
156.741928
158.784485
162.430389
167.026169
170.375702
171.029205
167.586914
163.491119
158.588333
155.156708
150.039642
145.586716
141.419510
140.244720
141.183914
143.287247
145.461990
147.054688
147.615433
148.104752
148.747589
149.176132
149.319000
154.485077
155.138580
157.252563
161.337692
166.004883
169.650787
170.518555
168.026123
164.073196
160.120255
156.688629
151.060913
146.608002
142.297943
141.051727
141.919495
143.072968
145.104858
146.329773
146.890503
147.961899
148.604736
149.033279
149.686768
153.831589
154.485077
156.527649
160.244980
164.033752
167.751083
169.058075
167.586914
165.023041
162.019974
158.659760
153.032059
148.507721
144.126221
141.930145
142.287277
143.297897
145.258377
146.044067
146.676239
148.186829
148.461884
149.329651
149.176132
154.495743
155.077805
156.241943
159.520065
162.869614
165.779938
167.229782
167.076263
165.462265
163.848251
160.263107
155.299561
149.896790
145.443863
143.247787
143.094284
144.104904
145.044098
145.461990
146.901184
147.972565
148.390457
148.819016
149.104706
155.088470
155.302750
156.834671
159.162933
161.776917
164.176590
165.697861
166.494202
165.972900
165.237320
162.530609
157.199265
151.796494
146.975784
144.636871
143.972717
144.401276
145.197617
145.176300
146.247681
147.758286
148.176178
148.676163
148.890427
156.488205
156.773895
157.795181
160.123444
161.787567
164.115829
165.708527
166.576294
166.708481
166.115753
163.919678
158.659760
153.696198
148.804077
145.658142
144.851135
144.258423
144.615540
144.451370
145.961975
147.104782
147.594101
148.094086
148.747589
158.766357
158.541428
159.562714
161.819550
162.973022
164.933502
166.526184
167.169006
167.372620
167.361969
165.237320
160.488037
155.156708
150.335999
147.486435
145.729568
144.115570
143.890625
143.287247
144.797836
145.940659
146.940613
147.440582
147.654877
161.412308
161.555161
162.208649
163.954849
165.036896
166.486740
167.200989
168.425888
168.333145
168.026123
165.676544
161.437897
157.056412
152.235703
148.579132
146.679428
144.340500
142.726486
142.051682
143.633713
144.847946
146.215698
146.787109
147.001389
164.129684
164.272537
164.486816
166.090164
166.733002
167.672180
168.018661
169.243561
168.925873
168.690277
166.851334
162.755554
158.516907
153.839050
150.039642
147.190063
143.829865
141.705215
141.326767
142.469574
143.683823
145.490784
146.501404
146.715683
166.550705
165.815125
166.468613
167.561310
167.989868
168.489853
168.836334
169.693420
169.007965
168.475998
167.076263
163.633972
159.905975
155.738770
152.082199
148.211349
144.708282
141.633789
141.041061
141.816086
143.398117
145.205078
145.776489
145.990768
168.603928
168.307556
168.450409
169.032471
168.582596
169.011154
169.214767
169.632660
169.018616
168.558090
167.301208
164.369553
160.559479
156.974335
153.246323
149.304062
145.218933
141.930145
141.266006
141.969604
142.744614
144.551590
145.051559
145.265839
170.289352
169.992981
170.064423
170.207275
169.614532
169.093231
168.857635
169.275543
168.518646
168.497314
166.944077
164.298126
161.141541
158.138458
155.288895
150.835968
146.168793
142.737152
142.001572
141.755325
142.898132
144.633667
144.694427
144.980133
171.678436
171.310638
171.382065
170.942841
169.839478
169.318176
168.132721
168.479187
167.722290
167.700974
166.586945
164.594482
162.019974
159.302582
156.524445
151.928680
147.629288
143.983368
142.369354
141.980255
143.051636
143.980179
144.337311
144.623016
172.189056
171.821289
171.453491
170.942841
169.328842
168.296890
167.111450
166.947266
166.925949
166.026199
165.351379
164.451630
162.091400
160.395294
157.688583
153.092819
148.721985
145.443878
143.247787
142.715836
143.276581
144.062256
143.980179
144.123032
171.524918
171.524918
170.717911
169.768051
167.714828
166.243683
165.283157
164.608337
164.444168
163.912216
163.380249
162.991150
162.091400
161.345154
159.220505
155.135376
151.132339
146.975800
144.779724
143.962051
143.869308
144.440720
143.776566
143.919418
170.492981
169.982330
169.175323
167.857681
166.100830
164.190460
163.158508
161.901627
162.033829
161.501862
160.898468
161.898438
161.652176
161.855789
160.313217
156.667297
152.807114
149.018356
146.750854
145.279694
144.462036
144.379944
143.715790
143.348007
169.757385
168.878967
168.439758
166.754318
164.997467
162.137222
161.105286
159.705566
160.205536
159.091507
159.366547
160.877151
161.580750
162.437866
161.263062
157.760010
154.339035
150.550278
147.772141
146.158127
145.126190
144.533463
144.094238
143.287231
169.461029
168.511169
167.704163
166.315094
163.822662
161.330231
160.226852
158.827133
159.184250
158.509445
158.416702
160.366516
161.580750
162.437866
161.405914
158.781296
155.288895
151.132339
148.721985
147.036560
145.493973
144.319183
143.808548
143.001541
169.021820
168.511169
167.704163
165.508087
163.751236
161.330231
159.859070
158.316483
158.305832
157.631012
158.273849
159.927307
161.580750
162.877075
161.845123
158.781296
155.431747
152.010773
149.232635
147.036560
145.790344
144.615540
144.176331
142.930115
