132.727966
132.727951
132.727966
132.870819
133.452881
133.738586
133.810013
134.320648
134.024292
134.606354
134.677780
134.167130
134.606354
134.095703
134.095703
134.024292
134.831284
134.831284
134.759857
133.952866
133.952866
133.513641
133.513641
133.513641
132.656525
132.727966
132.656540
132.870819
133.381454
133.667160
133.809998
133.810013
133.952850
134.167145
134.167145
134.167130
134.167130
134.095703
134.095703
134.095703
134.392075
134.392075
134.392075
133.952866
133.952866
133.513641
133.513641
133.513641
132.513687
132.585114
132.585114
132.727951
133.310028
133.524307
133.667160
133.370789
133.881439
134.024292
133.727921
134.024292
134.024292
133.952866
133.952866
134.024292
134.392075
133.952850
134.024277
133.952866
133.952866
133.513641
133.513641
133.513641
131.349548
131.420975
131.492401
131.635254
132.217316
132.063812
132.206665
132.717300
132.860153
133.003006
133.442215
133.442215
133.881424
133.442215
133.442215
133.513641
133.585068
133.585068
133.585068
133.145859
133.145859
133.145859
133.145859
133.145859
130.696060
131.135269
130.767487
130.910339
131.124619
130.971100
131.113953
131.696014
132.206650
132.717300
132.788727
133.227936
133.299362
133.299362
133.738586
133.442230
132.706635
133.145859
132.849487
132.778061
132.706650
133.145859
132.706635
132.706635
131.360214
131.360214
131.063843
131.206696
130.981766
130.756821
131.338882
131.481735
131.992386
132.063812
132.135239
132.645874
133.085083
133.085083
133.156509
132.931580
132.267426
132.706635
132.042480
132.778061
132.267426
132.706650
132.778076
132.778076
134.066925
134.066925
133.770554
133.841995
133.106415
132.810043
132.952896
132.585114
133.095749
132.727966
132.360168
132.870819
132.870819
132.942230
133.013657
132.788727
132.124573
132.195999
131.899643
132.267426
132.635223
132.706650
132.635223
132.635223
139.623199
139.183990
138.376984
138.376984
137.130768
136.620117
135.813126
135.006119
134.566910
133.688477
133.320694
133.024323
132.656540
132.727966
132.799393
132.206665
132.278091
131.981720
132.124573
132.124573
132.492355
133.370789
133.370789
132.931580
145.832977
145.322342
144.883118
143.933273
142.472763
141.380066
140.062424
138.234131
136.916489
135.598846
134.352631
133.617050
132.881470
132.585114
132.217316
132.360168
132.063812
132.135223
132.645874
133.156509
133.595734
133.595734
133.595734
133.227936
151.674957
151.603531
150.653687
150.000183
147.589844
145.915070
144.086777
142.187073
139.919571
138.162704
136.477280
135.231049
134.424042
133.320694
132.952896
133.095749
132.727966
132.727966
133.238602
133.310028
133.820663
133.892105
134.259888
134.259872
156.342148
156.270721
155.249451
154.156738
152.114182
150.807190
148.468262
146.057922
143.790421
141.890701
139.694626
138.376984
137.059341
135.516754
135.006119
134.341965
134.781189
133.902756
133.974182
133.606384
134.484818
134.556244
134.484833
134.117035
160.345184
160.641556
159.691696
158.966782
156.924225
155.617233
154.013885
151.971329
149.560974
147.150620
145.250916
143.422623
141.665771
139.980331
138.959045
137.712830
136.834396
135.516769
134.638336
134.270538
134.341965
134.270538
134.270538
133.902740
163.541229
163.909027
163.326950
162.602036
161.877121
160.641556
158.966782
157.731232
155.178024
153.503250
151.092896
149.121765
147.150620
144.954544
143.790421
140.787338
139.326843
137.569977
135.813126
135.373901
134.566910
134.495483
134.056274
133.688477
166.298050
166.594421
166.083771
165.869492
165.144577
164.348236
163.480469
162.612701
160.355850
158.313293
156.567093
154.453110
152.042755
150.071609
148.029053
144.883118
142.544189
140.205276
138.009201
136.691559
135.813126
134.863266
134.424057
134.424057
167.451523
167.451523
166.940887
167.165817
167.319336
166.226624
165.798065
164.930298
163.480469
161.734253
159.988068
157.874069
155.392303
153.646103
151.603531
148.753967
146.343628
143.565475
140.858765
139.908905
138.448410
137.498550
136.691559
136.620117
166.919556
166.480347
166.776703
166.705292
166.562439
166.715942
166.358810
165.930267
164.623276
163.316284
161.498672
160.630890
158.516907
156.770706
155.095932
152.614151
150.939377
148.457611
146.118683
144.147552
142.247833
141.665771
140.276703
140.276703
164.998535
165.366318
165.294891
165.734100
165.662689
165.959045
166.041138
165.316223
164.816238
163.948471
162.641479
162.212921
160.466736
159.159744
157.924179
156.545776
155.678009
153.564011
151.521454
149.918106
147.436325
146.343628
144.954544
144.954544
163.302429
163.302429
163.302429
164.109436
164.252289
164.987869
165.141388
164.487885
164.569977
164.212845
163.712860
163.284317
162.048752
161.477341
160.681000
159.741806
159.170395
158.302628
156.188644
154.881653
151.889236
150.725098
149.336029
149.193192
162.341919
162.781128
162.781128
163.220352
163.291779
163.730988
164.395142
163.813080
164.334381
164.048676
163.691544
163.334412
162.538086
162.477310
162.048752
161.548767
161.855789
160.988022
159.681030
158.302628
155.606567
154.513870
153.421158
153.349731
162.045563
162.045563
161.677765
162.116974
161.749191
162.627625
162.556198
162.852570
162.709717
162.934647
163.016739
162.802460
162.516754
162.598846
162.241699
162.252365
162.630814
162.202271
161.263062
160.323883
158.874039
158.077698
157.424194
156.984985
161.606339
161.606339
161.606339
161.238556
160.870758
161.013611
161.381409
161.309982
161.238556
161.534912
161.392059
161.688431
161.984802
161.770508
162.291809
162.373901
162.016769
162.027435
162.038086
161.834473
161.334488
161.273727
160.620239
160.916595
160.727905
160.727905
160.727905
160.799332
160.431549
160.135193
160.063766
160.135193
160.135193
160.942200
160.502975
160.870758
160.870758
161.167130
161.688431
161.913361
161.995453
162.077545
162.527405
162.691589
162.998596
163.377060
163.530563
163.459137
160.727905
160.727905
160.727905
160.360123
159.992340
159.695984
159.695984
159.767395
159.471039
159.910248
159.910248
160.278046
161.156464
160.717255
161.677765
161.534912
162.127640
162.577515
163.027390
163.630783
164.377014
164.684052
164.837555
164.766129
160.727905
160.727905
160.727905
159.920914
159.553116
159.256760
158.960388
159.031815
159.471039
159.910248
159.613892
160.420883
160.931534
160.931534
161.892044
161.749191
161.902710
162.791794
163.313095
164.284271
164.591293
165.408951
165.491043
165.419617
