146.837204
146.622925
146.265808
145.183762
144.255219
142.887482
141.151932
139.273544
136.588150
134.627670
134.199112
134.934692
134.709763
136.016739
138.273575
141.694550
146.279663
149.404266
151.579025
152.803925
153.885971
154.314514
154.232437
154.375290
146.908630
146.622940
146.265808
145.183762
143.958862
142.958893
140.784149
139.344971
137.098785
134.699097
134.709747
134.495483
134.709763
136.384521
137.762939
141.255341
145.329803
148.893631
151.068390
152.364716
153.743118
154.243103
154.232437
154.375290
146.908630
147.133575
146.408646
145.326614
144.469498
143.101746
141.805420
139.487823
137.241638
135.209732
135.148972
134.638336
134.709763
135.873886
137.323730
140.673279
144.747742
147.800919
149.975677
152.079010
153.232483
153.364670
154.089584
154.232437
147.122910
146.908630
146.551498
145.540878
145.123001
143.387451
142.091125
140.141312
137.895126
136.231018
134.924026
134.270538
134.270538
134.995453
136.231018
139.580566
143.512177
146.565353
148.811554
150.914871
152.139771
153.150391
153.578949
154.161011
147.265762
147.051483
146.765778
146.194382
145.480118
144.112366
142.816040
140.937653
139.059265
136.884506
135.945312
134.341965
134.270538
133.974182
135.138306
137.977219
141.398193
144.819168
146.993927
149.311523
150.975632
152.200531
152.996887
153.578949
147.847839
147.704987
147.419281
146.847870
146.133621
144.540924
143.612396
141.805420
139.416397
138.048645
136.670227
134.556244
133.902756
133.024323
134.117035
136.302444
139.651993
142.633743
145.176285
147.933105
149.372284
151.036407
152.271957
152.486237
147.990677
148.287048
147.562119
147.133575
146.490738
145.337265
144.480164
142.233978
140.723373
138.844986
137.027359
135.281158
134.045609
133.024323
133.167175
135.281158
137.609421
140.519760
143.062302
145.747696
148.065308
149.872269
150.668610
151.761322
148.429901
148.726257
148.144196
147.787064
147.287079
146.205032
145.419357
143.612396
141.294785
139.855606
138.262924
136.006073
134.627670
133.167175
133.095749
134.699097
136.077499
138.405777
140.437668
143.562286
145.879883
148.126068
149.361633
150.015121
149.308319
149.676117
149.461838
148.440552
147.715637
146.705017
146.062195
144.183792
142.744614
140.866226
139.641327
137.241638
135.352585
133.749237
133.167175
133.677811
134.545578
136.291779
138.691467
141.009079
143.694473
146.308441
147.615433
148.268921
149.818970
150.115326
149.972488
149.461838
148.440552
147.572784
146.562164
145.122986
143.755249
141.805420
140.580536
138.477203
136.516724
134.402740
133.677811
133.677811
133.085083
134.320648
136.209702
139.191452
141.948273
144.490814
145.726379
146.379868
150.186752
150.554535
150.115326
149.604691
148.726257
147.929916
146.990723
145.694397
144.623016
142.744629
141.887512
139.784180
137.241638
135.495438
134.259888
133.238602
132.942230
133.227936
134.974136
137.588104
140.641296
143.112411
144.419388
145.072891
150.993759
150.922333
150.483124
150.115326
148.940536
148.287048
147.347855
146.562164
145.562210
144.051605
142.755280
140.651947
138.548615
136.588150
135.281158
133.749237
132.942230
133.013657
134.249222
136.352539
139.702103
141.733994
143.408768
143.551620
150.850906
151.290131
150.483124
150.186752
149.451187
148.133530
147.704987
146.919296
146.429977
144.990799
143.623047
141.958939
140.151978
138.191498
136.741653
134.699097
133.310028
133.238602
133.595734
135.995422
138.834320
140.794800
142.398148
142.541000
151.586487
151.218689
150.850906
150.186768
149.594025
148.347809
147.990692
147.276428
146.419327
145.858566
144.562256
142.826706
141.019745
139.355621
137.834366
135.720383
133.820663
133.606384
133.452881
135.199066
138.037979
139.855606
141.019745
141.162598
151.586487
151.218689
150.850906
150.625977
149.961823
148.858459
148.133545
147.633560
147.654877
146.429977
145.133652
143.765900
141.887512
140.519760
138.927078
136.302444
134.331299
133.606384
133.381454
135.056229
137.313065
138.691467
139.344971
139.855606
151.443634
150.708054
150.708054
150.554550
149.890396
148.715607
148.572754
147.847839
147.715637
147.440598
145.776489
144.408737
142.826706
140.948318
139.355621
137.395157
135.281158
134.045609
133.310028
134.474152
135.852570
137.527344
138.180832
138.323685
151.004425
150.636627
150.636627
150.411682
150.115326
149.011963
148.869110
148.797684
148.144196
147.644226
146.490738
145.051559
143.398117
142.183868
140.519760
137.680847
135.863235
134.627670
133.381454
134.402725
135.270508
136.138275
136.281128
136.352554
150.932999
150.565216
150.197418
149.901047
149.604691
149.236908
149.236893
148.869110
148.429901
148.215622
146.694366
145.622971
143.826660
142.612427
140.948318
138.844986
136.884506
135.209732
134.259888
134.034943
134.392075
134.677780
135.188416
134.892059
151.300797
150.932999
150.932999
150.636627
150.340271
149.972488
149.676117
149.379761
149.083389
148.501328
147.051483
145.980103
144.255219
143.040985
141.305435
139.130692
137.609436
135.424011
134.841949
134.474152
134.249222
134.534927
134.167130
134.606354
151.739990
151.372208
151.004425
151.075851
150.779480
150.043915
149.676117
149.890396
149.154816
148.715607
147.337189
146.337234
145.123001
143.540955
141.876846
139.630676
137.966553
136.148926
135.424011
134.913376
134.617004
134.392075
134.392075
134.392075
152.618439
152.250641
151.882843
151.882843
151.218689
150.850906
150.554550
149.890396
149.154816
148.644180
147.408615
146.480087
145.040909
143.530304
141.866196
140.498444
138.762909
136.873856
136.445297
135.424011
135.056229
134.759857
134.617004
134.617004
152.689850
152.322067
152.322067
151.954269
151.657913
150.922333
150.993759
149.890381
149.594040
148.715607
147.919250
146.622925
145.255173
143.448212
142.223312
140.416351
139.120026
137.527344
137.027359
135.566864
135.495438
135.127655
134.913376
134.474152
153.057648
152.689850
152.322067
152.322067
151.657913
150.922333
150.993759
150.329605
149.665451
148.787033
147.919250
146.765793
145.469452
143.662491
142.437607
140.630630
139.262878
137.670197
137.537994
136.006073
135.495438
135.056229
134.913376
134.474152
153.496857
153.129074
152.761276
152.761276
152.097122
151.361542
151.432983
150.768829
149.594025
148.715607
147.990677
146.765778
145.540894
143.805344
142.509018
140.773483
139.334305
137.741623
137.170212
136.077499
135.495438
134.984802
135.281158
134.402725
