138.712799
138.784225
138.630707
139.569901
140.141312
141.223358
141.866196
143.091095
143.948196
145.030243
145.458801
145.601654
145.887360
146.255142
146.255142
146.112289
145.898010
146.051514
145.908676
145.551544
145.337265
145.122986
144.908722
144.980133
138.202148
138.273575
138.998505
139.498474
140.437668
141.151932
141.866180
143.019669
143.876770
145.030243
145.458801
145.673080
145.815933
146.255142
146.255142
146.112289
145.969437
146.122955
145.980103
145.551544
145.337265
145.122986
144.980133
144.980133
137.762939
138.202148
138.487854
138.987839
139.487823
141.009079
142.091125
142.437592
143.733917
144.887390
145.315948
145.530228
145.744507
146.255142
146.255142
146.112289
145.969437
146.194366
146.051514
145.694397
145.480118
145.265839
145.122986
145.122986
137.109451
137.252304
137.537994
138.702133
139.344971
140.794800
141.509064
142.662537
143.519638
144.673111
145.173096
145.458801
145.744507
146.255142
146.326569
146.183716
146.112289
145.898010
145.755157
145.469467
145.326614
145.112335
144.969482
144.969482
136.088165
136.231018
136.445297
137.609421
138.180832
139.998459
141.223358
141.937622
143.162506
144.387405
144.958817
145.755157
145.673080
145.887360
145.958786
145.887360
146.183716
146.040863
145.898010
145.683746
145.540894
145.326614
145.255188
145.255188
134.627670
135.209732
134.984802
136.955933
137.895126
139.712753
141.234009
141.651917
142.805389
144.030289
144.673111
145.173096
145.530228
145.887360
145.958786
145.958786
145.958786
145.815933
145.673080
145.530228
145.458801
145.244522
145.173096
145.101669
133.677811
134.259872
134.402725
136.373871
136.730988
138.620056
140.069885
141.294785
142.448257
143.673157
143.948196
144.887390
145.387375
145.744507
145.958786
145.958786
145.958786
145.887360
145.815933
145.673080
145.601654
145.387375
145.387375
145.315948
132.799377
133.310028
133.452881
134.913376
136.077499
137.823700
139.273544
140.498444
142.162552
142.948242
144.030289
144.233887
145.173096
145.601654
145.448151
145.958786
146.030212
145.590988
145.519562
145.448151
145.376724
145.162430
145.233856
145.162430
132.288742
132.727951
132.942230
134.770523
135.056229
136.802429
138.109406
139.262878
141.366211
142.151901
143.673157
143.948196
144.519608
144.948166
145.376709
145.958786
145.662415
145.662415
145.662415
145.590988
145.887360
145.744507
145.744507
145.744507
131.849533
131.920959
132.431595
133.820663
134.034943
136.077499
137.384491
138.466537
140.202087
141.426971
142.876816
143.223282
144.305328
144.733887
145.305283
145.887360
145.662415
145.223206
145.294632
145.294632
145.590988
145.519577
145.519577
145.519577
131.481735
131.920959
131.696014
132.942230
133.892090
135.056229
136.220352
137.741623
139.916382
140.630630
142.519684
142.498367
144.019623
144.519608
145.458801
145.376709
145.519562
145.151779
145.294632
145.294632
145.590988
145.519577
145.519577
145.519577
131.256805
131.624588
131.767441
132.574448
132.645874
134.177795
135.270508
136.720337
138.384445
139.905716
141.426987
142.580444
143.733917
144.305328
144.805313
145.162430
145.305298
145.008926
145.151779
144.855408
145.151779
145.590988
145.590988
145.590988
131.838867
131.838867
132.278076
132.278076
132.645874
133.227936
134.249222
135.259842
137.659531
138.741577
140.630630
141.416321
143.376801
144.530273
144.958817
145.315948
145.162430
145.305283
145.008926
144.712555
145.080353
145.151779
145.151779
145.151779
132.492355
132.860153
132.492355
132.349503
132.278076
133.156509
133.370789
134.677780
136.566833
138.016663
139.466492
141.130615
143.019669
144.244568
145.112335
145.101669
145.315948
145.162445
144.937500
145.080353
145.080353
145.151779
145.151779
145.151779
134.024277
133.585068
133.513641
132.931580
132.420929
132.717300
133.227936
134.024277
135.402695
136.852524
138.302368
140.334274
142.733963
143.958862
144.898056
144.887390
145.173096
145.091003
144.866074
145.008926
144.937500
145.008926
145.008926
145.008926
135.259842
135.188416
135.045563
133.952850
132.931580
133.085083
133.156509
133.442215
134.677780
135.616974
137.066803
139.537918
141.937622
143.305374
144.244553
144.744553
145.101669
145.019592
145.233856
145.376709
145.305283
145.008926
145.008926
145.008926
137.302399
137.230988
136.648911
135.484772
134.320648
133.595734
133.156509
133.227936
134.320648
134.820633
136.199036
138.302368
140.405701
142.580444
144.101715
144.601700
145.101669
145.019592
145.233856
145.376709
145.305298
145.305298
145.305298
145.305298
139.344971
139.273544
138.620041
136.577484
135.341934
134.034943
133.452881
133.013657
133.667160
134.024292
135.474121
137.506027
140.048569
141.926956
143.448212
144.530258
145.030243
145.387375
145.673080
145.744507
145.673065
145.305283
145.305283
145.305283
140.509094
140.437683
139.784180
138.109406
136.291779
134.913376
133.892090
133.310028
133.452881
133.738571
135.116989
137.220322
139.395065
141.641251
143.305374
144.315979
144.887390
145.387375
145.673080
145.744507
145.673065
145.233856
145.233856
145.233856
142.183868
142.041016
140.948318
139.569901
137.241638
135.791809
134.627670
134.117035
133.677811
133.892090
134.831284
136.863190
139.037933
141.355545
142.948227
144.101715
144.744537
145.683746
146.040863
146.112289
146.040863
145.162430
145.162430
144.794647
142.980225
143.205154
142.551666
140.662613
138.630707
136.670227
135.506104
134.484818
134.852600
134.556244
135.424011
137.016693
139.262878
141.069839
142.733963
143.887436
145.408707
145.612305
145.969437
145.673065
145.601654
145.162430
145.162430
144.794647
144.072922
144.297852
143.205154
141.244675
139.212769
137.180878
136.384521
134.924026
134.781174
134.852600
135.720367
137.241638
139.048599
141.294785
142.080460
143.744583
145.337265
145.908676
145.898010
146.040863
145.601654
145.162430
145.162430
144.794647
144.654999
144.440720
143.348007
142.194534
139.723419
137.620087
137.191528
135.291824
135.148972
135.148972
135.648956
137.170212
138.905746
141.151932
142.376831
143.673157
145.194427
145.908676
145.898010
146.040863
145.601654
145.162430
145.162430
144.794647
145.165634
144.951355
143.787231
141.898163
140.091202
138.059296
136.752319
135.731033
135.516754
135.148972
135.506104
137.027359
138.834320
141.151932
142.305405
143.530304
145.633636
146.276459
145.898010
146.040863
145.601654
145.162430
145.162430
144.794647
