136.627594
136.627594
136.413315
136.270462
136.199036
135.913330
135.699066
135.484772
135.270508
135.127655
134.984802
135.209732
135.138306
134.770523
135.281158
136.302444
137.537994
138.405777
139.048599
139.834290
140.252182
140.895020
141.323563
141.098633
136.116943
136.116943
136.341888
136.270462
136.127625
135.402695
135.699066
135.484772
135.638290
135.495438
134.913376
134.841949
134.770523
134.331299
135.281158
135.863220
137.466583
137.966553
138.977173
139.323654
140.109329
140.823593
141.180710
141.394989
136.413315
136.413315
136.270462
136.495392
135.984756
135.770477
135.627640
135.341934
135.199066
134.984802
134.913376
134.331299
134.259888
134.259888
134.402725
135.791809
136.516724
137.384491
138.323685
139.109375
139.895050
140.537888
140.823593
141.037857
136.566833
136.566833
136.423981
136.281128
135.770493
135.923996
135.852570
135.638290
135.056229
134.984802
134.402725
133.892090
133.820663
133.452881
133.892090
134.474152
135.495438
136.291779
136.791763
137.506027
139.098709
140.037903
140.395035
140.537888
136.209702
136.209702
136.577484
135.995422
135.923996
135.709717
135.638290
135.056229
134.545578
134.474152
134.402725
133.452881
132.942230
132.503021
132.942230
133.452881
133.595734
134.688431
135.116989
136.566833
138.088089
139.098709
140.191406
140.334274
136.363205
135.852570
135.852570
135.709717
135.566864
135.863235
135.424011
134.913376
134.402725
133.963516
133.892090
132.942230
132.431595
131.992386
131.992386
132.431595
132.574448
133.156509
133.881424
135.699051
137.148895
138.455872
139.548584
139.620010
135.638290
135.566864
135.199081
135.056229
134.984802
135.720383
134.841949
134.770523
133.892090
133.381454
133.381454
132.431595
131.920959
131.481735
131.113953
131.920959
131.624588
132.574448
133.667145
134.974136
136.791763
138.027313
139.048599
139.120026
134.617004
134.545578
134.177795
134.106369
134.841949
134.699097
134.331314
134.188461
133.310028
132.870804
132.360168
131.849533
131.410309
130.971100
130.899673
131.042526
131.481735
132.063812
133.524307
134.759857
136.506058
137.598770
139.059265
138.691483
133.595734
133.156509
133.156509
133.156509
133.892090
134.188446
133.820663
133.606384
132.799377
132.360168
132.217316
130.899673
130.828247
130.460464
130.460464
130.971100
131.920959
132.431595
133.524307
135.056229
137.027359
137.313065
138.334351
138.773560
132.206650
132.206650
132.574448
132.574448
133.381454
132.870804
132.870804
132.727951
132.288742
131.849533
131.706680
130.828247
130.756821
130.389038
130.828247
130.971100
131.920959
132.431595
133.892090
135.352585
136.813080
137.466583
137.977219
138.416428
131.696014
131.696014
131.696014
132.135239
132.942230
132.503021
132.870804
132.727951
132.727951
132.288742
131.778107
131.338882
130.899673
130.899673
131.338882
131.849533
132.799377
133.310028
134.331299
135.281158
136.670227
137.252289
137.691513
138.130722
131.624588
131.624588
131.624588
131.696014
132.503021
132.503021
132.942230
132.942230
132.870804
132.503021
132.360168
132.360168
132.360168
131.920959
131.992371
132.431595
132.870804
133.749237
134.699097
135.577530
136.455948
136.527374
137.038025
137.477234
131.553162
131.185379
131.624588
131.696014
132.574448
132.645874
133.085083
133.524307
133.524307
133.595734
133.524307
133.452881
133.452881
133.085083
133.085083
133.452881
133.452881
134.331299
135.138306
135.506104
135.945312
136.384521
136.384521
136.752319
131.113953
131.624588
131.624588
131.696014
132.645874
132.420929
133.667145
133.738586
134.249222
134.688431
134.688431
134.688431
134.617004
134.249222
134.249222
134.545578
134.913376
134.913376
135.209732
135.577530
135.945312
135.802460
135.802460
136.609467
131.553162
131.992386
132.063812
132.574448
132.788727
132.931580
133.810013
134.392075
135.341919
135.852570
135.484787
135.852570
135.852570
135.484772
135.413345
135.709717
135.638290
135.566864
136.231018
135.648956
136.016739
135.434677
135.434677
136.170258
132.431595
132.503021
132.574448
132.717300
133.299362
133.442215
134.463501
134.677780
136.066849
136.720337
137.159546
137.159561
137.159546
136.791763
137.159546
137.016693
136.434631
136.291779
136.077499
135.863220
136.159592
135.577530
135.873886
135.802460
133.310028
133.381454
133.892090
133.667160
133.810013
134.024277
134.749207
135.402695
136.495392
137.516678
138.027328
138.537964
138.170166
138.537964
138.027328
138.323685
137.670197
137.088135
136.873840
136.148926
136.373871
135.720383
135.648956
135.577530
134.259888
134.627670
134.402725
134.177795
134.688431
134.606354
135.331268
136.056183
137.220322
138.313019
139.334305
139.477158
139.477158
139.477173
139.773529
138.895096
138.241592
137.955902
137.302399
137.016708
136.363205
136.077499
135.934647
135.863235
135.138306
135.138306
135.281158
135.056229
135.199081
135.484787
136.209702
137.006042
138.241608
138.966522
139.620010
140.641281
140.344925
140.784134
140.344925
139.834290
139.620010
138.966522
138.241608
137.516678
137.230972
136.577484
136.434631
136.363205
136.016739
136.016739
136.159592
135.863220
135.934647
136.220352
136.506058
137.445251
138.680817
139.548584
140.344925
141.437637
141.212708
141.355545
141.355545
140.548553
140.334274
139.752197
139.098709
138.741577
138.016663
137.730957
137.588104
137.516678
136.598801
136.527374
136.670227
136.670227
136.741653
136.516724
137.241638
138.180832
139.120026
140.498444
140.926987
141.723343
141.641251
141.416306
141.559158
141.191376
140.609314
140.466461
140.252182
139.895065
139.241562
138.955856
138.813004
138.741577
137.038025
137.477234
137.477234
137.477234
136.670227
137.252304
137.170212
138.109406
139.559250
141.009079
141.437637
141.937622
141.926956
142.212662
141.987732
141.691345
141.548508
141.037872
140.823593
140.170090
140.252182
139.966492
139.823624
139.752197
137.548660
137.916443
137.477234
137.916458
137.109451
137.620087
137.537994
138.548630
139.559250
141.080505
141.509064
142.080475
142.069809
141.987717
142.273422
141.977066
141.905640
141.394989
141.180710
140.895020
140.609314
140.691406
140.180756
140.109344
137.916443
137.548660
137.916458
137.845032
137.548660
137.620087
137.905792
138.548615
139.559250
141.448303
142.019699
142.080460
142.141235
142.059143
142.344849
142.048492
142.048492
141.537857
141.323563
141.477081
141.191376
140.466461
140.323608
140.252182
