145.969437
145.019577
145.326614
145.858566
144.858612
144.594223
143.369324
140.826782
137.845032
136.609467
137.559326
141.858719
147.547195
152.939316
156.870926
159.188522
161.731064
163.323761
163.680878
163.241669
162.148972
161.056259
160.913406
160.545624
145.673080
145.458801
145.908676
145.929993
145.369247
144.737076
143.879974
141.337418
137.987869
136.977249
137.998535
142.226517
147.914978
152.357239
156.288849
159.045670
161.220428
162.813126
163.609467
163.098816
162.077545
160.688477
160.474182
160.106400
146.765793
145.744507
146.562164
146.654907
145.726379
145.461990
144.165665
141.990921
138.498520
137.120102
137.998535
142.083664
147.332916
152.142960
156.074585
158.320755
160.638367
162.598846
163.027405
163.466614
162.445328
161.495468
161.352615
160.984833
147.704987
147.122910
147.062149
147.594116
146.665573
146.401184
145.104858
142.787262
139.519791
137.630753
138.805542
142.308594
146.536575
150.907410
154.696167
157.381561
159.770584
161.873917
163.180908
162.813110
162.006104
161.424042
161.352631
161.424042
149.083389
148.501328
148.511993
148.604736
148.626053
147.993881
146.115479
143.726456
140.316147
138.580597
139.173325
142.094330
145.740234
149.896774
153.246338
156.370941
158.831390
161.445358
162.384552
163.038055
161.863266
161.863266
161.863266
161.566895
150.390381
149.808304
149.818970
150.054565
149.636673
149.515137
147.933105
145.033447
141.919495
139.601883
140.123184
142.319260
145.383102
148.150574
151.428711
154.921097
157.820770
160.506165
162.027435
162.313141
162.159622
162.231049
162.302475
162.445328
151.268799
151.125946
151.136612
151.004425
151.607803
151.486282
149.536469
147.076004
144.258423
141.501587
141.073044
142.247833
144.361816
146.986450
149.753937
152.807114
156.585220
159.709824
161.670303
162.905869
162.752350
162.598846
162.670258
163.252335
152.229324
152.086472
152.168549
152.986221
153.589600
153.682343
152.243179
149.782715
146.740189
143.983368
143.044174
142.901321
143.483398
145.086746
147.415009
151.275192
155.788879
158.984909
161.752380
162.691589
163.487930
163.702209
163.845062
164.427124
152.975555
152.832703
152.986221
153.946747
155.499969
156.174789
155.685471
152.857224
149.446899
146.025940
144.279739
143.554825
142.747818
143.401306
145.586716
149.375488
154.624741
158.627777
161.395264
162.845093
163.712860
163.998566
164.580643
164.794922
152.700516
152.557663
153.661026
155.132187
156.389069
157.574524
157.667267
154.614075
151.785828
147.997070
145.740234
144.136887
141.940811
142.012238
143.687012
147.475769
153.021393
158.270660
161.038132
162.487976
163.794952
164.519867
164.734146
165.316223
151.404190
151.332764
152.507568
153.978714
155.746231
157.513748
156.870911
154.696167
151.714417
148.436279
145.811661
143.697678
141.062378
140.183945
142.226517
146.311646
151.785828
156.963669
159.659714
161.987991
163.294968
163.948471
163.794952
164.816223
149.015167
149.382950
150.118530
151.732529
153.571472
154.603424
154.910446
152.949966
150.182495
147.415009
144.861801
142.819244
140.408890
139.530457
140.990952
145.004654
150.478851
155.513824
158.209885
160.395294
162.070068
162.794983
163.009277
163.519897
146.044067
146.411850
146.851074
148.465073
150.007660
151.111023
151.193115
150.182480
147.997070
145.883087
144.208313
141.726532
139.755402
138.366333
140.194611
143.769104
149.029022
153.553345
156.177979
158.363403
159.966751
160.548813
161.570084
161.712952
143.287247
143.215820
143.655029
145.269043
146.883041
147.250839
147.843567
146.679428
145.515289
144.351166
142.747818
140.633820
138.734116
137.712830
139.101898
142.533539
147.282806
151.296509
154.217499
155.892273
157.791992
158.374054
159.323914
159.395340
140.009125
140.816116
141.255341
142.869354
144.115570
144.483353
144.851135
144.565445
143.544159
142.451447
141.358749
139.755402
138.223480
137.202194
138.959045
141.001617
145.240250
148.600464
151.010803
153.053375
154.074661
155.024506
155.535156
155.606583
138.262924
138.630707
138.630707
140.316147
140.683929
141.490936
141.858719
141.715866
141.062378
140.551743
140.337463
138.805542
137.784256
137.202194
137.712830
139.980331
142.758469
145.097397
146.997116
148.089813
149.039673
149.621735
150.428741
150.132385
135.852570
136.588150
136.659576
137.466583
137.834366
139.080582
139.009155
139.376953
138.723450
139.019821
138.509171
137.927109
136.977249
136.905823
137.712830
138.591263
139.908905
141.737198
142.983414
143.565475
143.636902
144.147537
144.218964
143.851181
134.320648
134.688431
135.127655
135.056229
135.495438
136.670227
136.670227
137.038025
137.262955
137.120102
137.120102
136.680893
136.609467
136.609467
137.416473
137.273621
138.376984
138.744766
139.551773
139.623199
139.255417
139.326843
139.326843
139.398270
133.595734
133.595734
134.034943
133.963516
134.402740
135.138306
134.770523
135.577530
135.873886
136.241669
136.241669
136.313110
136.752319
136.752319
137.120117
137.273621
137.498550
137.284271
137.580643
137.580643
136.773636
136.916489
136.916489
136.477280
133.820663
134.188446
134.627670
133.820663
133.749237
134.188461
133.749237
134.627670
134.924026
135.363251
135.873886
136.455948
136.966599
137.405807
137.773605
137.487900
137.498550
137.212860
137.141418
137.141434
136.773636
136.845062
136.405853
136.109482
134.556244
134.556244
134.924026
134.484818
134.045609
133.606384
133.677811
134.117035
134.556244
135.066879
135.577530
136.231018
137.180878
138.059296
138.427094
138.069962
138.080627
138.091278
138.019852
137.212860
137.652069
136.987915
136.987915
137.059341
135.659607
135.291824
135.659607
134.781174
133.974182
133.463531
133.238602
133.606384
134.556244
134.699097
135.720383
136.373871
137.762939
138.273590
139.009155
138.652023
139.030472
138.601929
138.091278
138.162704
138.162704
137.866348
138.009201
138.009201
136.027405
135.659607
136.027405
134.781174
133.463531
133.463531
132.727951
133.606384
134.188461
134.699097
135.791809
136.373871
137.905792
138.855652
139.080597
138.794876
139.469696
138.601929
138.530502
138.162704
138.234131
137.937775
138.009201
138.152039
135.588181
136.027405
135.588181
134.709747
133.831329
133.392105
132.656525
133.167175
133.820663
134.699097
135.720367
136.445297
137.905792
139.294861
139.591232
138.794876
139.469696
138.601929
138.530502
138.162704
138.234131
137.937775
138.080627
138.080627
