140.101868
140.541077
140.541077
140.541077
141.051727
140.683929
141.123138
141.123154
141.490936
141.858719
142.297943
143.033524
143.401306
144.576096
144.576096
144.943878
144.943878
145.383102
145.383102
145.383102
145.383102
145.383102
145.383102
145.383102
140.101868
140.541077
140.541077
140.541077
141.051727
140.683929
141.123138
141.123154
141.490936
141.858719
142.297943
143.033524
143.401306
144.576096
144.576096
144.943878
144.943878
145.383102
145.383102
145.383102
145.383102
145.383102
145.383102
145.383102
140.101868
140.541077
140.541077
140.541077
141.051727
140.683929
141.123138
141.123154
141.490936
141.858719
142.297943
143.033524
143.401306
144.576096
144.576096
144.943878
144.943878
145.383102
145.383102
145.383102
145.383102
145.383102
145.383102
145.383102
139.734070
140.173294
140.173294
140.173294
140.683929
140.316147
141.194565
140.755356
141.123154
141.490936
142.369370
143.104950
143.472733
144.647522
145.086746
145.086746
145.454529
145.893738
145.893738
145.965164
145.454529
145.525955
145.525955
145.525955
139.366287
139.805496
139.805496
139.805496
140.244720
139.876923
140.755356
140.316147
140.755356
141.123154
142.001572
143.176361
143.544159
144.351166
144.790375
145.158173
145.597382
146.108017
145.668808
146.036591
146.036591
146.036591
146.036591
146.036591
138.998505
139.437714
139.437714
139.876923
139.876923
140.316147
140.755356
140.316147
140.755356
141.123138
142.001572
142.808578
143.615585
144.422577
145.301010
145.301010
145.740234
146.108017
146.108017
146.179443
146.108017
146.108017
146.108017
146.108017
138.120071
138.559280
138.559280
138.998505
138.998489
139.876923
140.755356
140.316147
140.755356
141.123138
142.001572
142.808578
143.615585
144.422577
145.301010
145.301010
145.740234
145.740234
146.179443
146.179443
145.740234
145.668808
146.108017
146.108017
138.120071
138.559280
138.559280
138.998505
138.927078
139.366287
140.683929
140.244720
140.244720
140.612503
141.490936
142.297943
143.104950
144.422592
145.229584
145.229584
145.301025
145.740234
145.740234
145.740234
145.668808
145.229584
145.229599
145.301025
138.120071
138.487854
138.487854
138.927078
138.855652
139.294861
140.101868
140.101868
140.101868
140.469650
141.419510
142.226517
143.033524
144.351166
144.790375
145.158157
144.790375
145.668808
145.668808
145.301010
145.229584
144.790375
144.351166
144.790375
137.537994
137.905792
137.905792
138.784225
138.712799
139.152008
139.959015
140.398224
139.959015
139.959015
140.837448
141.644440
142.962097
143.840515
143.840515
144.647522
144.279739
145.086731
145.086731
144.790375
144.351166
143.840515
143.401306
143.840515
137.466583
137.834366
137.834366
138.273575
138.569946
139.009155
139.816162
139.816162
139.816162
139.376953
140.694595
141.133804
141.940811
143.697662
143.697662
144.504669
144.136887
144.576096
144.576096
143.840515
143.401306
142.962097
142.522873
142.962097
137.252304
137.620087
137.620087
138.059296
138.355667
138.794876
139.162674
139.234100
139.234100
139.234100
139.673309
140.551743
141.797958
142.747818
142.676392
143.554810
143.187027
143.554810
143.187027
143.187027
141.940811
141.940811
141.062378
141.501587
137.477234
137.405807
137.405807
137.845032
138.141388
138.580597
138.580597
138.580597
138.580597
138.509186
139.459030
140.266037
140.705246
141.655106
142.094315
142.533539
142.533539
142.533539
142.094315
141.726532
140.919525
140.408890
140.480316
140.041107
137.191528
137.191528
137.191528
137.998535
137.927109
137.998535
137.998535
137.998535
137.927109
137.927109
138.805542
139.683975
140.123184
141.073044
141.073044
141.512253
141.512253
141.512253
141.073044
140.633820
139.826813
139.387604
139.019821
138.580597
136.538040
136.538040
136.538040
137.345047
137.273621
137.345047
137.345047
137.712830
136.905823
136.905823
137.784256
138.662689
139.101898
139.612549
140.051758
140.051758
140.051758
140.490967
140.051758
139.173325
138.437759
137.927109
137.559326
137.120117
135.373901
135.813126
135.373901
136.252335
135.741699
136.180908
136.620117
136.252335
136.180908
135.813126
136.762985
137.569977
138.009201
138.080627
138.591263
138.591263
139.030472
138.591263
138.152039
137.345047
136.538040
136.466614
136.466614
136.098831
134.281204
134.281204
134.281204
134.720413
134.648987
135.159622
135.159637
135.159622
135.088196
134.791840
135.302475
136.548706
136.620132
137.059341
137.059341
137.202194
136.691559
136.762970
136.323761
135.445328
135.077545
135.006119
135.006119
134.638336
133.188492
133.188492
133.188492
133.627701
133.924072
134.066925
134.434708
133.699127
134.138351
134.209778
134.281204
135.159622
135.527420
135.598846
135.670273
136.180908
135.741699
135.373901
135.302490
134.495483
134.056259
133.617050
133.617050
133.545624
132.167206
132.167206
132.606430
132.677856
132.974213
133.484863
133.556274
133.188492
133.627701
133.699127
133.841980
134.209778
135.016785
135.527420
135.598846
135.231049
135.159622
134.791840
134.791840
134.424057
134.352631
133.913406
133.913406
133.913406
131.727997
131.656570
131.727997
132.167206
132.535004
132.606430
133.045639
133.117065
133.188492
133.331345
133.402771
134.209778
134.648987
135.527420
135.527420
136.038055
136.038055
135.598846
136.038055
135.670273
135.231049
135.159622
135.231049
135.159637
131.288788
131.288788
131.288788
131.727997
132.167206
132.606430
132.606430
132.749283
132.892136
132.524338
133.474197
133.841980
135.159637
135.527420
136.405853
136.477280
136.845062
136.845062
136.845062
137.284271
136.916489
136.405853
136.477280
136.916489
130.849564
130.410355
130.849564
131.727997
131.727997
132.167206
132.238632
132.381485
132.524338
132.595764
133.474197
133.913406
135.231049
135.966629
136.405853
136.845062
137.723495
137.652069
138.091278
138.530502
138.601929
138.162704
138.234131
138.234131
130.849564
130.410355
130.778137
130.849564
131.727997
132.167206
132.238632
132.381485
132.524338
132.595764
133.474197
133.913406
135.231049
136.038055
136.845062
137.284271
138.530502
138.459076
138.898285
139.408920
139.041138
138.969711
139.041138
139.041138
130.778137
129.971130
130.410355
131.288788
131.288788
132.167206
132.238632
132.013702
132.524338
132.227982
133.474197
133.545624
135.231064
136.038055
137.284286
137.723495
138.601929
138.530502
138.969711
139.776718
138.969711
138.969711
139.041138
139.041138
