153.182373
153.835861
154.121567
155.571396
157.164093
157.878342
158.174713
156.724884
154.621552
152.814575
151.079041
148.393646
146.443832
143.533493
141.644440
139.530457
138.141388
136.752319
135.434677
133.963516
133.738586
133.145859
132.410278
132.849487
153.039520
153.621582
153.610916
155.499969
156.724869
157.735489
157.735489
157.164093
154.692963
152.886002
150.854111
148.536499
146.218887
143.676346
141.787292
139.744736
138.284241
137.191528
135.945312
133.963516
133.738586
132.706635
132.778061
132.778061
151.875381
152.896667
152.886002
154.846481
156.142807
157.735489
157.296280
156.867722
154.907257
153.171707
151.579025
149.332840
147.454453
144.911911
142.951431
140.837448
139.305511
137.477234
136.088165
134.402725
134.106369
133.003006
132.635208
132.635208
150.496979
151.150467
151.579025
153.682358
155.489319
157.153427
157.367706
157.082001
155.192947
153.671692
152.150421
150.782684
148.536499
146.800964
144.840485
142.583649
140.541077
138.569946
137.038025
134.913376
133.595734
132.788727
132.349503
132.278076
148.536499
149.189987
150.129181
152.303940
154.692963
156.642792
157.367706
156.928497
155.692932
153.946732
153.375320
152.007568
151.007614
148.904282
147.311600
144.983337
142.797913
140.244720
138.202148
135.791794
134.331299
132.503021
131.992386
131.553162
146.943817
146.861725
148.168716
150.557739
153.457413
156.285660
156.857056
156.560699
156.050049
154.885925
154.089584
153.303909
152.303940
151.518250
149.486359
147.454453
144.686966
141.990921
139.366287
137.180878
134.699097
133.167175
132.145889
131.706680
144.758392
145.483307
146.861725
149.107910
152.518219
155.050110
156.499939
156.417847
155.682266
154.732422
154.446716
153.875305
153.385986
152.600311
151.079041
149.047134
146.576019
143.808533
141.112488
138.416428
136.159592
134.484818
133.095749
132.952896
143.522842
144.176331
145.554733
147.800919
151.139801
154.407272
155.560730
155.621506
155.028778
154.732422
154.221771
154.161011
153.589600
152.436127
151.793304
150.200607
148.168716
145.401230
143.369324
140.969635
137.834366
136.088165
135.363251
134.484818
142.358704
142.940765
144.247757
146.790298
150.057755
152.814575
154.846497
155.050095
154.671661
154.518143
154.660995
154.078934
153.578949
152.639740
152.139771
151.425507
149.761398
148.240143
145.769012
142.858688
140.459000
138.641373
137.477234
136.895172
141.194565
141.776642
143.012192
145.851105
148.975708
151.661102
153.325226
154.407257
154.314514
153.936066
154.293198
153.782562
153.129074
153.139725
152.271957
152.068344
151.354095
149.832825
148.097290
145.186951
143.155045
140.898209
139.662659
139.519806
140.030441
140.612503
141.480270
144.176331
147.525879
150.211273
152.243164
153.100281
153.589600
153.793228
154.221771
153.925415
153.414780
152.689850
152.771942
152.568329
151.996918
150.843445
149.618546
147.076004
144.676315
143.155045
141.480270
141.337418
138.569946
139.080582
140.244720
142.501556
145.340454
148.322220
150.425537
151.793304
152.864685
153.650375
154.150345
153.996841
153.118408
152.975571
152.322067
152.629089
152.496902
151.925491
150.700592
148.668686
146.197571
144.379944
143.512177
143.808548
137.109451
137.252304
138.784225
140.898209
143.665695
146.065384
147.800919
150.557739
152.068344
153.436096
154.446716
153.853989
153.189835
152.679199
152.536346
152.986221
152.629089
152.496887
151.343430
149.822159
148.229477
146.044067
145.247711
145.472656
136.670227
136.373871
137.834366
139.366287
141.990921
143.879974
145.615509
148.740112
151.272003
153.150391
154.232437
153.782562
153.118408
152.750610
152.679199
152.393494
152.546997
152.557663
151.986252
150.097198
148.943726
147.636749
146.840408
147.208191
136.373871
136.516724
137.395142
138.487854
140.019775
142.133759
143.797882
147.361710
149.965012
151.914825
153.436096
153.496857
152.975571
152.679199
152.311401
152.607758
152.761276
152.843369
152.414810
150.964981
150.322144
149.086578
148.290237
148.658020
137.977219
137.170212
138.048645
138.487854
139.366287
140.459000
141.980255
145.104858
148.515182
150.904205
152.568329
153.139725
152.689850
152.975571
152.679199
152.679199
152.975571
153.057648
152.700516
151.761322
151.189911
150.322144
149.668655
150.036438
139.284195
139.284195
138.844986
138.998505
138.345001
138.784225
140.091202
143.287231
146.626129
149.454376
151.189911
152.271957
152.771942
153.200500
153.414764
153.046982
153.343353
152.761276
152.843369
152.047028
151.986267
151.189911
150.975647
150.975647
141.101822
140.662613
140.009125
139.580566
137.905792
137.620087
138.784225
141.398193
145.104858
148.372330
150.107864
151.332764
152.414810
153.354004
153.639709
153.414764
153.343353
152.904129
152.618439
152.332733
152.343384
151.986252
151.771973
151.771973
142.551666
142.041016
140.948318
139.937698
137.977219
137.038025
137.620087
140.162628
144.022812
146.779633
148.586609
150.322144
151.547043
153.068298
153.496857
153.343338
153.343353
152.904129
152.322067
152.547012
152.629089
152.343384
152.200531
152.200531
144.215775
143.633713
142.398148
141.173248
138.262909
137.109451
137.477234
138.855637
142.133759
145.115524
147.290283
149.168671
150.904205
152.200531
153.578949
153.496857
153.271927
152.904129
152.832703
152.689850
152.914795
152.261307
152.118454
152.557663
145.369247
144.715759
143.919418
142.112442
138.987839
137.252304
137.038025
138.569946
141.194565
143.522842
145.626160
147.575974
149.965012
151.843399
153.293243
153.282578
153.129074
152.832703
152.832703
152.832703
152.618423
152.547012
152.404160
151.964935
146.379868
146.094162
144.787186
142.908798
139.712753
137.395142
136.966599
137.916443
140.326797
142.215851
144.615540
146.933151
149.536453
151.047058
152.639740
153.139725
152.986221
152.761292
152.904144
152.904129
152.832703
152.322067
152.250641
152.179214
147.104782
146.819077
145.440674
143.194489
139.855606
137.834366
136.966599
137.773605
139.234100
141.419510
143.379990
146.208237
148.882965
150.904205
152.496902
153.068298
152.986221
152.761292
152.904144
152.904129
152.832703
152.464920
152.393494
152.322067
147.686859
146.594147
145.654953
143.633713
139.927032
137.905792
136.966599
137.702179
139.091248
141.276657
143.604919
145.697586
148.740112
150.832779
152.425476
152.996872
152.986221
152.689865
152.975555
152.975571
152.904129
152.464920
152.464920
152.393494
