138.223480
138.734116
138.805542
139.316177
140.408890
141.869385
142.594299
143.094284
144.033478
144.094238
144.747742
144.819153
144.747742
144.237091
144.972672
145.197617
144.615540
144.840485
144.840485
144.697632
143.819199
143.379990
142.940765
143.451416
137.345047
137.855682
138.294891
139.244751
140.337463
141.869385
142.594299
143.022858
143.962051
144.462036
144.237091
144.308517
144.676315
144.165680
144.533463
144.758392
144.983337
145.279694
144.769058
144.258423
143.819199
143.379990
142.940765
143.379990
136.762970
137.273621
137.712830
138.294891
139.459030
140.990952
141.715866
142.144424
143.012207
143.808533
143.655029
143.726456
144.533463
144.022827
144.390610
144.615540
144.472687
144.769058
144.329834
144.258423
143.819199
143.379990
142.940765
143.379990
135.231064
135.741699
136.180908
136.834396
137.998535
139.601883
140.326797
141.123138
142.358704
142.715836
143.369324
143.440750
143.808533
143.737122
143.808533
144.033478
144.033478
144.401276
144.258423
143.819199
143.379990
143.379990
142.501556
142.940765
133.259918
133.331345
134.209778
134.934692
136.098831
137.773590
138.937729
139.662659
141.265991
141.919495
142.133759
142.644409
142.715836
142.644409
143.083618
143.451416
143.451416
143.890625
143.890625
143.379990
143.379990
142.869339
142.940765
142.940765
131.656570
131.727997
132.677856
132.963562
134.270538
135.945312
137.548660
138.130737
139.662643
140.683929
141.265991
141.776642
141.848068
142.287277
141.990921
142.797913
142.869339
143.012192
143.379990
142.940765
142.940765
142.869339
142.869339
142.869339
130.267502
130.338928
131.288788
132.085129
133.024323
135.138306
136.231018
137.252304
138.641373
139.519806
140.101868
140.612503
141.051727
141.123138
141.337418
141.776642
142.358704
142.501556
142.501556
142.062347
142.062347
142.358704
142.358704
142.358704
129.389069
129.899719
130.553207
131.717331
132.656525
134.331299
135.495438
136.373871
137.987869
138.794876
139.305527
139.376953
139.519791
139.959015
140.173294
140.683929
141.408844
141.990921
141.623123
141.623123
141.623123
141.919495
141.551697
141.480270
129.021286
129.531921
130.553207
131.420975
132.431595
133.738586
134.320648
135.863220
136.527374
137.702179
138.069962
138.580597
138.723450
138.794876
139.080582
139.294861
140.459000
140.673264
140.744690
141.183914
140.744690
141.041061
141.041061
141.041061
129.531921
129.674774
130.328262
131.124603
132.206665
133.513641
134.534927
135.127655
135.945312
136.538040
137.345047
137.855682
137.630753
137.262955
137.916443
138.273575
139.069916
139.723419
139.937683
140.305481
140.234055
140.969635
140.601852
140.601852
130.113983
130.328262
130.542542
131.410309
132.931580
133.727921
134.309982
135.199081
135.945312
136.395187
136.762970
136.762970
136.538040
136.241669
136.895172
137.252304
138.559280
138.844986
139.866272
140.305481
140.234055
140.458984
140.530426
140.530426
131.278122
131.420975
131.706680
132.574448
133.727921
134.524261
135.034897
135.413345
135.648941
135.955978
136.252335
136.180908
135.955978
135.731033
135.945312
136.741653
138.048645
138.773560
138.987839
139.866257
139.794846
140.530411
140.530426
140.091202
132.881470
133.095749
133.310028
133.809998
134.963470
135.392029
135.392029
136.066849
135.720383
135.955978
135.670273
135.741699
135.445328
135.220398
135.066879
136.231018
137.170212
137.966553
138.916412
139.427063
140.162628
140.091217
140.530411
140.459000
133.974182
134.188446
134.402725
134.606354
135.616974
136.484741
136.045532
136.281128
136.231018
135.955978
135.231049
134.791840
134.863266
134.341965
134.556244
135.720367
137.098785
137.455917
138.477188
138.916412
139.723419
139.651993
140.091202
140.459000
133.749237
134.259872
134.474152
135.045563
135.688400
135.677734
135.974091
135.770477
135.281158
135.006119
134.648987
134.209778
133.984833
133.759903
134.413391
134.770523
136.516724
136.873856
138.334351
138.334351
139.580566
139.141357
139.948349
140.316147
133.310028
133.452881
133.595734
134.463501
134.156464
134.585022
134.513596
134.749207
134.331299
134.056259
133.331345
133.259918
133.402771
133.249252
133.831329
134.699097
135.934647
137.098785
138.120071
138.559280
138.998505
139.366287
139.366287
139.734070
132.727966
132.870804
132.574448
133.002991
132.553131
133.349472
133.278046
133.074432
132.799377
132.667191
132.749283
132.749283
132.892136
132.595764
133.249252
134.045609
135.720383
136.445297
137.834366
137.905792
138.784225
138.784225
139.152008
139.152008
130.971100
131.481735
131.553162
131.981720
131.388992
131.235474
131.164062
131.542511
131.338882
131.645905
131.431641
131.799423
131.942276
132.085129
132.738617
133.463531
135.066879
136.159592
136.741653
137.620087
138.059311
138.498520
138.498520
138.498520
130.971100
130.603302
130.674728
130.889008
130.224854
130.806931
130.735504
130.306946
130.246185
130.624634
130.481781
130.920990
131.063843
131.206696
132.595764
132.881470
134.045609
135.066879
136.016739
136.527374
136.966599
137.477234
137.405807
137.405807
129.724884
129.796310
130.164093
130.235519
129.867737
129.867737
129.796310
129.878387
129.889053
130.113983
129.971130
130.042557
130.256836
130.328262
131.349548
131.931610
132.513687
133.095749
134.341965
134.484818
135.363251
135.802460
136.241684
135.873886
128.989304
129.285660
129.285660
129.285660
129.510605
129.439178
129.296326
129.449829
129.235565
129.603348
129.460495
129.603348
129.817627
129.521255
130.031906
130.542542
130.613968
131.492401
131.931610
132.881470
133.688477
134.270538
134.638336
134.638336
128.621506
128.917877
129.285660
128.703598
128.857117
128.642838
128.867767
129.164139
129.460495
129.092712
129.460495
128.796341
129.010620
128.714264
129.664108
129.592682
129.521255
129.521255
130.767487
131.278122
132.595764
132.667191
133.545624
133.545624
128.621506
128.478653
128.407242
128.560745
128.346466
128.499985
128.724915
129.021286
128.949860
128.582062
129.021286
128.796341
129.010620
128.714264
129.224899
129.153473
129.010620
129.378418
129.746201
130.256836
132.013702
132.524338
133.402771
133.402771
128.621506
128.039444
128.775024
128.560745
128.642838
128.428558
128.582062
128.949860
128.949860
128.949860
128.582062
128.796341
128.642838
128.346466
128.785690
128.642838
128.571411
128.867767
129.306992
129.817627
131.503052
132.013702
132.892136
132.892136
