165.611511
165.611511
165.979294
166.347076
167.521881
167.961090
168.625244
169.064453
169.728607
169.657181
168.993027
167.746811
166.643433
165.682922
165.018768
165.233047
164.711761
164.629669
164.772522
164.476151
164.547577
164.619003
164.619003
164.690430
165.979294
165.979294
166.786301
167.154083
167.521881
168.328873
169.064453
169.432251
169.728607
169.728607
168.993027
167.746811
166.643433
165.682922
165.018768
164.865265
164.711761
164.629669
164.772522
164.476151
164.547577
164.619003
164.619003
164.690430
167.961090
167.961090
167.889664
168.328888
168.696655
169.503677
169.800034
169.871460
170.096405
169.728607
168.993027
167.818237
166.347076
165.386566
165.161621
165.008118
164.854614
164.772522
164.915375
164.619003
164.690430
164.761856
164.761856
164.833282
171.189117
170.749893
171.117676
171.117676
171.046265
171.414047
171.414032
170.607025
170.535614
170.535614
169.064453
167.961090
166.857727
165.897202
164.865265
165.150970
164.926025
164.843933
164.986801
164.690430
164.761856
164.833282
164.833282
164.904709
174.713486
174.713486
174.202850
174.274261
173.763626
172.956619
173.028046
172.149628
171.342621
170.535614
169.432251
168.103943
166.632782
165.672272
165.079544
164.926025
164.772522
165.426010
165.497437
165.272491
165.272491
165.272507
165.272507
165.343933
178.237854
177.430847
176.991638
176.991638
175.745422
174.938416
174.131409
172.956635
171.342621
170.607025
169.135880
167.807571
166.336426
165.447327
164.854599
164.701096
164.986786
165.568863
165.640289
165.783142
165.486786
165.486786
165.486786
165.558197
178.605652
178.166443
177.655792
177.288010
175.673996
174.427780
173.763626
172.588837
171.046249
170.310669
168.910950
167.582642
166.622131
165.733032
164.701096
164.986786
164.761856
164.976135
164.976135
165.118988
164.751190
164.751190
164.751190
164.822632
177.216583
177.145157
176.338150
175.602570
174.427780
172.813766
171.710403
171.414032
170.382095
169.717941
168.318222
167.061340
166.100815
164.915375
164.322647
164.465485
164.608337
164.679779
164.751190
164.454834
164.087051
164.087051
164.087051
163.719254
175.020508
174.581299
173.774292
173.038712
171.496124
170.392761
169.289398
169.064453
168.471725
168.686005
167.725494
166.540039
165.650940
164.904709
163.872772
163.944199
164.015625
164.087036
164.087036
163.790680
163.422897
162.615891
162.615891
162.176682
171.649628
171.649628
170.914062
169.739273
168.196686
167.093323
166.500595
166.714874
166.929153
167.214844
166.764969
165.508087
165.129654
164.383408
163.719254
163.790680
163.422897
163.422897
163.862106
163.126526
162.319534
161.512512
161.880310
161.441101
167.910980
167.910980
167.175415
166.000610
164.529449
163.793884
163.640366
164.222427
165.243713
165.968628
165.886551
165.579529
165.272507
164.454834
163.933533
164.004959
163.933533
163.565750
163.565750
162.390945
162.023163
161.655380
161.655380
161.216156
162.997528
162.558319
162.261963
161.087158
159.983795
159.687439
159.830292
161.219360
163.119064
164.650986
164.936691
165.436676
166.008072
165.261841
164.740540
165.251175
164.444168
164.076385
163.637177
162.533798
162.166016
161.726791
161.359009
160.848373
157.277084
157.277084
156.909286
156.102295
155.509552
154.702560
155.652420
158.287704
160.851562
163.558289
164.722412
165.222382
166.233017
165.925995
166.211700
166.354553
165.322601
164.515594
163.780029
163.044434
162.605225
161.869644
161.430435
160.919800
152.802841
152.435059
152.435059
151.628052
150.963898
150.596115
152.352966
155.284637
158.287704
162.169220
163.701141
165.079544
166.529373
167.029358
167.018707
167.161545
166.129608
165.465454
164.362091
163.483658
162.676666
162.308868
161.573288
161.501862
150.014038
149.574829
149.574829
148.839249
148.103683
148.542892
149.931961
153.231400
156.530838
160.483780
162.822693
164.936691
166.457947
166.957932
167.386475
167.161545
166.568817
165.465454
164.433517
163.994293
162.819504
162.451721
161.644714
161.573288
148.839249
148.471466
148.103668
147.225250
146.561096
146.561096
147.878723
151.545975
155.284622
159.166122
161.505066
163.619049
165.140305
166.518723
166.947266
166.793762
166.640244
165.679733
165.015579
164.137146
163.401566
162.962357
161.787567
162.155365
148.542892
148.103683
147.807312
146.928879
145.754089
145.457733
146.336151
149.931961
154.109833
157.552124
160.258835
162.372833
164.333313
165.711700
166.508057
166.865189
166.272461
165.383362
165.158432
164.279999
163.912201
163.105209
162.737427
162.666000
148.982101
149.053528
148.317947
147.439529
145.457733
145.089935
146.407578
148.757172
152.935043
156.377335
159.084045
161.198029
163.526306
164.904709
165.333252
166.129608
165.608307
165.087006
164.790649
164.422852
163.687271
162.808838
162.441055
162.808838
150.371170
150.371170
149.635590
148.389374
146.336151
145.671997
146.550430
148.900024
152.638672
155.713181
158.419891
160.462463
162.351501
163.801331
164.229889
164.587021
164.504944
163.912201
163.687271
162.951691
162.583908
161.705475
161.705475
162.073273
153.374252
153.374252
152.270874
150.656876
149.042877
147.061066
147.571716
149.624939
152.485168
155.488235
157.387955
159.062714
160.512558
161.890961
162.319519
162.676651
162.155350
161.634048
161.337677
160.602112
160.602112
159.723679
159.355896
159.723679
157.184341
157.184326
155.713181
153.659958
150.871155
149.328568
149.399994
150.646210
152.770874
155.406158
156.866653
158.173630
159.112839
160.491241
160.409149
160.327072
159.437988
158.845245
158.548889
158.181091
158.181107
157.302673
157.374100
157.374100
159.748199
159.748199
158.205612
155.856033
153.506439
151.156860
150.421280
151.738922
153.424362
155.181213
156.273926
157.580917
158.448685
158.580872
158.937988
158.855911
157.895401
157.302673
156.567093
156.199295
156.199310
155.320877
155.320877
155.320877
161.065842
161.065842
159.523254
157.102249
154.017090
152.035278
150.860504
151.810349
153.495789
155.252640
155.977554
156.845337
157.713104
157.845291
158.202423
157.681122
156.720612
156.056442
155.320877
155.024506
155.024506
154.585297
154.585297
154.585297
161.944275
161.944275
160.401688
157.909256
154.824097
152.474503
151.371140
152.320984
153.567200
154.956268
155.977570
156.916748
156.977524
157.477509
157.834625
157.241898
155.913605
155.320877
154.585297
154.585297
154.585297
154.217499
154.217499
153.778290
