135.066879
135.138306
134.770523
135.648956
136.670227
137.691513
138.712799
139.662643
140.755356
142.144424
142.940765
142.930115
142.990875
143.787216
143.919403
143.980179
144.112366
144.173141
144.601685
144.958817
145.540878
145.755157
145.826584
146.337234
135.066879
135.209732
135.209732
136.088165
136.670227
138.130722
138.784225
139.734070
140.755356
141.705215
142.869339
142.419464
142.848022
143.644379
143.776566
143.398117
143.898087
143.958862
144.458832
144.673111
145.398041
145.540894
145.683746
146.122955
135.209732
135.281158
135.352585
136.231018
136.813080
138.202148
138.784225
139.734070
140.755356
141.265991
141.919495
142.205185
142.194534
142.551666
142.980209
142.601776
143.469543
143.530304
143.958862
144.244568
144.898041
145.183762
145.326599
145.765823
135.720367
135.791809
135.863220
136.813080
137.395142
138.416428
138.927078
139.805496
140.244720
140.683929
140.826782
141.041061
140.376907
141.030396
141.019745
141.816086
142.755280
142.744614
143.173172
143.530304
144.255219
144.612350
144.755203
145.194412
136.741653
136.813080
136.516724
137.466583
137.977219
138.998505
139.141342
139.876923
140.173294
140.101868
139.662643
139.734070
138.927078
139.069916
139.355621
140.080551
141.387527
141.816086
142.173218
142.601776
143.398117
143.826660
143.969513
144.040939
136.955933
137.323730
137.098785
137.680847
138.630707
139.212769
139.284195
139.948364
139.805496
139.152008
138.273575
138.569946
138.059296
138.059296
138.130722
139.223434
140.459000
140.816116
141.173248
141.673233
142.908798
142.898132
143.040985
143.112396
137.395142
137.395142
137.537994
138.191498
138.773560
139.355621
139.427048
139.723419
139.580566
139.366287
138.416428
137.834366
137.620087
137.109451
137.477234
138.427094
139.591217
140.173294
140.530411
140.887543
141.755325
142.112442
142.326721
141.958939
137.466568
137.834366
137.977219
138.559280
138.844986
139.427048
139.641327
139.641327
139.641327
139.569901
138.620056
138.334351
138.416428
137.762939
137.620087
138.794876
139.305527
139.816162
139.959015
140.244720
140.530426
140.887543
141.030396
140.591187
137.762939
137.834366
138.416428
138.559280
139.212769
139.937698
139.784180
139.998459
139.773514
139.844955
139.334305
139.855606
139.427048
139.069931
138.416428
139.009155
139.234100
139.162674
139.601883
139.234100
139.887589
139.662643
139.734070
139.734070
137.762939
137.762939
138.345001
138.927063
139.212784
139.498474
139.855606
139.773514
140.569870
140.784149
140.416351
140.427017
140.366241
140.080551
139.651993
139.366287
139.376953
139.601883
139.091248
139.019821
139.091248
139.091248
139.091248
138.723450
137.762939
138.641373
138.712799
138.855652
139.069916
139.284195
139.641327
139.702103
140.202072
140.119995
140.630630
140.784149
140.866226
140.580536
140.223389
140.305481
139.876923
139.519806
139.376938
139.162674
139.162674
138.652023
138.580597
138.580597
138.641373
138.641373
139.080582
139.152008
138.784210
138.927078
138.844986
139.344971
139.916382
139.905716
140.630630
140.998413
141.294785
140.784149
140.937653
141.091171
140.366257
140.009125
140.162628
139.437714
139.662659
139.448364
139.009155
139.009155
139.080582
139.009155
139.009155
138.937729
138.794876
138.498520
138.345001
138.844986
139.487823
139.987793
140.048569
140.702057
141.723343
141.355545
141.723343
141.651917
141.366211
140.641296
140.427017
140.437683
140.448334
140.162628
140.091202
139.651993
139.959015
139.591217
139.448364
138.866302
138.212814
137.630753
137.477234
138.048645
138.620056
139.191452
139.762863
140.630630
141.498398
141.855530
142.366180
141.998383
141.855530
141.641251
141.355545
141.366211
141.305435
141.316101
141.173248
141.101822
140.244720
139.805496
139.662643
138.937729
138.212814
137.120102
136.823746
137.323730
137.823700
138.834320
139.477158
140.048569
141.569824
142.069809
142.651871
142.498352
142.498367
142.355515
142.141235
142.080475
142.019699
142.398148
142.255295
141.744659
139.937698
139.427063
139.284195
138.416428
137.548660
136.752319
136.384521
136.670227
137.466583
138.037979
138.977173
140.059219
141.212692
142.294739
143.162521
142.712646
142.855499
142.855499
142.784058
143.162521
143.101746
143.480194
143.337341
143.265930
139.702087
139.630676
139.273544
138.037979
137.098785
136.159592
135.945312
136.088165
136.741653
137.537994
138.037979
139.998459
141.223358
142.009048
142.580444
143.151855
143.141190
143.355484
143.355469
143.805344
144.112366
144.562256
143.980179
144.347961
139.027283
139.252228
138.895096
137.588104
136.577484
135.566864
135.209732
136.016739
136.088165
136.741653
137.609436
139.130692
140.794800
142.091125
142.733963
143.009003
143.212616
143.641174
143.712601
144.233902
144.683777
145.133652
144.919373
145.358582
139.312988
138.730911
138.373795
137.802383
136.423981
135.709717
135.352585
135.577530
135.945312
136.527374
137.252304
138.702133
140.366257
141.662567
142.376831
142.723297
142.998352
143.569748
143.784027
144.448181
144.530273
145.490784
144.980133
145.347931
139.016617
138.873779
138.148849
137.577454
136.199036
135.556198
135.566864
135.720367
135.577530
136.384521
137.038025
137.977219
139.498474
141.091171
141.805420
142.151886
142.426941
143.437561
143.355469
144.233902
144.530273
144.898056
144.458832
145.265839
139.088043
138.945190
138.220276
137.791718
136.709686
135.699051
135.341934
135.424011
135.209732
136.313110
136.455948
137.691513
139.069931
140.519760
140.723373
141.876862
142.151901
142.866150
143.294708
143.508987
143.651840
144.162476
143.866119
143.866119
139.088043
138.945206
138.291702
137.863159
136.852524
135.913330
135.484772
135.495438
135.281158
135.873886
136.384521
137.038025
138.345001
139.651993
140.223389
141.305435
141.580490
142.294754
142.794724
142.855499
143.580414
143.426895
143.569748
143.641174
139.088043
138.945206
138.291718
137.934570
136.923950
135.545547
135.627625
135.566864
135.281158
135.873886
136.313110
136.895172
138.130737
139.366287
139.937698
141.458954
141.366211
142.009033
142.651886
142.712646
143.141190
143.130524
143.273376
143.344803
139.088058
138.945190
138.291702
137.934586
136.923950
136.056183
135.627640
135.638290
135.281158
135.802460
136.241669
136.823746
137.987885
139.294861
139.794846
140.876892
141.591156
141.937622
142.580460
142.712646
143.141190
142.691315
142.905594
142.977020
