138.069962
138.069962
138.069962
139.244751
139.612549
140.348129
140.858765
140.930191
141.144470
140.848099
141.062378
139.959015
138.855652
139.069916
140.162628
142.940765
146.158127
148.200684
151.121674
154.114105
155.931732
157.535065
158.188568
159.138412
138.723450
138.723450
138.723450
139.459030
139.826828
140.562408
141.073044
141.144470
141.287323
140.990952
141.205231
140.030441
139.366287
139.509140
140.091202
142.501556
145.647491
148.129272
150.468185
153.092819
155.278229
156.513794
157.535065
158.484924
139.152008
139.152008
139.152008
139.887589
140.623169
140.990952
141.430176
141.501602
141.644440
141.348083
141.419510
140.612503
139.437714
139.509140
140.019775
142.287277
144.626205
146.525909
148.864838
151.418045
153.092819
154.328384
155.278229
156.228088
140.234055
140.234055
140.601837
140.969635
141.265991
141.562363
142.001587
142.072998
142.072998
141.705215
141.705215
140.826782
139.948349
139.509140
139.509140
141.562363
143.247787
144.636871
146.465149
148.507706
149.743271
151.203766
151.714417
152.225052
141.601807
141.530380
141.530380
142.265961
142.194534
142.930115
143.226471
143.226471
143.155045
142.715836
142.205185
141.183914
140.459000
139.876923
139.734070
140.398224
141.062378
141.797958
143.115601
144.504669
145.158173
146.618652
147.057877
147.568512
142.969559
142.898132
142.898132
143.194489
143.123077
143.787216
144.083588
143.644363
143.940735
143.430099
143.144394
142.419464
141.623123
140.826782
139.662659
140.041092
139.316177
139.908905
140.205276
141.083694
141.226547
142.104980
142.176407
142.544189
143.755249
143.683823
143.316025
143.612381
143.540955
143.837326
144.133698
144.062256
143.919418
144.144348
143.858643
144.165680
143.297897
142.358704
141.490936
140.551743
139.244751
138.448410
138.744781
139.041138
138.673340
139.041138
139.041138
139.408920
143.662491
143.591064
143.662491
143.591064
143.151855
143.080429
143.376801
144.183792
144.919373
145.144318
145.594193
146.268997
146.433167
145.861771
144.483353
143.104950
140.848099
139.469696
138.448410
137.866348
137.427124
137.355698
136.916489
137.212860
143.130539
143.059113
143.059113
142.691315
141.884308
142.323532
142.691315
143.866119
145.480118
146.512070
147.840363
148.811539
149.343506
149.436249
148.425629
146.097366
143.033508
140.337463
139.173325
137.784256
136.395187
136.252335
135.741699
135.741699
143.191299
143.191299
142.752090
142.455719
141.720139
141.720154
142.159363
144.212585
146.265808
147.736969
148.922424
150.332809
152.407349
152.060883
150.907410
147.772141
144.636871
141.133804
139.091248
137.559326
136.241669
135.220398
134.781174
134.709747
143.037796
143.037796
143.037796
141.934418
141.638062
141.709488
142.148697
144.201920
146.255142
148.094086
149.647324
150.986298
152.182404
152.571518
150.978836
147.914978
144.708282
140.766022
138.723450
136.895172
135.506104
134.556244
134.045609
134.045609
143.037796
142.669998
142.669998
142.302216
142.005844
142.077271
142.516479
144.569702
146.622925
147.654877
148.768906
149.597229
150.793335
150.304016
149.150543
146.015274
142.880005
139.887589
137.845016
136.088165
135.577530
134.770523
134.259872
133.820663
142.894943
142.527145
142.527145
142.598572
142.230789
142.741425
143.548431
145.162430
146.408661
146.929962
147.676193
148.065308
148.015198
147.454453
146.300980
143.533493
140.541077
138.427094
136.455948
135.648956
135.281158
134.913376
134.474167
134.474152
142.752090
142.752090
142.752090
143.262726
142.894943
143.773376
144.069733
145.315948
146.490738
147.012054
146.951279
146.461960
145.533417
144.533463
143.451416
140.387573
138.569946
136.598801
135.506104
135.209732
134.913376
135.056229
135.056229
135.056229
143.119873
143.119873
143.119873
143.630508
144.437515
144.876740
145.540894
146.276459
147.379822
147.094131
146.961945
145.737045
144.808502
143.001541
141.551697
139.294861
137.252304
135.648956
134.627670
134.770523
134.913376
135.127655
135.199081
135.127655
143.630524
143.630524
143.998306
144.876740
145.683746
146.419312
147.083466
148.115417
148.708130
148.790222
147.851028
146.186920
144.451370
142.348053
140.530426
138.345001
136.741653
135.209732
134.259872
134.331299
134.474152
135.127655
134.759857
135.127655
145.019592
144.580368
145.315948
146.122955
147.297745
148.329681
148.993851
149.954361
150.036438
149.975677
148.965057
147.443787
144.533463
142.062347
139.876923
138.273575
136.231018
134.770523
133.820663
134.331299
134.106369
134.688431
134.688431
134.688431
145.387375
145.755173
146.490738
146.858536
148.329681
149.361633
149.882935
150.772018
151.150467
150.721909
150.079086
147.383026
144.104904
141.776642
139.294861
137.691513
135.863235
134.402725
133.452881
133.892090
134.034943
134.617004
134.617020
134.617004
145.837250
145.765823
146.501404
146.797760
148.268921
149.300873
149.750732
150.568405
150.946854
150.446869
148.997025
146.372406
142.797913
140.173294
137.762939
136.231018
134.841949
133.524307
133.013657
133.892090
134.034943
134.984802
134.984802
134.617020
144.908722
144.908722
145.644287
145.940659
146.972595
147.636749
148.086624
148.393646
148.700668
148.129257
146.822281
143.901291
140.908875
137.987869
135.720383
134.770523
133.524307
132.645874
132.645874
133.892090
133.963516
134.984802
135.352600
135.791794
144.419388
144.347961
144.644333
145.012115
145.308487
145.533417
145.983307
146.218903
146.015274
145.515289
143.840515
141.358749
138.580597
135.506104
134.188461
133.238602
132.503021
131.696014
132.206650
133.452881
134.402740
135.720367
136.088165
136.527374
143.705139
143.705139
143.562286
143.490860
144.155014
144.012161
144.022812
144.258423
144.054794
143.115601
141.880051
139.173325
136.466614
134.341965
132.656525
131.849533
131.185379
131.256805
131.767441
133.452881
134.770523
136.016739
136.895172
136.966599
143.276581
143.276581
143.133728
142.694519
143.726456
142.848022
143.226471
143.022858
143.258453
141.808624
141.083694
137.937775
135.373901
132.952896
131.635254
131.267456
131.113953
130.817581
131.767441
133.085083
134.770523
136.016739
137.262955
137.334381
143.501511
143.501526
142.919449
142.919449
143.583603
142.562317
143.083618
142.808578
142.604965
141.155121
140.062424
137.427124
135.231064
132.370834
131.196030
130.828247
130.674728
130.378372
131.399658
132.717300
134.770523
136.384537
137.334381
137.702179
