136.823746
136.823746
136.016739
136.016739
134.770523
134.402725
134.402725
134.034943
134.913376
135.352585
135.566864
135.709717
135.995422
136.138275
135.984756
136.934616
136.709671
137.588104
138.466537
139.059265
139.284195
139.580566
140.316147
139.805496
136.823746
136.823746
136.384521
135.648956
135.209732
134.402725
134.402725
134.402725
134.913376
135.352585
135.566864
135.709717
135.923996
136.209702
136.495407
137.077469
137.220322
137.730957
138.609390
138.834320
139.427048
139.794846
140.530426
140.019775
136.966599
136.966599
136.527374
136.088165
135.209732
134.402725
134.402725
134.402725
134.913376
135.352585
135.566864
135.709717
135.995422
136.281128
136.566833
137.148895
137.434601
137.945236
138.895096
139.191467
139.927032
139.784180
140.591187
140.519760
137.405807
137.477234
136.598816
136.527374
135.648956
134.770523
134.770523
134.770523
134.841949
135.352585
135.934662
135.781143
136.506058
136.791763
137.148895
137.066803
138.159515
138.445221
138.955856
139.395081
140.130646
140.498444
140.937653
140.866226
137.180878
137.620087
137.109451
136.598801
135.720383
135.138306
134.770523
134.699097
135.209732
135.720383
135.934662
136.220352
136.577484
137.006042
137.802383
137.791733
138.659500
139.088043
139.670120
140.180756
140.691391
140.691391
141.569824
141.498413
137.834366
137.834366
137.323730
136.741653
135.791794
135.577530
135.138306
135.066879
135.138306
135.648956
135.934662
136.659576
137.088135
137.077469
137.577454
137.709641
138.720261
139.220245
139.945160
140.598648
141.548508
141.619934
141.691360
141.762787
138.120071
138.559280
137.977219
137.395157
136.670227
135.648956
135.138306
135.066879
135.506104
135.577530
136.231018
136.516724
136.945282
137.516693
138.016663
138.220276
139.302338
139.873734
140.302292
141.098633
141.752121
142.262756
142.405609
142.405609
138.916412
138.477203
138.702133
137.977219
136.813080
135.648956
135.506104
134.995453
135.731033
135.873886
136.384521
136.741669
136.802429
137.302399
138.313034
138.659485
139.741547
140.016586
140.955780
141.823547
142.548462
143.059113
143.273392
143.344818
139.784180
139.273544
139.130692
138.262924
136.955933
136.159592
135.506104
134.924026
135.588181
136.027405
136.609467
136.527374
137.027359
137.527344
137.730957
138.516647
139.741547
140.455795
141.466415
142.405624
143.130539
143.784027
143.701935
144.141159
140.651947
140.069885
139.927032
138.620041
137.241638
136.302444
135.577530
135.291824
135.516754
135.516754
136.027405
136.752319
136.813080
137.313065
137.884476
138.373779
140.037903
140.455811
141.834213
142.844833
143.273376
143.998306
144.283997
144.355438
141.223358
140.641296
140.355591
139.048599
137.598770
136.588150
135.791809
135.434677
135.516754
135.884552
136.395187
136.609467
137.109451
137.170212
137.741623
138.527298
139.895050
140.680740
142.130569
143.212616
143.641174
144.805313
144.723221
144.794647
141.866196
141.212692
140.998428
139.180801
137.659531
137.016693
135.638290
135.648956
135.291824
135.955978
136.323761
136.098831
136.527390
136.588150
137.895142
138.752243
140.048569
140.395035
141.916306
142.998337
143.866119
144.662460
144.948166
145.091019
142.069809
142.223328
141.130615
139.823639
138.230942
137.006042
135.627625
135.566864
135.506104
135.659607
135.588181
135.731033
136.384521
136.445297
137.313065
138.466537
139.762863
140.916336
141.559174
142.641220
143.508987
144.376755
144.662445
144.733887
142.712646
142.426941
142.141235
140.395035
138.802353
137.577438
136.127609
135.556198
135.863220
135.945312
135.802460
135.802460
136.384521
136.373871
137.537994
138.252258
139.334305
140.487778
141.059189
142.212662
143.080429
143.948196
144.233902
144.744537
143.141190
142.926910
142.201996
140.966431
139.373749
138.220276
136.770447
136.566833
136.363205
136.302444
136.088165
136.016739
136.455948
136.670227
137.395157
137.966553
138.977173
139.987793
140.559204
141.641251
142.509018
143.376785
143.662491
144.173141
143.569748
142.987686
142.701981
141.537842
140.455795
139.302322
138.363129
138.088089
137.445251
137.384491
137.027359
137.180878
137.038025
136.741653
137.252304
138.048645
138.477203
139.784180
139.916367
140.855560
141.355545
142.591110
142.876816
143.019669
143.487656
143.344803
143.130539
142.844833
141.537842
140.527222
139.659454
139.312988
138.670151
138.466537
138.405777
137.609421
137.323730
137.180878
137.548660
137.762939
138.416428
138.773560
139.569901
139.702087
140.569870
141.366211
141.651917
142.162552
143.773361
143.701935
143.119873
143.344818
142.180679
141.312912
141.252136
140.170090
140.262833
139.620010
139.048599
138.620056
138.048645
137.762939
137.620087
137.620087
138.059296
138.273575
138.559280
139.427048
139.855606
140.651947
140.866226
141.376862
144.059067
143.987640
143.405579
143.630524
142.609238
142.691315
141.966400
141.252136
140.977112
140.334274
140.130646
139.630661
138.548630
138.559280
137.905792
137.691513
137.987869
138.059296
138.273575
138.630707
138.987839
139.712753
139.855606
139.927032
144.059067
144.059067
143.548431
143.916214
143.405579
143.191299
142.905594
142.701981
142.130569
141.998383
141.426971
141.223358
140.141312
139.273544
138.477188
138.559280
138.345001
137.762939
138.202148
138.048645
138.262924
138.405762
138.548630
138.987839
144.059067
144.059067
143.987640
144.059067
143.619858
143.987640
143.701935
143.344818
143.212616
143.151855
143.019669
142.009033
141.366211
140.355591
139.927032
139.059265
138.702133
137.609421
137.905792
137.098785
137.977219
138.120071
138.120071
138.120071
144.059067
144.059067
144.059067
144.130493
143.834137
144.273346
144.426865
143.701935
143.712601
143.723267
143.591064
143.019653
142.376831
141.294785
140.427017
139.855606
139.059265
138.262924
137.680847
137.098785
137.834366
137.027359
137.027359
137.027359
144.059067
144.059067
144.059067
144.273346
144.344772
144.416199
144.641144
144.426849
144.366089
144.448181
143.948196
143.376785
142.733963
141.651917
140.712723
140.509109
139.202118
137.895126
137.680847
137.098785
137.395142
136.884506
136.884506
136.813080
144.059067
144.059067
144.130493
144.273346
144.783997
144.926849
144.783997
144.937500
144.580368
145.030243
144.091049
143.519653
143.316025
141.794769
140.784149
140.212738
139.273544
137.527344
137.313065
137.027359
137.252304
136.373871
136.741653
136.302444
