149.668655
149.086594
148.290237
147.136765
144.737076
142.562317
141.041061
137.466583
135.281158
133.167175
132.881470
132.881470
133.463531
134.924026
135.138306
135.424011
135.045563
135.331268
135.106339
135.331268
135.045563
134.831284
134.902710
134.902710
150.179291
149.597229
148.361664
146.840408
144.808502
142.633759
141.112488
137.977219
135.720383
133.238602
132.881470
132.952896
133.831329
134.484818
134.699097
134.984802
135.116989
134.963486
135.474121
135.770477
135.556213
135.341934
134.974136
135.341934
150.761353
150.179291
149.382950
147.493896
145.829788
143.287247
141.694550
138.191498
135.863235
133.749237
132.952896
132.952896
133.463531
134.484818
134.259872
134.984802
134.974136
135.331268
135.474121
136.209702
135.995422
135.484787
135.923996
135.923996
151.557709
150.975632
150.179291
148.658035
146.626129
144.012161
142.051682
138.844986
136.445297
134.331299
133.534958
133.024323
133.534958
134.045609
133.820663
134.913376
135.341934
135.699066
135.841904
136.648911
136.648926
136.577484
137.384491
137.384491
152.793259
152.650421
151.414856
149.965012
147.861694
145.319153
142.919449
140.080551
137.609421
134.617004
134.188446
132.727951
133.167175
133.238602
133.381454
134.545578
134.831284
135.556213
136.281128
137.159561
137.670197
138.109406
138.548630
138.987839
154.028824
153.885971
153.089630
151.272003
149.240097
146.626129
144.226440
141.316101
138.334351
136.077499
134.770523
133.238602
132.799377
132.799377
132.942230
134.034943
134.759857
135.923996
137.016693
137.670197
139.130692
139.273544
140.080551
140.591187
154.682312
154.978668
153.375320
151.996918
150.404236
147.861694
145.461990
142.480240
139.059265
136.363205
135.424011
133.381454
132.799377
132.063812
132.063812
133.524292
134.617004
135.781143
137.016693
138.109406
139.273544
139.855606
141.173248
140.876892
155.703598
155.560745
154.396606
153.089630
150.761353
148.729446
146.329773
143.276581
140.294815
137.823700
135.566864
133.524307
132.503021
131.553162
131.185379
133.013657
133.738586
135.638290
136.802429
138.548615
139.344971
140.437683
141.387527
141.530380
155.775024
156.071381
154.978668
153.743118
151.925491
149.965012
147.126114
144.072922
141.387527
138.916412
136.659576
134.106369
132.135223
131.113953
130.746155
132.063812
133.595734
135.566864
136.731003
138.548630
139.344971
140.141312
141.601807
141.305450
156.582031
156.510590
155.050110
154.325180
152.578979
150.322144
147.922455
145.308487
142.623093
140.009125
137.241638
134.688431
131.910294
130.674728
130.306946
131.992386
133.085083
135.424011
136.148926
138.037979
139.344971
139.773529
141.234009
141.376862
156.949814
156.878387
155.928528
154.835815
152.793259
151.486282
149.086594
146.472626
143.787231
141.173248
138.405777
135.709717
132.788727
131.185379
130.306946
131.481735
132.942230
134.841949
136.006073
137.455917
138.466537
139.702087
140.794800
140.937653
156.878387
156.806961
156.224899
155.275040
153.814545
152.139771
149.811508
147.268967
144.951355
142.337387
139.569901
136.802429
133.370789
131.696014
130.674728
131.849533
132.799377
134.259888
135.791794
137.241638
137.813049
138.752243
139.844940
139.987793
157.103317
156.664108
156.153473
155.714264
154.325180
152.721832
151.343430
148.800888
146.554703
143.940735
140.734039
137.895126
134.759857
132.278076
131.553162
131.849533
132.727966
134.045609
134.770523
136.516724
137.088135
137.659531
138.680817
138.455872
157.399689
157.031906
156.449829
156.082047
154.835815
153.303894
152.068344
149.525803
147.718826
145.176300
142.337387
139.427048
136.220352
133.667160
132.431595
132.217316
132.656540
133.902756
134.556244
135.495438
136.066849
137.373825
137.588104
137.730957
157.328262
156.960480
156.817627
156.082047
155.714249
154.253754
153.089630
150.618500
148.882965
146.411850
143.572937
140.591187
137.384491
134.688431
133.452881
133.095749
133.463531
133.759903
134.045609
134.841949
135.413345
136.281128
136.423981
137.006042
157.185410
156.889038
156.817627
156.449829
156.153473
154.764404
153.671692
151.343430
149.607880
147.208191
144.808502
142.265961
139.355621
136.955933
135.648956
134.413391
133.902756
134.127686
133.902756
134.699097
135.127655
135.995422
136.138275
135.841904
157.624634
157.624634
157.256836
156.889038
156.960464
155.714249
154.550110
152.436127
150.404236
148.515182
146.115494
143.501511
141.398193
138.927063
137.548660
135.802460
134.709763
134.199112
133.759903
134.045609
134.913376
134.831284
135.341934
135.484787
157.553192
157.553192
157.624634
156.889038
156.960480
156.153473
155.060760
153.018204
151.568359
149.311523
147.351044
145.247726
142.633759
140.898209
139.080582
137.334381
135.659607
134.638321
133.759903
133.534958
134.331299
134.913376
134.617004
135.127655
157.553192
157.553192
157.624634
157.696045
157.838898
157.031891
155.939194
154.039490
152.293289
150.475662
148.515182
146.851074
144.308533
142.572983
140.683929
138.427094
136.680893
134.638336
133.688477
133.392105
134.117035
134.259888
134.331299
133.963516
157.185410
157.185410
157.256836
157.328262
158.206696
157.471115
156.449829
154.989334
153.314560
152.079010
149.750732
148.597260
146.126144
144.462036
142.062347
139.294861
137.405807
134.852600
133.759903
133.320679
133.902756
133.974182
134.045609
134.045609
157.185410
157.256836
157.328262
157.767487
158.278122
157.910324
157.328262
156.306976
154.703629
153.171707
151.425507
149.832825
147.433136
145.840439
143.440750
140.162628
137.691513
134.995453
133.902756
132.881470
133.392105
133.759903
133.831329
133.759903
157.256836
157.328262
157.399689
157.767487
158.278122
158.278122
157.767487
156.817627
156.092712
154.192993
152.446793
150.996964
148.668701
146.708221
144.308517
140.958969
138.416428
135.138306
133.974182
133.249252
133.688477
133.617050
133.617050
133.545624
157.256836
157.328262
157.399689
157.767487
158.278122
158.278122
158.206696
157.696045
156.603348
154.703629
153.396637
152.018234
149.322174
146.993912
144.594223
141.101822
138.927063
135.281158
133.974182
133.249252
133.545624
133.474197
133.474197
133.402771
157.256836
157.328262
157.399689
157.767487
158.278122
158.278122
158.645905
157.328262
156.674774
155.142853
153.539490
152.089661
149.761398
147.433136
144.665649
141.244675
138.630707
135.281158
133.974182
133.177826
133.545624
133.402771
133.402771
133.331345
