129.571365
130.306946
130.674744
132.360168
133.167175
135.291824
137.416473
138.876968
140.408890
142.819244
144.790375
147.639938
150.121719
152.532074
154.646057
155.881622
157.556396
158.495590
159.291931
159.495544
159.556320
159.617081
159.902786
159.606415
129.499954
130.378372
130.746170
131.992386
133.606400
134.924026
137.048676
138.948395
140.480316
142.012238
143.911942
147.200729
149.611084
152.092865
154.135422
155.370972
156.606537
157.842102
158.709869
159.281265
159.342041
158.963593
159.249298
159.320709
129.642792
130.378387
130.817596
131.992386
133.310028
134.924042
136.313110
137.702179
139.673309
141.644455
143.472733
146.322296
148.732651
151.071579
153.042709
154.278275
155.881622
156.677963
157.402878
158.413498
158.035049
158.024399
158.310089
158.749313
129.714218
130.082016
130.521225
131.328232
132.574448
133.820663
135.209732
136.966599
138.059296
139.959015
141.787292
144.126221
146.832947
148.804077
150.703796
151.796494
153.256989
154.349701
155.442398
156.310165
156.299515
157.024429
157.238708
157.381561
130.296280
130.296280
130.664078
130.664078
131.910294
132.788727
133.667160
135.424011
136.445297
138.273575
139.662643
141.930145
144.197647
146.025940
148.150574
149.100433
150.418091
151.439362
152.828430
154.063995
154.349701
155.003189
155.146042
155.288895
130.806931
129.928497
130.367706
130.367706
131.246155
132.124573
132.195999
133.809998
134.831284
136.588150
137.834366
139.662643
141.858734
143.615585
145.229584
146.475815
148.161240
149.039673
150.725113
151.450027
152.471313
153.053375
153.124802
153.635437
131.174713
130.735504
131.174728
130.806931
131.246140
132.053146
132.563797
133.442215
134.392075
136.077515
137.323730
138.273575
140.469650
142.155090
143.769089
145.086746
146.700745
147.579178
149.193176
150.143036
150.285889
151.235748
151.603531
151.746384
132.278091
132.206650
132.645874
131.910294
132.349518
132.788727
132.860153
133.370789
134.249222
135.566864
136.445297
137.762939
139.887589
141.644440
142.890671
144.208313
146.332962
147.282806
148.968246
149.336029
149.264618
149.632401
149.703827
149.703827
133.677811
133.238602
133.677811
133.310028
133.452881
133.452881
133.963516
134.474152
134.545578
135.863220
136.741653
137.987869
139.744736
141.573029
142.890671
144.790375
146.618668
147.639954
148.814743
148.743317
148.161240
147.946960
147.507751
147.875534
134.709747
134.709763
134.709763
133.974167
134.117035
134.556244
134.188446
134.331299
135.138306
136.088165
136.598801
137.916443
139.601883
141.430161
142.890671
144.054794
146.465149
147.997070
148.732651
148.222015
147.864883
146.772171
146.700745
146.629318
134.199112
134.566910
134.566910
134.270538
134.341965
134.413391
134.484818
134.627670
135.066879
135.577530
136.455948
137.405807
139.091248
140.480316
141.940811
144.054810
146.536575
148.068497
148.579132
148.364868
148.446945
147.354233
147.354233
147.650604
133.249252
133.249268
133.320679
133.392105
133.831329
133.463531
133.902756
134.045609
134.484818
134.995453
135.873886
136.752319
137.630753
139.459030
140.990952
143.033508
145.658142
147.700714
149.089783
149.825363
150.050293
149.907440
149.836014
150.275238
130.756821
131.635254
131.196030
132.003036
132.513687
132.881470
133.392105
133.463531
134.341965
134.117035
135.363251
136.170258
136.609467
137.998535
139.530457
142.083664
144.708282
147.261490
149.232635
150.550278
152.092865
152.532074
153.706863
154.146088
129.510605
129.949814
129.949814
130.756821
131.563828
131.563828
132.442261
132.513687
133.902756
133.974182
134.852600
135.220398
135.659607
136.609467
138.509186
140.694595
143.390656
146.750854
149.232635
151.867920
153.696198
155.381638
156.331497
157.138489
129.071381
129.439178
129.510605
130.317612
131.124619
131.124603
132.074463
132.513687
133.095749
133.677811
134.117035
134.484818
134.781189
135.659607
137.998535
140.183945
143.247803
145.800995
149.089783
151.796494
154.063995
156.331497
157.649139
157.649139
128.999954
129.439178
129.071381
129.949814
130.756821
130.828247
132.145889
132.288742
133.238602
133.452881
133.892090
134.188461
134.484818
135.291824
137.559326
140.041107
142.594299
145.515289
148.732651
151.582214
153.849716
155.677994
156.995651
157.506287
129.439178
129.878387
129.510605
129.878387
130.389038
131.338898
131.481735
131.696014
132.645874
133.299362
134.106369
133.595734
134.331299
135.434677
136.823746
139.530457
142.380020
145.229584
148.375519
150.714447
153.124802
155.320862
156.270721
156.709946
130.246185
129.878387
129.878387
130.389038
130.531891
131.113953
131.696014
131.399658
132.420929
133.003006
133.881439
133.810013
134.034943
135.577530
136.823746
139.091248
141.797958
144.504669
147.579178
149.550323
151.817810
153.646103
154.595947
155.178024
130.685394
130.246185
130.317612
130.828247
130.531891
131.113953
131.696014
131.542511
132.124573
133.074432
133.513641
133.074432
134.106369
135.209747
136.088165
138.212814
140.408890
143.044174
145.679474
148.018387
149.846680
151.307175
152.624817
152.767670
130.685394
130.685394
130.756821
130.828247
130.971100
131.185379
131.767441
131.471085
132.492371
132.706650
132.706635
132.635208
133.370789
133.667145
134.913376
136.598801
138.652023
140.408890
142.604965
145.240250
146.629318
148.018387
148.896820
149.407471
131.492401
131.124603
131.635254
131.267471
131.410309
131.992386
131.767441
131.838867
132.420929
132.195999
132.635208
132.195999
133.003006
133.370804
133.738586
134.984802
136.598801
137.773605
139.530457
142.094315
143.044174
144.729614
145.608047
145.750885
131.563828
131.563828
131.635254
131.778107
131.410309
131.992386
132.135239
131.838867
131.981720
132.124573
132.124573
131.756790
132.563782
132.563782
133.074432
133.809998
134.913376
136.088165
137.334381
139.387604
140.705246
142.022903
142.829895
143.340546
131.563828
131.563828
131.635254
132.217316
131.849533
131.992386
132.135223
131.838882
131.981720
131.685364
132.124573
131.756775
132.195999
132.195999
132.635223
133.370789
134.034943
134.770523
135.945312
137.998535
139.316177
140.194611
141.001617
141.512253
131.563828
131.563828
131.635254
131.778107
131.849533
131.992386
132.135239
131.838882
131.981720
132.124573
131.685364
131.756790
131.828201
131.828217
132.267426
133.003006
134.034943
134.331299
135.138306
137.191528
138.437744
140.123184
140.858765
141.369400
