139.998459
139.702103
141.091171
141.591156
142.601761
143.469528
144.480164
144.101715
144.305328
144.366089
144.283997
144.498291
144.712570
145.294632
145.223206
145.151779
145.376709
145.233856
145.091003
145.387375
144.948166
144.948166
144.948166
144.948166
139.927032
139.630676
141.019745
141.009079
142.387497
143.398102
143.898102
143.958862
144.233902
144.223251
143.773361
144.059067
144.641144
145.223206
145.223206
145.080353
145.305283
145.162430
145.091003
145.387375
144.948166
144.948166
144.948166
144.948166
139.641327
139.344971
140.366257
140.355591
142.173218
143.112411
143.683823
143.744583
143.948196
144.080399
143.926880
144.284012
144.426865
145.080353
145.080353
145.008926
145.305283
145.162430
145.091003
145.387375
144.948166
144.948166
144.948166
144.948166
138.334351
138.477203
139.130692
139.927032
141.673233
142.244644
143.183838
143.755234
143.958862
143.651840
143.641174
143.998306
144.212585
144.866074
144.937500
144.866074
145.530228
145.019592
145.019592
145.315948
144.948166
145.019592
145.019592
145.019592
137.323730
137.834366
138.120071
138.916412
140.223404
141.673233
142.612427
142.816040
143.091080
143.591064
144.019623
144.448181
143.926880
144.508942
144.651794
144.651794
144.948151
145.683746
145.683746
145.315948
145.755157
145.387375
145.387375
145.458801
136.016739
136.455948
137.180878
137.905792
139.212769
141.030396
141.969604
142.244644
142.887466
143.019653
143.519638
143.580399
143.866119
144.080399
144.294678
144.805313
145.173096
145.612320
145.612320
145.244522
145.755157
145.458801
145.458801
145.530228
135.291824
135.802460
136.088165
137.180878
138.416428
139.794846
140.662613
141.305435
142.316055
142.448257
143.019669
143.448227
143.437561
143.723267
144.008972
144.591034
145.030243
145.540894
145.612320
145.244522
145.755157
145.458801
145.458801
145.530228
134.413391
134.484818
134.699097
136.159592
136.884506
138.630707
139.427048
140.366241
141.376877
141.876846
142.887466
143.316025
143.305374
143.733917
144.019623
144.305328
144.519608
145.101669
145.315948
144.948166
145.898010
145.530228
145.601654
145.673080
133.238602
132.942230
133.892090
134.474152
135.127655
136.730988
137.895126
139.130692
140.805466
141.673233
142.173218
143.112411
143.540970
143.673157
144.030289
144.019623
144.744537
145.101669
144.876740
145.019577
145.530228
145.233871
145.305298
145.376724
132.574448
132.645874
132.717300
134.034943
134.177795
135.270508
136.363205
137.895126
139.866272
140.734039
141.530380
142.908783
142.969559
143.173172
143.601730
144.101715
144.162476
144.519608
144.437531
144.651794
145.233871
145.233871
145.305298
145.376724
132.717300
132.349503
132.788727
133.667145
133.667145
134.320648
135.270508
136.731003
139.069916
140.234055
141.101837
141.969604
142.469574
142.744629
143.173172
143.305359
143.805344
143.866119
144.223251
144.508942
145.091019
145.162445
145.305298
145.376724
133.738586
133.299362
133.299362
133.738586
133.299362
133.738586
134.249222
135.638290
137.466583
138.559280
139.794846
140.662613
141.162598
141.805420
142.233978
142.805389
143.009003
143.508987
143.426910
143.784027
144.876740
145.019592
145.162430
145.233856
135.199081
134.759857
135.127655
134.249222
133.738586
133.299362
134.106369
134.617004
136.006073
136.955933
138.120071
138.987839
139.487823
140.427017
141.294785
141.498398
142.437592
143.009003
143.366135
143.426895
144.591034
144.805313
145.019577
145.387375
136.802429
136.730988
136.291779
134.902710
134.320648
133.299362
133.667160
133.667160
134.545578
135.863220
136.884506
137.752274
137.813049
139.559250
140.427017
140.559204
141.866196
142.437592
142.426941
142.998337
144.601685
144.448181
144.805298
145.173096
138.987839
138.477203
138.405777
136.577484
135.413345
133.442215
133.738586
133.667160
134.402725
134.841949
135.863220
136.588150
137.016693
138.252258
139.120026
139.620010
140.559204
141.130615
141.926956
142.569794
143.437561
143.723267
144.376755
144.448181
141.387527
140.805466
140.734039
138.762894
137.088120
135.413361
134.759857
134.545578
134.402725
134.770523
135.209732
135.495438
136.220352
137.823700
138.180832
138.609390
139.548584
140.048569
140.548553
141.119949
142.866150
143.223282
143.508987
143.580414
144.665649
144.155014
143.133728
141.091171
138.834320
137.088120
135.852570
135.199081
134.913376
134.331299
134.699097
134.841949
135.863220
136.588150
137.313065
137.230972
138.537964
138.966522
139.537918
140.037903
141.487747
141.916306
142.641205
142.344849
146.768982
146.186920
145.094208
143.348007
141.091171
138.762894
137.527344
136.220352
135.056229
133.963516
134.627670
134.259872
135.209732
135.863220
136.077499
136.363205
137.159561
137.955902
138.088089
138.659500
140.109329
140.609314
141.702026
141.405655
149.097244
148.147385
146.983261
145.676270
142.541000
140.948318
138.762894
137.384491
135.709717
134.545578
134.331299
134.188446
134.188461
134.770523
135.281158
135.127655
136.291779
136.648911
137.516678
137.720306
139.098709
139.670120
140.252182
140.466461
150.250717
149.740082
148.943726
147.268967
144.940689
142.908783
140.651947
138.834320
137.384491
135.709717
134.913376
134.259888
133.749237
133.749237
133.820663
133.963516
134.688431
135.413361
136.209702
136.709686
138.016663
138.516647
139.098709
138.873764
151.332764
150.750702
149.657990
148.351013
146.461960
144.869263
142.541000
140.284164
138.323685
136.506058
135.638290
134.474152
133.381454
132.799377
132.870804
132.942230
133.524307
134.177795
134.974136
135.770477
137.006042
137.506012
137.648880
137.791733
151.761322
151.618469
150.525757
149.218781
147.768936
145.808456
143.480194
141.519730
139.120026
137.598770
135.852570
134.177795
133.013657
132.360168
131.920959
131.920959
132.431595
133.963516
134.617004
135.413361
135.770477
136.566818
136.781097
136.852539
152.486237
152.343384
151.250671
149.943695
148.493866
146.972595
144.572906
142.612427
140.141312
137.813049
135.995422
133.881424
133.013657
131.920959
131.042526
131.410309
131.920959
133.013657
134.034943
134.831284
135.484787
135.913330
136.056183
136.566833
152.996872
152.118454
151.393539
150.525757
149.443710
147.115448
144.715759
142.755280
139.773529
137.884476
136.434631
134.320648
133.013657
131.481735
130.971100
130.971100
131.778107
133.310028
133.963516
134.688431
134.974136
135.770477
135.913330
135.913330
