143.972717
143.390640
142.072998
140.173294
137.762939
135.791809
134.034943
133.524307
132.574448
132.645874
132.574448
132.349503
133.370789
133.585068
134.392075
133.585068
133.002991
133.299362
132.860153
131.471085
131.838867
131.031860
130.592651
130.153427
143.462067
142.951431
141.194565
140.101868
137.395142
135.791809
134.474152
133.524307
133.013657
132.645874
132.645874
132.788727
133.370789
133.952850
133.952866
133.513641
133.003006
132.860153
132.420929
131.471085
131.471085
131.031860
130.521225
130.153427
142.001572
141.930145
140.612503
139.152008
136.813080
135.281158
134.034943
133.524307
133.013657
132.645874
132.645874
133.227936
133.370789
133.952850
133.952866
133.513641
133.003006
132.860153
132.349518
131.031860
130.960434
130.889008
130.449799
130.010590
140.398224
139.959015
139.080582
137.691513
135.863220
134.402740
133.963516
133.595734
133.524307
133.156509
133.595734
133.299362
133.809998
134.320648
133.952850
133.074432
132.931580
132.420944
132.278091
130.960434
130.817581
130.817581
130.306946
130.306946
137.916458
137.477234
137.038025
136.231018
134.841949
133.892090
133.524307
133.595734
133.963516
134.034943
134.106369
133.738586
134.320648
134.392075
133.881439
133.442215
132.420929
131.471085
131.838867
130.889008
130.306946
130.235519
130.164093
129.724884
135.506104
135.138306
134.699097
134.331314
133.085083
133.013657
133.085083
133.595734
134.474152
134.474152
135.056229
134.617004
134.688431
134.320648
133.442215
132.931580
131.981720
131.031860
130.889008
130.378372
130.603302
130.092667
129.949814
130.021240
133.677811
133.310028
133.749237
133.381454
132.645874
133.013657
133.085083
133.595734
134.474152
134.545578
135.056213
134.984802
134.617004
134.177795
132.860153
132.788727
131.471085
130.960434
130.746155
130.235519
130.164093
130.092667
129.878387
129.949814
133.013672
133.013672
133.013657
132.645874
132.349518
133.156509
133.227936
133.667160
134.545578
134.545578
135.424011
134.474152
134.474152
133.595734
132.645874
132.206665
131.696014
130.378372
130.235519
130.235519
130.092667
130.021240
129.949814
129.949814
132.349503
132.349503
132.349518
132.420929
132.124573
133.299362
133.738586
133.810013
134.545593
134.913376
134.913376
134.402725
133.892090
133.310028
132.063812
131.992386
131.113953
130.603317
130.164093
130.092667
130.092667
130.389038
130.317612
130.389038
132.124573
132.124573
132.124573
132.563782
132.267426
133.442215
133.809998
133.881439
134.545578
134.474152
134.331299
134.188446
132.870804
132.727966
131.849533
131.338882
130.531876
130.531891
130.092667
130.531891
130.460464
130.021240
130.021240
130.828247
132.267426
132.635223
132.267426
133.074432
133.145859
133.585068
133.881439
133.881439
134.106369
134.034943
133.892090
133.677811
132.288742
131.706680
130.828247
131.196030
130.389038
130.389038
130.389038
130.828247
130.899673
130.531876
130.460464
130.971100
133.145844
133.145859
133.145859
133.585068
133.585068
133.952850
134.320648
133.881439
134.034943
133.524307
133.381454
132.727951
131.338882
131.124603
130.317612
130.613968
130.613968
130.685394
130.685394
130.828247
130.899673
130.971100
131.042526
131.553162
134.463501
134.902710
134.463501
134.463501
134.831284
134.392075
134.249222
133.738586
133.156509
133.013657
132.799377
131.849533
130.389038
130.174759
129.806961
130.471115
130.542542
130.981766
131.420975
131.563828
131.778107
131.553162
131.553162
132.135223
135.709717
135.709717
135.270493
135.638290
134.831284
134.688446
134.249222
133.667160
133.013657
132.063812
131.920959
130.899673
129.878387
129.735535
129.296326
130.031906
130.399689
131.349548
131.788757
131.635254
132.360168
132.135223
131.767441
132.278091
135.638290
135.638290
135.199066
135.566864
135.127655
134.249222
134.106369
133.524307
132.503021
131.553162
131.778107
130.756821
129.878387
129.296326
129.296326
130.031906
131.278122
131.420975
131.931610
132.145889
132.431595
132.206665
132.278091
132.420944
135.127655
135.127655
134.688431
135.056229
134.984802
134.034943
133.524307
133.381454
132.360168
131.410309
131.338882
130.317612
130.246185
129.367752
129.806961
130.613968
131.124603
131.635254
132.145889
132.360168
132.574448
132.278091
131.981720
132.124573
134.106369
134.106369
134.106369
134.474152
133.892090
133.452881
133.310028
132.727951
132.145889
131.706680
131.196030
130.685394
130.317612
129.949814
130.389038
130.899673
131.410309
132.288742
132.431595
132.206665
132.349518
132.420944
131.685349
132.195999
133.524307
133.524307
133.085083
133.452881
133.310028
132.799377
133.095749
132.585114
132.074463
131.563828
131.124603
130.685394
130.756821
130.460449
130.899673
131.113953
132.063812
132.574448
132.278091
132.420929
132.053146
132.124573
131.460419
131.021210
132.503021
132.942230
132.503021
132.431595
132.288742
132.656525
132.513687
132.442261
131.931610
131.492401
131.124603
131.563828
131.635254
131.338882
131.410309
131.992386
132.206665
132.645874
132.349518
132.492355
132.195999
132.195999
131.460419
131.899628
131.481735
131.481735
131.481735
131.410309
131.778107
132.145889
132.442261
132.810043
132.370834
132.370834
132.003036
132.370834
132.442261
132.585114
132.288742
132.431595
132.206665
132.717300
132.492355
132.563782
132.563782
132.195999
131.828217
131.899628
130.460464
130.899673
130.460449
130.828247
131.635254
132.003036
132.299408
132.370834
132.370834
133.177826
133.249252
133.249268
133.320679
133.392105
133.463531
133.238602
132.645874
132.717300
132.420929
132.563782
132.492355
132.563782
132.195999
132.267426
129.949814
129.878387
129.949814
130.317612
131.124603
131.492401
132.299408
132.738617
132.810043
133.177826
133.688477
133.688477
133.688477
134.638336
133.902756
133.238602
133.013657
132.278076
132.420929
132.492355
132.124573
132.563782
132.195999
132.563782
129.510605
129.878387
129.806961
130.174759
131.124619
131.492401
132.299408
132.738617
132.810043
133.617050
134.127686
134.127686
134.127686
135.006119
134.781189
133.606384
133.013657
132.278091
132.420929
132.492355
132.492355
132.563782
132.563782
132.563782
128.999954
129.806961
129.806961
129.735535
131.053192
131.492401
132.299408
132.738617
132.810043
133.984833
134.566895
134.566910
134.495483
135.077545
134.709747
134.045609
133.013657
132.278076
132.492355
132.492355
132.492355
132.563797
132.563782
132.563782
