140.737228
140.001648
139.633865
139.266083
138.459076
138.091278
136.987915
136.548706
135.516754
135.220398
135.066879
135.577530
136.670227
137.252304
137.180878
136.670227
136.016739
134.627670
133.749237
133.606384
133.677811
132.727951
133.167175
133.238602
140.369446
140.001648
139.705292
139.337494
138.091278
138.162704
137.427124
136.620132
135.955978
135.220398
135.434677
135.577530
137.038025
137.252304
137.252304
137.109451
136.016739
134.259872
134.117035
133.606384
133.677811
133.167175
133.167175
133.167175
140.512299
140.144501
139.776718
139.408920
138.601929
138.601929
137.427124
136.620117
136.395187
135.220398
135.434677
135.577530
136.670227
137.252304
137.252304
136.741653
136.159592
135.138306
134.188461
134.117035
133.677811
133.167175
133.167175
133.534958
140.287354
139.919571
139.551773
139.623199
139.551773
139.183990
138.448410
138.009201
136.834396
135.659607
135.873886
136.016739
136.302444
136.884506
136.955933
136.813080
136.302444
135.352585
135.209732
134.627670
134.188446
133.606384
133.606384
133.534958
140.205276
139.766052
139.766052
140.205261
140.205261
140.205276
139.837479
138.591263
137.345047
136.098816
135.802460
136.088165
136.302444
136.516724
136.588150
136.588150
136.516724
136.373871
135.791809
135.577530
134.995453
134.413391
133.974182
133.902756
139.541122
139.541122
139.908905
139.980331
140.787338
140.787338
140.787338
139.030487
137.784256
136.466614
135.802460
136.455948
136.302444
136.516724
136.220352
136.588150
136.659576
136.955933
136.373871
135.352585
134.627670
134.341965
133.902756
134.199112
138.662689
138.662689
139.101898
139.541122
140.348129
140.715912
140.715912
139.030472
137.712830
135.955978
135.220398
135.506104
135.791809
136.006088
136.220352
136.659576
136.588150
136.884506
136.813080
135.648956
134.924042
134.270538
133.320679
134.056259
137.202194
137.202194
137.202194
138.009201
138.887634
139.326843
139.326843
137.937775
136.252335
134.934692
134.638336
134.924042
135.209732
135.863235
136.006088
136.516724
136.445297
136.813080
136.159592
134.995453
134.270538
133.106400
132.667191
132.524338
135.670273
135.670273
135.598846
136.477280
136.987915
137.427124
137.427124
136.109482
134.720413
133.402771
133.545624
133.831329
134.556244
135.281158
135.863235
136.302444
135.791809
136.088165
135.945312
134.341965
133.177826
132.452911
131.503052
131.727997
134.577560
135.016785
134.577560
135.895203
135.895203
136.845062
136.477280
135.088211
134.138351
132.820709
132.524338
133.249252
134.484818
135.945312
136.088165
136.527374
135.648956
135.506104
135.291824
133.688477
132.524338
131.727997
130.849564
130.635284
136.702209
136.630783
136.630783
137.141434
137.212860
137.284271
137.723495
135.895203
134.577560
132.820709
133.331345
134.056259
136.170258
137.191528
137.334381
137.405807
136.384521
135.873886
135.220398
133.545624
132.452911
131.217361
130.338928
130.196075
140.583710
140.951508
140.215927
140.655151
140.358780
140.062424
139.623199
137.794922
136.038055
135.088211
135.159622
136.323761
138.437744
139.969681
139.969681
139.162674
138.141388
136.680893
135.220398
133.617050
132.013702
130.920990
129.828293
129.828293
146.150665
145.782867
145.415085
145.118713
144.383148
143.647568
142.401352
140.573059
138.305557
136.987915
137.059341
138.662689
141.144470
143.044174
142.747818
141.797958
139.530457
137.559326
135.659607
134.056259
132.085129
130.992416
129.971130
129.899719
151.421234
150.982025
150.175018
149.950089
148.407501
146.793488
145.108063
142.911987
140.644485
139.255417
139.398270
141.001617
143.483398
145.822327
145.822327
143.626236
141.287323
138.069962
136.609467
134.638336
132.595764
131.574478
130.553207
130.481781
156.406113
155.599106
154.863525
153.320953
151.778366
149.357361
147.671921
145.108063
142.472778
141.083694
141.297974
143.197693
145.750900
148.018387
147.722031
145.454529
143.044174
139.387604
137.487900
135.955978
134.056259
132.595764
132.013702
132.013702
160.880356
160.001923
159.337769
157.355972
154.638596
152.289017
149.357361
146.793488
144.229630
142.615616
142.687042
144.658188
147.507751
149.918106
149.550323
147.579178
144.433243
141.583679
139.316177
137.416473
135.516754
135.006119
133.617050
133.617050
165.722366
164.404724
162.862152
160.951782
157.795197
154.199371
151.410583
148.478928
145.547272
144.004700
144.147537
146.118683
148.968246
151.307175
150.939377
149.407471
146.190109
143.779755
141.951477
139.683975
138.294891
137.416473
136.466614
136.098831
169.246765
168.000534
166.457947
163.669144
160.583984
156.988174
153.392380
150.164368
147.232712
145.690125
145.465179
147.875534
150.285889
152.624817
151.817810
150.725098
147.875534
145.097397
143.636902
141.880051
140.633820
139.898254
139.387604
139.019821
171.157120
169.910904
168.736115
165.579529
162.055145
158.459335
155.302750
151.635513
148.775284
147.304138
147.079193
148.978912
150.950043
153.288971
152.921188
151.021469
148.539688
146.272186
144.954544
143.708328
143.411972
142.747818
142.747818
142.380020
172.189056
170.942841
168.961044
166.540039
163.454865
159.859070
156.702484
153.842255
151.053452
148.775299
148.478928
150.010849
151.471344
153.371063
153.003265
151.103561
149.132416
147.304138
146.497131
146.343613
146.557892
147.282806
147.425659
146.986450
171.535583
170.728577
169.553772
167.204193
164.343964
161.187378
158.398575
155.681198
152.820969
150.910599
150.246445
150.899933
151.553436
152.574707
152.574707
151.114212
148.846710
147.457642
147.600494
148.468262
150.143036
151.378601
151.225082
151.296509
171.392731
171.024933
168.971710
167.429123
164.568893
161.780090
159.430511
157.080933
154.292130
152.310333
151.349808
151.421234
151.635513
152.656799
152.217590
150.389297
149.000229
147.754013
148.336075
150.153702
152.410538
154.156738
154.881653
154.953094
171.249878
170.882080
169.268066
167.725479
164.865265
162.515686
160.166092
157.816498
155.027710
153.045914
152.013962
152.156815
151.860458
152.881729
152.074738
150.246445
149.296600
147.611160
148.336075
150.960709
153.360397
155.985031
156.709946
157.220581
171.249878
171.249878
169.268066
167.725494
165.304474
162.444244
160.533875
158.184296
155.395493
153.413696
152.013962
152.085388
152.228241
152.371094
152.003311
150.175018
149.225159
147.611160
148.703857
151.471344
153.871033
156.934891
157.292007
157.802643
