135.823776
135.527420
136.405853
137.355698
139.183990
140.573059
141.083694
142.472763
143.054840
144.004700
144.586761
145.097397
145.904404
146.415039
147.436325
148.171906
149.121765
150.071609
151.021469
153.360397
154.453110
155.913605
156.495667
157.374100
135.966629
136.038055
136.987915
137.937775
139.255417
140.715912
141.665771
143.422623
143.565475
144.515335
145.097397
145.608032
146.925690
147.436325
148.457611
149.264618
149.775253
150.725113
151.674957
154.013885
155.545807
156.567093
157.149155
158.027588
137.569977
137.641403
138.080627
139.469696
140.419540
141.808624
142.758469
144.147552
145.097397
145.975830
147.068542
147.579178
148.968246
149.111099
150.132385
151.378601
152.328461
152.910522
153.860382
155.831512
156.924225
157.945511
158.088348
158.966782
139.244751
139.316177
140.194611
141.144470
142.094315
143.922607
145.240250
146.190109
147.507751
148.896820
149.918106
151.307175
152.032089
153.124802
154.217499
155.095932
156.117218
156.770706
157.720566
158.956116
159.977402
160.559479
160.773743
161.652176
142.012238
142.380020
142.890656
143.840515
144.790375
146.618668
147.936310
149.325378
150.571594
152.257034
153.860382
155.688660
156.995651
158.159775
159.323914
159.977402
160.630890
161.652176
162.377106
163.102020
163.755508
163.898361
163.673431
164.551849
144.411926
144.851135
145.361786
146.240219
146.822281
148.579132
150.335999
151.653641
153.706863
155.392303
156.924225
158.895355
160.641556
162.387756
163.551880
164.348236
164.633942
165.287430
165.205338
165.930252
166.144531
166.287384
166.430237
166.501663
145.340469
145.779678
146.218887
147.097321
148.047180
148.997040
150.682465
152.000107
154.053329
155.667343
156.760040
158.731186
160.477386
162.591370
163.387726
164.551849
164.398331
165.491043
165.408966
165.623230
165.908936
165.612579
165.755432
165.826859
145.676270
146.115479
146.115494
146.993912
147.504562
148.311569
149.557785
150.364792
151.978790
153.225006
154.614075
156.513794
157.749344
158.984909
160.516830
161.170319
161.384598
162.405884
162.620148
162.905869
162.609497
162.384552
162.527405
162.159622
145.205078
145.644287
145.644287
146.012085
146.890503
147.258301
148.065292
147.993881
149.607880
150.711243
150.854095
152.314606
153.775101
154.867798
155.817657
156.399719
156.910370
157.492432
157.635284
157.778137
157.553207
158.135269
158.278122
157.838898
145.398041
145.398041
145.398041
145.255188
146.133606
146.062180
146.429977
146.287125
147.022705
147.390488
147.390488
148.708130
149.657990
150.168640
151.486267
151.486282
152.364700
152.875351
153.385986
153.457413
153.600266
153.446747
153.518188
153.518188
145.387375
145.387375
145.387375
145.315948
145.387375
145.683731
145.683731
145.612305
145.540894
145.469452
145.398041
145.837250
146.572830
147.012039
147.890472
148.258255
148.697479
149.575912
149.136688
150.086548
149.790192
150.004456
150.004456
150.004456
145.387375
145.387375
145.458801
145.387375
145.898026
145.458801
145.091019
145.019577
144.580368
144.580383
144.069733
143.559097
143.855453
144.519608
144.519608
144.815979
145.183762
145.694397
145.694397
146.572830
146.715683
147.297745
147.369171
147.369171
145.908676
145.980103
145.980103
145.612305
146.194382
145.826584
145.091003
144.723221
144.355438
143.180649
142.669998
142.087936
141.802231
141.884308
141.741455
142.109253
141.741470
142.180679
142.252106
143.569763
143.712601
144.223236
144.662460
144.223236
146.287125
146.358551
145.990753
146.133606
146.787109
146.122955
145.458801
145.162430
144.059067
142.955688
141.566635
140.913132
140.188232
139.759659
139.616806
139.913177
139.545380
140.056030
139.688232
141.005890
141.955750
142.027161
142.027161
142.027161
147.104782
146.737000
146.879852
147.094131
147.747620
146.858521
146.194382
145.601654
144.201920
142.587921
141.270264
140.177567
139.381226
139.320450
138.809814
138.738388
138.442032
138.952667
138.881241
139.831100
140.709518
141.220169
141.220169
141.220169
147.708176
147.779602
147.922455
147.472580
148.636703
148.186829
147.226318
146.265808
144.937500
143.098541
142.148697
141.127411
140.698868
139.902512
139.391876
139.391876
139.095520
139.677582
139.677582
140.484589
140.923798
141.363022
141.363022
141.363022
148.679352
148.750778
148.965057
149.025818
149.822174
149.515137
149.065262
147.369171
146.040863
144.273346
143.394928
142.373642
142.016510
141.291595
140.852371
140.923798
141.138077
141.280930
140.913147
141.720139
141.577301
142.016510
142.384293
141.945084
149.354156
149.425583
149.639862
149.700623
150.639832
150.843445
150.025787
148.911758
146.847870
145.519562
144.641144
143.252075
142.966354
142.752075
142.312866
142.016510
142.230789
142.884277
142.812851
143.109207
142.598572
142.894943
143.262726
142.823517
149.436249
149.507675
149.793381
149.854141
151.232559
151.436172
150.322144
149.208115
147.215652
145.591003
144.783997
143.834137
143.548431
143.405579
142.966354
143.405579
143.619858
143.762695
143.691284
143.844803
143.262726
143.487671
143.416229
143.344803
149.804047
149.436249
150.161163
149.782715
150.721924
150.925537
150.250717
148.329681
147.287079
145.733841
144.998260
144.559052
144.273346
144.498291
144.355438
144.426865
144.794647
144.794647
144.651794
144.294662
143.937531
143.651825
143.508987
143.437561
148.997040
149.068451
149.354156
149.343506
149.843475
149.975677
149.740067
148.329681
146.551514
145.508911
144.844757
144.405533
144.998260
145.223206
145.448151
145.305298
145.530228
145.755173
145.030243
145.040909
144.173126
143.816010
143.673157
143.530304
148.629242
149.139877
148.986374
149.343506
149.404266
149.097244
148.861649
147.522690
146.622940
145.580338
144.619812
144.619812
145.212540
145.805267
145.958786
146.183716
145.898010
145.980103
145.551559
145.051559
144.551575
144.051605
144.276550
144.133682
148.629242
148.772095
148.914948
148.904282
149.404266
149.025818
148.861649
147.522690
146.326569
145.723175
144.762665
144.762665
145.355392
145.948120
146.101639
146.183716
146.265808
146.715683
145.776489
145.644287
144.705093
144.133682
143.919418
143.847977
148.190033
148.772095
148.986374
148.832855
149.332855
148.658035
148.790222
147.083466
146.255142
145.723175
144.762665
144.762665
145.355392
146.019547
146.101639
146.622925
146.633591
146.715683
146.144272
145.572861
145.001465
144.062256
144.215775
144.001495
