153.650375
154.385956
154.825165
154.753738
154.539459
155.275040
155.642822
156.960464
157.399689
157.471115
157.185410
155.653488
153.907288
151.650452
148.882965
146.268997
143.287247
139.937698
137.680847
135.934647
134.331299
133.749237
132.799377
132.217316
153.721802
154.089584
154.457382
154.385956
154.610886
155.203613
155.571396
156.960480
157.471115
157.471115
157.256836
155.582062
153.907288
151.721878
148.954391
146.340424
143.358673
140.009125
137.752289
136.373871
134.770523
133.381454
133.238602
132.727951
153.793228
154.161011
154.457382
154.018158
154.682312
155.275040
155.642838
157.031891
157.471115
157.471115
157.256836
156.092697
154.417938
152.232513
149.904251
147.361694
144.379944
141.030396
138.773560
136.955933
135.352585
134.259888
133.310028
132.799377
153.057648
153.057648
153.793228
154.089584
154.314514
155.346466
155.714249
156.960464
157.471115
157.471115
157.328262
156.603333
154.928558
153.621582
150.925537
148.525848
145.104858
142.633743
139.937698
137.609421
135.934662
134.402725
133.820663
133.677811
152.097122
152.393494
153.200500
153.354004
154.457367
155.417892
156.153473
157.031906
157.542542
157.471115
157.767471
156.746201
155.949860
154.275085
152.089661
149.689972
146.779633
144.308533
141.541031
138.844986
137.027359
135.863220
134.402725
134.259872
151.432983
151.361542
152.464920
153.057648
154.161011
155.489319
156.224899
156.664108
157.542542
157.542542
157.838898
157.624619
156.531921
155.806992
153.621582
151.732529
148.015198
145.983292
142.848022
140.448334
138.191498
136.445297
135.424011
135.281158
151.432983
151.361542
152.097137
152.322067
154.161011
154.753738
155.489319
156.664108
157.542542
157.542542
157.838898
158.135269
157.481766
156.828278
154.785721
152.896667
150.057755
147.290283
144.890594
141.612473
139.284210
137.537994
136.445297
135.934647
150.554535
150.922333
151.218689
152.322067
153.425430
154.385941
155.560745
156.367737
157.174744
157.613953
157.910324
158.278107
158.063828
157.778137
156.174789
153.989380
151.221893
148.893631
146.126144
142.848022
140.448334
138.630707
137.098785
136.955933
150.411682
150.850906
151.218689
151.443634
152.986221
154.089584
155.264374
156.071381
156.806961
157.174744
157.910324
158.349548
158.574478
158.360199
157.196075
155.449875
152.825241
150.129196
147.800919
144.522797
141.612473
139.794846
138.191498
137.680847
150.197418
150.636627
150.636627
151.443634
153.057648
153.793213
154.528809
155.703583
156.439163
157.174744
157.910324
158.349548
158.645905
159.310059
157.706711
156.471161
154.357162
151.732544
149.404266
146.126144
142.848022
140.958969
139.355621
138.844986
150.054565
150.493774
150.493774
151.300781
152.179214
153.864655
154.671646
155.846451
155.632172
156.367737
157.174744
158.349548
159.085114
159.310059
158.656570
157.492432
155.378448
153.264450
150.568405
147.290283
144.012146
142.123108
140.519760
140.080536
150.136658
150.208069
150.718719
151.597153
152.179214
153.496857
154.375290
155.110870
154.896591
155.999954
157.103317
157.471115
159.013687
159.238632
159.095779
157.931641
155.960510
154.357162
151.732529
148.454407
145.615509
143.358673
141.755310
140.805466
150.147308
150.729370
150.433014
151.382874
152.546997
153.568283
154.078918
154.303864
154.528809
155.192963
155.928528
156.592682
158.574478
159.238632
159.024353
158.370865
156.981781
155.378448
153.703674
150.425552
146.851059
144.594223
143.430084
142.112442
150.229401
150.372253
150.586517
151.240021
152.475571
153.200500
153.711136
154.007492
153.793228
154.457382
155.489319
156.224899
158.135254
158.360199
159.024353
158.442291
157.492432
156.767517
154.796387
151.589676
148.086624
145.901215
144.808502
143.787216
150.679276
150.822113
151.036407
151.832748
152.332718
153.200500
152.975555
153.271912
153.936066
153.721802
154.753738
155.785675
157.256836
157.992416
159.024353
158.442291
158.003067
157.717377
155.817657
153.193024
149.761398
147.279617
146.554703
145.237061
151.057724
150.832794
150.750702
151.547043
152.189880
152.761276
152.239990
152.975555
152.832703
153.057648
154.457367
155.121521
156.960480
157.185410
158.288773
158.513718
158.442291
158.228012
156.838943
154.357162
151.579025
149.607880
148.586609
147.708176
151.436172
151.211227
151.129150
151.700562
152.047028
151.954269
152.239990
152.239975
152.536346
152.761292
153.793228
154.385956
155.785675
156.817627
157.920990
158.145920
158.881500
158.738647
157.421005
155.592712
153.325226
151.568359
150.986298
150.107864
151.446838
151.221893
151.211227
151.414856
151.464966
151.882843
151.432983
151.943619
151.800766
152.097122
153.496857
154.161011
155.489319
156.082047
157.553192
158.217346
158.513718
159.249283
158.738647
156.685425
155.000000
152.946777
152.507553
151.700546
151.018280
150.793335
150.854111
151.129150
151.250671
151.004425
151.361542
151.136612
151.943619
152.239990
153.271912
153.496857
154.753738
155.714249
157.185410
157.849564
158.952927
159.688507
159.249298
157.706711
156.092697
154.550125
154.110901
153.303894
150.150513
149.925568
149.986328
150.332809
150.597183
151.157928
150.850906
151.504410
151.575836
151.943619
152.607758
153.568283
154.457367
155.785675
156.889053
157.920990
159.392151
160.056305
159.688507
158.513718
156.971130
155.428543
155.060760
154.692978
149.282745
149.057800
149.629211
149.607895
150.311478
150.575867
151.147278
151.432968
151.575821
152.015045
152.679199
153.343353
154.671661
155.121521
156.592682
158.360199
159.392136
160.495514
160.424072
159.320724
157.338928
156.235550
155.867767
155.428558
148.629242
148.404312
148.832855
149.393616
149.729416
150.729385
151.004425
151.432968
151.575821
152.086456
152.454254
153.414764
154.303864
155.121521
156.592682
157.992401
159.831360
160.934723
160.863297
159.249283
158.145920
156.971130
155.867767
155.796341
148.414963
147.750809
148.690002
148.811539
149.586563
150.729385
150.932999
151.361542
151.575821
152.086456
152.454254
153.486191
154.007492
154.825165
156.296326
158.063843
159.831360
160.934723
160.863297
160.056290
158.585144
156.971130
156.235550
156.235550
147.904327
148.118607
148.547150
148.372330
149.586563
150.586533
150.861572
151.290115
151.208038
151.718674
152.086472
153.557617
154.446716
155.192947
156.664108
158.135269
160.270569
160.934723
161.231079
159.688507
158.585144
157.410339
156.674759
156.674759
