141.551697
141.183914
141.551697
141.480270
141.848068
141.776642
141.776642
141.705215
142.072998
141.562363
141.562363
141.490936
141.490936
141.419510
141.419510
140.980301
140.908875
140.469650
139.959015
139.959015
140.398224
139.959015
139.959015
139.959015
141.551697
141.183914
141.551697
141.480270
141.848068
141.776642
141.776642
141.705215
142.072998
141.562363
141.562363
141.490936
141.490936
141.419510
141.419510
140.980301
140.908875
140.469650
139.959015
139.959015
140.398224
139.959015
139.959015
139.959015
141.551697
141.183914
141.551697
141.480270
141.848068
141.776642
141.776642
141.705215
142.072998
141.562363
141.562363
141.490936
141.490936
141.419510
141.419510
140.980301
140.908875
140.469650
139.959015
139.959015
140.398224
139.959015
139.959015
139.959015
141.480286
141.551697
141.480270
141.408844
141.776642
141.705215
141.705215
141.633789
142.001572
141.490936
141.490936
141.419510
141.490936
141.419510
141.419510
140.908859
140.837433
140.398224
139.959015
139.959015
140.398224
139.959015
139.959015
139.959015
141.919495
141.551697
141.919495
141.848068
141.776642
141.705215
141.705215
141.633789
141.930145
141.858719
141.858719
141.787292
141.787292
141.276657
141.276657
140.469650
140.469650
140.398224
139.959015
139.959015
139.959015
139.591232
139.591232
139.591232
141.848068
141.919495
141.848068
141.776642
141.705215
141.633789
141.633789
141.562363
141.858719
141.787292
141.787292
141.715881
141.348083
140.837448
140.837448
140.398224
140.398224
140.326797
139.959015
139.959015
139.959015
139.591217
139.591217
139.591217
141.848068
141.919495
141.848068
141.776642
141.705215
141.633789
141.633789
141.562363
141.858719
141.787292
141.787292
141.715881
141.348083
140.837448
140.837448
140.398224
139.959015
139.887589
139.519806
139.519791
139.080582
138.712799
138.712799
138.712799
142.215851
142.215851
142.144424
142.144424
142.001572
142.001572
142.001572
141.562363
141.348083
141.276657
141.276657
141.205231
140.837448
140.326797
140.326797
139.959015
139.519806
139.448364
139.448364
139.080582
138.641373
138.273575
138.273575
138.273575
142.144424
142.583649
142.072998
142.072998
142.369370
141.490936
141.490936
141.858719
141.276657
140.837448
140.837448
140.766022
140.766022
140.255371
140.255371
139.376953
139.376953
138.937729
139.009155
138.641373
138.569946
138.202148
138.202148
138.202148
142.512222
142.512222
142.001572
142.001572
142.297943
141.858719
141.858719
141.419510
140.837448
140.398224
140.398224
140.326797
140.326797
139.816162
139.816162
138.937729
138.937729
138.498520
138.498520
138.130722
138.059296
137.691513
137.691513
137.691513
142.369354
142.369370
142.369370
142.001572
142.297943
141.858719
141.858719
141.419510
140.837448
140.398224
140.398224
139.887589
139.887589
139.376953
139.376953
138.937729
138.937729
138.498520
138.498520
138.130722
138.059296
137.620087
137.620087
137.620087
142.001572
142.440796
142.369370
141.930145
141.858719
141.858719
141.787292
141.348083
140.766022
140.326797
140.326797
139.887589
139.887589
139.009155
139.009155
138.498520
138.498520
138.059296
137.987869
137.620087
137.548660
137.109451
137.109451
137.109451
142.369370
141.930145
142.001572
141.930145
141.787292
141.419510
141.348083
140.837448
140.326797
140.326797
140.326797
139.448380
139.448364
138.937729
138.937729
138.569946
138.498520
138.427094
137.987869
137.916458
137.477234
136.966599
136.966599
136.966599
141.930145
141.930145
141.930145
141.419510
141.419510
141.787308
141.715881
141.205231
140.255371
140.255371
140.255371
139.448380
139.448380
138.569946
138.569946
138.498520
138.427094
138.355667
137.845032
137.405807
137.702179
136.895172
136.895172
136.895172
141.051727
141.051727
141.490936
141.348083
141.348083
141.276657
140.837433
140.326797
140.255371
139.376953
139.376953
138.569946
138.569946
137.691513
137.691513
137.620087
137.548660
137.477234
136.966599
137.262955
137.120102
136.609467
136.609467
136.609467
140.469650
140.908875
140.908875
140.398224
140.837448
140.837433
140.766022
139.887589
139.816162
139.376953
139.376953
138.059296
138.059296
137.180878
137.180878
137.109451
137.405807
137.334381
136.752319
137.048676
136.538040
136.027405
136.027405
136.395187
139.959015
139.959015
139.959015
139.887589
140.255371
140.326797
140.255371
139.744736
139.744736
138.498520
138.866302
137.548660
137.548660
136.670227
136.231018
136.527374
135.945312
136.680893
136.538040
136.466614
136.323761
136.180908
136.180908
136.180908
139.009155
139.009155
139.009155
139.376953
139.744736
140.183945
140.183960
139.305527
138.866302
138.059296
138.355667
136.670227
136.159592
136.088165
135.648941
135.506104
135.363251
135.659607
135.516754
135.813126
135.670273
135.159637
135.159637
135.527420
138.866302
138.866302
138.498520
139.305511
139.744736
139.744736
139.744736
139.234100
138.427094
137.987869
137.845032
136.088165
135.577530
135.434677
134.556244
134.413391
134.341965
134.638336
134.495483
134.791840
134.648987
134.506134
134.506134
134.873932
138.355667
138.355667
138.355667
138.794876
139.305527
139.376953
139.305511
138.866302
138.355667
137.405807
136.895172
135.506104
134.556244
133.974182
133.463531
132.881470
132.810043
132.667191
132.595764
132.892136
133.188492
133.117065
133.117065
133.484863
138.212814
137.845032
138.284241
138.794876
138.866302
138.937729
139.376953
138.866302
137.916458
137.334381
136.384537
134.995453
134.270538
133.320679
132.370834
131.420975
131.278122
130.696060
130.696060
130.992416
131.799423
131.727997
131.727997
132.095779
137.773605
137.702179
138.284241
138.355667
138.498520
139.009155
138.937729
138.427094
137.477234
136.895172
135.873886
134.413391
133.320679
132.667191
131.645905
130.696060
129.817627
129.235565
129.235565
129.531921
130.410355
130.778137
130.778137
131.145935
137.630753
137.702179
137.845032
138.284241
138.498520
139.009155
139.009155
138.427094
137.477234
136.752319
135.363251
134.270538
133.177826
132.156555
131.135269
130.185410
129.306992
128.285706
128.357132
128.653488
129.971130
130.338928
130.338928
130.706711
137.702179
137.262955
137.845016
138.355667
138.059296
138.641373
139.009155
138.427094
137.038025
136.823746
135.731033
133.831329
133.177826
132.156555
130.696060
129.746201
128.867767
128.285706
128.285706
128.582062
129.460495
129.828293
129.828293
130.196075
