147.854218
146.608002
145.147507
141.930145
137.905792
134.545578
133.156525
133.820663
135.066879
135.873886
135.802460
135.873901
135.066879
135.434677
134.117020
134.117035
133.167175
133.024323
132.145889
132.074463
131.563828
131.124619
130.981766
130.910339
148.364868
147.047211
145.586716
142.808578
138.712799
134.984802
133.963516
134.259888
135.066895
136.313110
135.873886
135.873886
135.066895
134.995453
134.484818
133.677811
133.534958
133.024323
132.145889
132.074463
131.931610
131.492401
131.420975
131.349548
148.804077
147.925644
146.465149
144.126221
140.030441
136.670227
135.281158
135.138321
136.313110
136.680893
136.609467
136.241684
135.802460
135.291824
134.413391
133.974182
133.534958
133.024323
132.145889
132.074463
132.299408
131.420975
131.349548
131.278122
150.560944
149.753937
148.222015
145.443878
142.155090
138.794876
137.405807
137.191528
137.487900
137.487900
136.977249
136.905838
135.588181
135.077545
134.199112
133.759903
133.320679
132.442261
131.931610
131.860184
131.420975
130.910339
131.278122
130.838913
152.389221
151.878571
150.489502
148.079163
145.158173
142.165756
140.337463
139.683975
138.734116
138.662689
138.080627
137.130768
135.813126
135.302475
134.056259
133.177841
132.738617
132.227982
132.227982
131.349548
131.278122
130.767487
131.135269
130.696060
154.585297
154.074661
152.685577
150.643021
148.161240
145.608047
143.269119
142.687042
141.297974
140.348129
139.326843
138.376984
137.427139
135.670273
135.231049
133.984833
133.913406
133.106400
133.034988
132.524338
132.595764
132.013702
132.013702
131.574478
155.392303
154.881653
153.931808
151.960663
150.653687
148.243332
146.343613
145.393768
144.004684
143.054840
142.033554
140.715912
140.133850
138.816208
137.937775
136.762970
136.691559
136.691559
136.252335
135.741699
135.741699
135.302490
135.670273
135.231049
155.178024
155.106598
154.156738
153.503250
152.339111
150.735764
149.346695
148.836060
147.589844
146.711411
145.761551
144.883118
144.372482
142.983414
142.544189
142.247833
141.808624
141.808624
141.808624
141.369400
141.297974
141.226547
141.226547
140.787338
154.963745
154.892319
154.381683
154.167404
153.585327
153.371063
152.492630
152.053406
150.878616
150.510834
150.071609
149.193176
149.560974
148.314758
148.243332
148.314758
148.314758
148.753967
148.314758
148.314758
148.682541
148.243332
148.171906
147.732697
154.963745
155.331528
155.260101
155.556473
155.413620
155.709976
154.974411
155.413620
154.310242
154.453110
154.085312
153.646103
153.646103
153.206879
153.646103
154.085312
154.085312
154.524536
154.963745
154.963745
154.524536
154.453094
154.453094
154.381683
156.567093
156.934875
156.934875
156.863449
157.670456
157.966827
158.109680
157.813309
157.149155
157.363434
156.995636
156.995651
157.506287
156.995651
157.506287
158.313293
158.384720
159.191727
159.191727
159.191727
159.120300
159.191727
159.191727
159.120300
158.966782
159.773788
159.406006
159.773788
160.652222
160.652222
160.795074
160.498703
159.834564
160.048828
159.752472
159.384674
160.263107
160.702332
161.141541
161.652176
162.019974
162.898392
162.898392
162.898392
163.266190
162.826965
162.826965
162.826965
162.019958
162.459183
162.530609
162.459183
163.041245
163.480469
163.184097
162.887726
162.295013
161.702286
161.773712
161.845123
162.723572
163.162781
164.041214
164.551849
164.919647
165.798065
165.798065
166.165863
166.237289
165.798065
165.798065
165.726639
164.562515
165.001724
164.705353
165.144577
165.287430
165.430283
164.694702
164.469757
163.805618
163.212891
163.284302
163.794952
164.234161
165.112595
165.919601
166.062454
167.308670
167.747894
167.380096
167.747894
167.747894
167.676468
167.676468
167.676468
166.594421
167.033630
166.737259
165.930267
166.073120
166.287384
165.112610
164.887665
164.223511
163.998566
164.069992
164.580627
165.019852
165.898285
166.337494
166.848145
167.655136
168.094360
168.165771
168.901367
168.972778
168.901367
168.901367
168.901367
167.237244
167.747894
167.012299
166.348145
165.684006
165.019852
164.284271
163.620117
163.252335
163.098816
163.098816
163.977249
164.416458
165.294891
165.734116
166.173325
166.980316
167.419540
167.419540
167.348114
167.787323
167.715912
167.715912
167.715912
167.880081
167.951508
167.287354
166.551773
165.152039
163.680878
162.945312
162.648941
161.913361
161.545578
161.474152
162.352585
162.791794
163.598801
164.038025
164.477234
165.284241
165.212814
165.284241
165.652023
165.652023
165.580597
165.580597
165.580597
167.358780
167.430206
167.133850
166.101898
163.895172
162.424011
161.759857
161.024277
160.585052
160.656494
160.656494
161.463501
161.902710
162.709717
162.709717
163.077499
163.516708
163.445282
163.445282
163.373856
163.373856
163.302429
163.302429
163.302429
166.776703
166.776703
166.551773
165.591248
163.823730
162.056213
161.463486
160.727921
160.431549
160.431549
160.431549
160.870773
161.309982
162.116974
162.116974
162.484772
162.852570
162.781128
162.781128
162.709717
162.709717
162.638275
162.638275
162.638275
165.041168
165.112595
164.519867
163.998566
163.620117
162.434662
162.281158
161.688431
161.392059
161.167130
161.238556
161.677765
161.749191
162.116974
162.116974
162.116974
162.188416
162.556198
162.484772
162.413345
162.413345
162.341919
162.341919
162.270493
163.162781
163.305634
163.519913
163.070038
162.834442
162.966629
163.395187
162.506104
162.720367
162.199066
161.902710
161.974136
161.677765
162.188400
162.188400
162.188400
162.188416
162.188416
162.116989
162.045563
162.413345
162.270493
162.270493
162.199066
161.427246
161.641510
162.295013
162.355774
162.559387
163.273651
164.141418
163.395187
163.313095
163.231018
162.638290
162.709717
162.413361
162.116989
162.116989
162.188400
162.188416
162.188416
162.116989
162.045563
162.341919
162.199066
162.199066
162.127655
160.998688
161.212952
161.427246
161.927216
163.080688
163.427170
164.294937
164.059326
163.977249
163.598801
163.006073
162.709717
162.413361
162.116989
162.116989
162.188400
162.188416
162.188416
162.116989
162.045563
162.341919
162.199066
162.199066
162.127655
160.345184
160.559464
160.916595
161.712952
162.570053
163.723526
164.223511
163.987915
163.905823
163.966583
163.373871
162.709717
162.413361
162.116989
162.116989
162.188400
162.188416
162.188416
162.116989
162.045563
162.341919
162.199066
162.199066
162.127655
