160.410233
160.410233
160.410233
160.410233
161.217239
161.145813
161.145813
161.074387
160.706589
160.635162
160.635162
160.563736
160.492310
160.563736
160.563736
161.145813
162.024246
162.974091
162.392029
161.524261
161.167130
160.442200
160.227936
160.156494
160.778015
160.778015
160.778015
160.778015
161.585022
161.513596
161.513596
161.442169
161.074387
161.002960
161.002960
160.931534
160.860107
160.860107
160.860107
161.442169
162.320602
162.831238
163.056183
162.259827
161.392059
160.667145
160.452881
160.013657
161.809967
161.809967
161.809967
161.809967
162.616974
162.545532
162.545532
162.474121
162.106323
162.034897
162.034897
161.963470
161.892044
161.892044
161.892044
162.474121
162.841904
163.352539
163.209686
162.413361
161.545578
160.820663
160.606384
160.534958
163.577484
163.577484
163.577484
164.016693
164.384491
164.384491
164.384491
164.752274
164.680847
164.609421
164.609421
164.537994
164.466568
164.098785
163.659561
164.170197
164.609421
164.977203
164.395142
163.231018
162.434662
161.270538
160.688461
160.984833
166.080582
166.080582
166.080582
166.519791
166.887573
167.255371
167.326797
167.255371
167.183945
167.112518
167.112518
167.480316
166.969666
166.898239
166.091232
166.091232
166.091248
166.019806
165.437744
164.273621
163.109482
161.945343
161.363281
161.659637
168.001617
168.001617
168.001617
168.440826
169.176407
169.544189
169.544189
169.911972
169.911972
169.840546
169.840546
169.329910
168.819275
168.747849
167.869415
167.869415
167.358765
166.848145
166.266068
165.173370
163.202225
162.477310
161.527451
161.823822
168.022934
168.462143
168.462143
168.829926
169.197723
169.197723
169.197723
169.565521
169.861877
169.790436
169.351227
169.351227
168.840591
169.136963
168.258530
167.380096
166.869446
165.919601
164.969757
164.244827
162.784332
162.059418
161.109558
161.405914
167.247894
167.687119
167.247910
167.687119
167.615692
167.983490
168.351273
168.351273
168.719055
168.208420
167.769196
168.136993
167.626358
167.187134
165.869492
165.358856
164.480423
163.898361
162.877075
161.855804
160.763092
160.181015
159.231171
159.598953
165.523026
165.890808
165.451599
165.523026
165.523026
165.819397
165.819397
165.747955
166.115753
165.676544
165.676544
165.237320
164.726685
164.655258
163.409042
162.826965
161.877121
160.927261
159.977402
158.956116
158.374054
157.791992
157.720566
157.649139
163.062561
163.062561
163.062561
162.623352
162.694778
162.623352
162.919708
162.919708
162.919708
162.848297
162.409073
162.337646
162.266220
161.459229
160.580795
160.070160
158.681076
158.466812
157.588379
157.077728
156.567093
156.567093
156.056458
156.056458
159.345230
159.345230
159.273804
158.906021
158.906021
158.906021
159.202377
159.641602
160.009384
159.498749
159.866531
159.866531
159.795105
159.355896
158.916672
158.477463
157.895386
157.752548
157.384750
156.945541
156.945541
156.577759
156.945541
156.945541
154.156738
154.228165
154.156738
153.717529
153.717529
154.085312
154.524521
154.820892
155.260101
155.627899
155.995682
156.363480
156.363480
157.099060
157.099060
157.466843
157.395416
158.130997
158.273849
158.416687
158.559540
158.702393
159.141617
158.773819
147.936310
148.375519
148.304092
148.304092
148.304092
148.304092
149.111099
149.846680
150.653687
151.021469
152.196259
152.635483
153.442474
154.249481
155.056488
156.302704
157.916718
159.162933
160.184219
160.909134
161.266266
161.551971
162.062607
161.694824
142.155090
142.665726
142.594299
143.033524
143.033524
143.472733
144.208313
145.383102
146.261536
147.364899
148.978912
149.857330
150.664337
152.278351
154.403000
156.088440
158.580872
160.337738
161.869659
162.665985
163.605194
164.330109
164.544373
164.248016
137.834366
138.641373
138.641373
138.641373
139.080582
139.887589
141.133804
142.308594
143.554810
145.168823
147.222046
148.468262
149.714493
151.696289
153.892365
156.384796
158.948654
161.144730
162.676651
164.422852
165.504898
165.494232
166.586945
165.851379
134.463501
134.831284
134.831284
135.638290
136.077499
136.955933
138.569946
140.183945
142.308594
143.994034
146.854263
148.907486
150.592911
153.013931
155.577789
157.702438
160.266296
162.533798
163.697937
165.515564
166.669037
167.169022
167.822510
167.965363
131.971054
131.971054
132.410278
133.145844
133.656494
134.974136
136.220352
138.712799
141.205231
144.136887
147.068542
149.928772
152.053406
154.913635
157.477509
159.602142
161.287582
163.187286
164.790649
166.311905
167.026154
168.333145
168.690277
169.200912
129.989258
130.357056
130.285629
131.092636
131.674698
132.992340
134.974136
137.538010
140.469650
143.401306
146.404388
150.143036
152.635483
155.934921
157.691772
160.184219
161.501862
162.523148
164.494278
166.015533
166.801224
167.740417
168.465332
168.975983
128.600189
128.967987
129.407196
129.774994
130.285629
131.235489
133.288712
135.484772
138.855637
141.419510
144.790375
147.722031
151.092896
153.585327
155.709991
157.323990
158.641632
159.591492
161.930420
163.819458
164.533722
165.912140
166.637054
167.147705
129.264343
129.632126
129.632126
129.632126
129.774994
130.653412
131.971069
133.727921
136.291779
138.487854
141.123154
144.054794
146.108017
148.232666
149.918106
151.899902
153.074692
153.585327
155.852829
158.038239
159.784454
161.091431
162.112701
163.062561
130.664078
130.296280
130.296280
130.367706
130.439133
130.142776
131.021210
132.410278
133.799347
135.556213
136.873856
139.437714
141.194565
142.440796
144.126221
145.229599
146.261536
147.436325
149.703827
152.114182
154.156738
156.199310
157.149155
158.099014
131.696014
131.328232
130.960434
131.031876
130.735504
130.071350
130.142776
131.092636
132.113907
132.992340
134.381409
135.770477
136.648911
137.527344
139.141342
140.173294
141.133804
141.869385
144.433243
147.139954
149.918106
152.185608
153.135452
154.085312
132.431595
132.063812
131.696014
130.960434
130.664078
129.560715
129.632141
130.214203
131.235474
131.746124
132.328186
133.717270
134.595688
135.474121
136.577484
137.241638
138.569946
139.673309
141.430176
144.872467
147.507751
149.846680
151.164322
152.042755
132.360184
131.624603
131.696014
131.328232
130.592651
129.928497
129.632141
129.774994
130.796265
130.939117
131.888977
132.910263
133.349472
134.227905
134.963470
136.363205
136.884506
137.987885
140.480316
143.922607
146.557892
149.264618
150.143036
150.653687
