158.831406
158.759979
158.759979
159.638397
160.445404
161.038132
158.413498
152.867874
146.954468
141.919495
139.580566
140.162628
141.030396
143.144394
143.358673
143.133728
143.787231
143.490860
144.379944
144.247757
144.269073
143.626251
143.851181
144.004700
159.270615
159.199188
159.199188
160.077606
160.813202
160.598907
157.974289
152.867874
146.883041
141.848068
139.509140
140.162628
141.030396
142.776596
143.358673
143.205154
143.858643
143.562286
144.451370
143.879974
143.901291
144.065460
143.483398
143.708328
159.709824
159.638397
159.638397
160.077606
160.813202
160.598907
157.974289
152.867874
146.811615
141.776642
139.437714
140.162628
141.030396
142.408813
143.501526
143.348007
144.072922
143.776566
144.297852
144.022812
143.676346
143.769104
143.115601
143.340546
160.659683
160.588257
160.516830
160.884613
160.741760
160.456070
157.831436
152.285812
146.668762
141.705215
139.366287
140.091202
141.030396
142.919449
143.644363
143.194489
143.919403
143.694473
144.215775
143.940735
143.379990
142.665726
142.819244
142.604965
162.345123
161.905899
161.834473
161.395264
161.548767
160.384644
157.249374
152.142975
145.718903
141.194565
139.294861
139.284195
140.734039
142.623077
143.490860
143.919418
143.980179
144.123032
144.205109
143.858658
142.858688
142.144424
141.715866
141.940811
163.294968
162.855759
163.080688
162.130829
161.845123
159.873993
156.738739
151.632324
145.943848
141.051727
139.152008
139.212769
140.734039
142.326721
143.194489
143.837326
144.337311
144.480148
144.705109
143.847992
142.337387
141.623123
141.123138
140.980286
164.908981
164.469757
163.887695
162.570053
161.845139
159.802582
156.667297
151.560898
145.504639
140.980301
139.080582
139.141357
140.662613
142.255295
143.265915
143.980179
144.551575
144.837280
144.623016
143.837326
142.255295
141.101822
140.601852
140.459000
165.133911
165.133911
164.623276
163.234207
161.773712
159.731155
155.860306
151.193100
145.065414
140.244720
139.152008
138.702133
140.223404
141.744659
143.194489
143.980179
144.765854
145.122986
144.980133
143.755249
142.244629
141.091171
140.223389
139.641327
166.605072
165.726639
164.848206
163.969788
162.141495
159.731140
155.860306
150.753891
145.136841
140.244720
138.784210
138.630707
140.151978
141.601807
143.123077
143.980179
145.205078
145.337265
145.705063
144.112366
141.866196
140.712723
139.916382
139.773529
167.197800
166.758591
165.512360
164.266144
162.509293
159.731140
155.492508
150.825317
145.208267
140.244720
138.784225
138.630707
140.009125
141.458954
142.980225
143.908752
145.644287
145.919342
145.990768
144.030289
142.366165
140.773483
139.537918
139.466492
167.933380
167.494156
166.247940
165.001724
162.509277
159.659714
155.860306
151.193115
145.576065
140.612503
139.152008
138.559280
139.937698
141.387527
142.908783
143.908752
145.787140
146.940613
147.083466
145.194412
143.162521
141.202042
140.109329
139.895050
169.108170
168.229736
167.422729
165.737305
163.244873
160.098938
156.228088
151.560898
146.015274
140.980301
139.152008
138.855652
140.234055
141.316101
142.837372
144.347961
146.665573
147.890472
148.104752
145.919342
143.958862
142.876816
140.977097
141.273468
169.915176
169.475952
168.158325
166.544312
163.541229
160.834518
157.035095
151.857269
146.750854
141.787292
139.887589
139.662643
140.601837
141.244675
142.837372
145.154968
147.104782
148.840332
149.126038
147.522675
145.194412
144.183792
142.723297
143.019653
170.650757
169.843750
168.965317
167.279877
164.348236
161.202301
157.770660
152.225052
147.118652
142.522873
140.255371
140.030441
140.162628
141.316101
142.765945
145.154968
147.983215
149.790192
150.443665
148.543976
146.726334
145.419357
144.398071
144.326645
171.314911
170.507904
169.261688
167.208466
165.083801
161.937881
157.770660
153.103485
147.997070
143.401306
141.133804
140.030441
140.530426
141.173248
142.694519
145.083557
147.983215
149.790192
150.515106
149.493820
147.451263
146.583481
145.562210
145.194412
171.243469
171.243484
169.997253
167.576248
165.451599
162.080734
158.209885
153.614120
148.436279
143.840515
141.205231
140.469650
140.898209
141.173248
142.694519
144.644333
147.472580
149.718750
150.515106
150.004456
148.401108
147.676193
146.654907
146.726334
171.907623
171.029205
169.782990
167.872620
165.451599
162.080734
158.281311
153.685547
148.579132
144.422592
142.083664
140.980301
140.898209
140.662613
142.183868
144.501480
147.329727
149.575897
150.443665
150.004456
148.983185
147.890472
147.819046
147.890472
171.693359
171.693359
170.079346
168.240402
165.890808
162.519943
159.231171
154.267609
149.457565
144.933228
142.522873
141.419510
140.826782
141.030396
142.112457
143.990845
146.819092
149.065277
149.933029
150.443680
149.493820
148.911758
148.472534
148.543961
171.550507
171.550507
169.936493
168.975983
166.626389
163.398376
159.231171
155.146042
149.968201
145.811661
143.033524
141.419510
141.194565
140.887543
141.969589
143.847992
146.676239
148.922424
149.933029
150.443680
150.075897
149.197449
149.197464
149.268890
171.704010
171.407654
170.232849
169.343781
166.994171
164.205383
160.548813
156.095886
150.918060
146.393723
143.911942
141.858719
141.562363
140.744705
141.826752
144.072922
146.533386
148.779572
150.229401
150.586533
149.779526
149.483154
149.554596
149.626007
172.000381
171.632584
170.529221
169.640137
167.433395
165.083817
161.427246
157.342117
151.939346
147.711365
144.422592
142.737152
141.490936
141.041061
141.612457
143.930069
146.758316
149.515137
150.229401
150.586517
149.626007
149.697449
149.472504
149.543930
171.418304
171.489731
170.457794
169.568710
168.240402
165.890808
162.744888
157.852753
152.746353
148.661224
145.301025
143.104935
141.858734
140.898209
141.541046
144.154999
147.126114
149.004501
150.525757
150.657944
149.697433
149.472504
149.247559
149.318985
171.786102
171.489731
170.825592
169.936493
168.240402
165.890808
162.744888
158.731186
153.256989
148.732651
145.740234
143.104935
142.226517
141.265991
141.469620
144.155014
146.983261
149.372284
150.525757
150.657944
149.840286
149.615356
149.390411
149.461838
171.714676
171.418304
171.193375
170.304291
168.608185
166.258606
163.184097
158.731186
153.256989
149.100433
145.740234
143.104935
141.858719
141.194565
141.398193
144.083588
147.422470
149.300858
150.893555
150.729370
149.840286
149.686783
149.461838
149.533264
