145.604858
145.604843
145.533417
145.319138
145.544083
145.769012
145.554749
145.411896
145.197617
144.615540
144.033478
143.012192
142.797913
142.215851
141.705215
142.001572
141.194580
141.123154
141.348083
140.837448
140.766022
140.551743
140.183945
140.112518
145.379913
145.379913
145.308487
145.094208
145.758362
145.544083
145.697586
145.554749
145.411896
144.390610
144.176331
143.665695
143.083618
142.430130
141.919495
142.215851
141.408844
141.776642
141.562363
141.051712
140.980286
140.837448
140.837448
140.766022
145.737030
145.737045
145.665604
145.083542
145.308487
145.461990
145.686935
145.176300
145.033447
144.890594
144.676315
143.726456
143.512177
143.369324
142.419464
142.715836
142.276627
142.572983
142.062347
142.287277
141.776642
141.265991
141.265991
141.194580
145.644287
146.012085
145.572861
145.358582
145.583527
145.808456
145.154968
145.451340
145.379913
144.797836
145.022781
144.512146
144.808502
144.226440
143.715790
144.379944
143.940735
143.797882
143.655029
143.512177
143.001541
142.858688
142.419479
142.419479
145.765839
145.694397
146.062180
145.408691
145.265839
145.419357
145.276505
145.572861
145.430008
145.430023
145.654953
145.583527
145.879883
145.369247
145.665619
145.451340
145.308487
145.237061
145.022781
144.951355
144.808502
144.297867
144.226440
143.787216
146.112289
146.040863
146.040863
145.387375
145.244522
145.030243
144.887390
145.255188
145.551544
145.551544
146.287125
146.583496
146.583496
146.440628
146.808426
147.401154
146.747650
146.604813
146.901169
146.022736
145.808472
145.297821
145.226395
144.858612
145.662415
145.590988
145.590988
144.937500
144.866074
144.580368
144.508942
144.876724
145.244522
145.315948
146.051529
146.419312
146.787109
146.715683
147.012039
147.308411
147.022705
146.951279
146.808426
146.297791
146.154938
145.644287
145.205078
144.837296
145.223206
144.783997
144.712570
144.130493
144.059067
143.916214
143.773361
144.284012
144.651794
145.162445
145.530212
145.969452
146.408646
146.776443
146.705017
146.562164
146.419312
145.908676
145.765823
145.255188
145.112335
144.233887
144.530273
144.162476
143.762711
144.130493
143.762711
143.987640
143.109207
143.405579
142.966354
143.916214
143.987640
144.498291
144.498291
145.376709
145.815918
145.744507
145.744507
145.673080
145.162430
144.283997
144.580368
143.701935
143.630508
143.048447
143.048447
143.048447
143.109222
143.109222
143.109222
143.037796
142.598572
142.966370
142.894943
143.037796
143.252075
143.834137
144.201935
144.641144
144.712555
145.080353
145.080353
144.273346
144.201920
142.884277
142.884277
142.445068
142.302216
141.791565
141.791565
141.791565
143.037796
143.037796
143.037796
142.966370
142.527145
142.527145
142.527145
143.109222
143.252075
143.466339
143.466339
143.834137
144.273346
144.273346
144.712555
143.905548
143.466339
142.220123
142.220123
141.709473
142.077271
141.566635
141.566635
141.566635
142.966370
142.966370
142.966370
142.966370
142.966370
143.037796
143.037796
143.548431
143.619858
143.762711
143.394928
143.762695
143.762695
143.691284
143.691284
143.323486
142.884277
142.077271
142.077271
142.005844
141.934418
141.127426
141.127426
141.495209
143.334152
143.334152
143.334152
143.405579
143.773376
143.477005
143.477005
143.548431
143.987640
144.059082
143.691284
143.987640
143.477005
143.405579
143.405579
142.598572
142.598572
142.230789
142.230789
141.791565
141.791565
141.720139
141.720139
141.720139
143.773376
143.773376
143.773376
143.844803
144.284012
144.355438
144.355438
144.355438
144.355438
143.916229
143.916229
143.773361
143.262726
143.119873
143.119873
142.312881
142.312881
141.945084
141.945084
141.945084
141.945084
141.945084
141.945084
141.945084
143.773376
143.773376
143.773376
143.916229
144.355438
144.426865
144.426865
144.426865
144.355438
143.916229
143.916229
143.773361
143.262726
143.119873
143.119873
142.680664
142.680664
142.312881
142.312881
142.312881
142.312881
142.312881
142.752090
142.752090
144.426865
144.426865
144.426865
144.059067
144.569702
145.008926
145.008926
145.008926
144.569717
144.059082
144.059082
144.355438
143.405579
143.701935
143.334152
143.262726
143.191299
142.823517
142.752090
143.191299
143.191299
143.119873
143.119873
143.119873
144.641144
144.641144
144.273346
144.641144
145.151779
145.080353
145.151779
145.151779
144.712570
144.641144
144.641144
144.498291
144.059082
143.987640
143.916229
143.477005
143.773376
143.334152
143.262726
143.701935
143.630508
143.559082
143.559082
143.559082
144.344772
144.344772
144.712555
145.080353
145.151779
145.151779
145.151779
145.151779
144.712570
144.641144
144.641144
144.569717
144.130493
143.987640
144.426849
144.355438
143.844803
143.773376
143.701950
144.069733
144.366089
144.294662
144.294662
144.294662
144.866074
144.866074
144.794647
144.794647
145.305298
145.233856
145.673065
145.673065
145.233856
145.162445
145.162445
144.651794
144.651794
144.580368
144.141159
144.508942
144.366089
143.855453
144.223251
144.151825
144.448181
143.937546
143.937546
143.937546
144.887390
144.887390
144.887390
145.255188
145.326614
145.694397
145.765823
145.765823
144.887390
144.887390
145.326614
144.815964
144.376755
144.376755
144.305328
144.305328
144.162476
144.091049
143.948196
143.876770
144.173141
144.101715
144.030289
144.030289
144.908722
144.908707
144.837280
145.276505
145.347931
145.347931
145.419342
145.347931
145.419357
145.347931
144.908707
144.908722
144.469513
144.398071
144.030289
143.958862
143.887436
143.816010
143.305359
143.530304
143.898102
143.826660
143.683807
143.683807
145.072891
145.072891
145.440674
145.440674
145.144318
145.512100
145.144318
145.144318
145.144318
145.144318
145.144318
145.144302
144.265884
143.826660
144.265884
143.755234
143.387451
143.755234
143.612396
143.398117
143.326675
143.255264
143.551620
143.551620
145.522766
145.522766
145.451340
145.083542
145.154968
145.594193
145.665619
145.665619
145.226395
145.297821
145.665619
145.226395
144.347961
143.908752
143.980179
143.908752
143.908752
143.398117
143.255249
143.112411
143.480194
143.408768
143.633713
143.633713
145.308487
145.308487
144.940689
145.308472
145.012115
145.379913
145.083542
145.522766
145.522766
145.522766
145.522766
145.083557
144.644333
144.205109
144.205109
143.398102
143.765900
143.694473
143.183838
143.408768
143.705139
143.194504
143.051636
143.051636
