142.072998
142.001572
140.980301
139.448380
138.212814
135.731033
134.852600
134.556244
134.402725
133.370789
133.299362
133.667160
134.259872
134.413391
134.413391
134.341965
134.852600
134.413391
133.534958
133.606384
133.238602
132.431595
132.360168
132.360168
142.583649
142.512222
141.123138
139.959015
138.284241
136.241669
135.291824
134.556244
134.474152
133.738586
133.667160
133.595734
134.259888
134.484818
134.484818
134.341965
134.852600
134.413391
133.974182
134.045609
133.238602
132.799377
132.360168
132.799377
143.308563
143.237137
142.215851
140.541077
138.866302
136.241669
135.731033
134.556244
134.331299
133.738586
133.595734
133.595734
134.259888
134.556244
134.556244
134.413391
134.852600
134.413391
134.413391
134.045609
133.238602
132.799393
132.360168
133.167175
145.126190
144.983337
143.451416
141.776642
139.519791
137.262955
135.731033
135.363251
134.699097
133.963516
133.963516
133.963516
134.331299
134.627670
134.627670
134.556244
134.995453
134.484818
134.484818
134.484818
133.606384
133.238602
132.799377
133.167175
147.086655
146.872391
145.340469
143.379990
141.051712
138.212814
136.609467
135.731033
134.995453
134.259888
134.259872
134.331299
134.331314
134.699097
134.770523
134.627670
135.066879
134.556244
134.924026
134.484818
134.045609
133.606384
133.238602
133.606384
149.414932
148.761429
147.158096
145.126190
142.144424
139.673309
137.120102
136.098831
135.291824
134.484818
134.484818
134.331299
134.402725
134.402740
134.913376
134.770523
135.138306
135.066879
134.995453
134.484818
134.413391
133.974182
133.974167
133.606384
150.282700
149.629211
148.322220
145.851105
143.237137
140.255371
138.069962
136.609467
135.659607
134.781174
134.413391
134.259888
133.963516
134.106369
134.545593
134.913376
134.770523
135.066879
134.995453
134.484818
134.413391
133.902756
133.902756
134.341965
151.007614
150.354126
148.607925
146.576019
143.522842
140.908875
137.773590
136.680893
135.291824
134.341965
134.341965
133.749237
133.595718
134.177795
133.810013
134.545578
134.331299
134.699097
134.556244
134.413391
134.341965
134.199112
134.270538
134.199112
151.293320
151.007614
148.893631
146.790298
143.737122
141.123138
138.355667
136.823746
135.291824
134.413391
133.463531
133.310028
133.524307
133.370789
133.442215
133.370789
133.963516
134.188461
134.045609
134.341965
134.638336
134.056259
134.495483
134.424057
150.854095
150.639816
149.332840
146.861725
143.951385
141.265991
138.569946
136.895172
135.291824
133.974182
133.024323
132.431610
132.717300
132.635208
133.074432
133.370789
133.595734
134.188461
133.677811
134.341965
134.199112
134.352631
134.352631
134.352631
150.568405
149.986328
148.750778
146.718872
143.369324
141.194565
138.569946
136.895172
135.363251
133.974182
133.024323
132.431610
132.278091
132.195999
132.635208
132.635208
132.788727
133.452881
133.677811
133.902756
134.127686
133.913406
133.913406
134.281204
149.118561
148.904297
147.300934
145.851105
143.083618
140.612503
138.059296
136.384537
134.924026
133.606384
132.656540
132.063812
131.542511
131.828217
131.899628
132.195999
132.860153
133.892090
133.820663
133.974182
133.759903
133.913406
133.545624
133.841980
147.454453
147.750809
146.147461
144.472687
142.215851
139.887589
137.845032
136.313110
134.924026
133.238602
132.799393
131.767441
131.613922
131.388992
131.460419
132.267426
132.931580
133.595734
133.820663
133.606384
133.759903
133.177826
132.667191
132.667191
146.372406
145.861755
144.769058
143.972717
141.858719
139.673309
138.212814
136.313110
134.995453
133.310028
132.942245
132.206650
130.806931
131.388992
131.460419
131.828201
132.931580
133.667160
134.331314
134.117035
133.024323
132.810043
132.370834
132.370834
145.647491
145.208267
144.554779
143.462067
141.787292
139.744736
138.723450
136.455948
135.577530
134.331314
133.524307
132.717300
131.246140
131.317566
131.388992
132.492371
133.738586
133.963516
134.331314
133.677811
132.656525
132.442261
131.492401
131.492401
145.718918
145.208267
144.554779
144.269073
142.665726
141.062378
139.601883
138.212814
136.527374
135.648956
134.402740
133.524307
132.420929
132.053146
132.420944
133.156509
133.963516
134.259888
134.556244
133.167175
132.145889
131.267456
130.389038
130.389038
145.933182
145.790344
145.208267
144.483353
143.319214
142.155090
141.133804
139.376953
137.987869
136.670227
135.791809
134.474152
133.595734
133.085083
133.085083
133.749237
134.117035
134.852600
134.413391
133.095749
131.706680
130.092667
130.021240
129.582031
146.218887
146.147476
145.933197
145.279694
144.115570
143.390640
142.369370
140.908859
140.030441
138.202148
137.252304
136.231018
134.913376
134.331314
134.188461
134.852615
135.220398
135.516754
134.709747
133.024323
131.338882
129.724884
129.285660
128.846451
146.422516
146.351089
145.769012
145.922531
144.390610
144.104904
143.451416
141.990921
140.969635
139.876923
138.487854
137.834366
136.741653
135.791794
136.016739
135.802460
136.170258
136.395187
135.148972
133.463531
131.338882
130.164093
129.285660
129.285660
145.737030
146.104828
145.961975
146.186920
145.094208
144.808502
144.155014
143.430084
142.265961
141.469620
140.376907
140.091202
138.998489
138.345001
138.130722
137.845016
138.069962
137.927109
136.538040
134.413391
132.217316
130.603302
130.092667
129.214233
145.929993
146.297791
146.154938
146.012085
145.430008
145.144318
144.787186
144.062256
143.562286
143.133728
142.337387
141.541046
141.255341
140.601852
140.316132
139.959015
139.673309
139.387604
137.927109
136.098831
133.095749
131.410309
130.531876
130.460449
146.276459
146.276459
145.765823
146.062195
145.551544
145.265839
144.908722
144.847946
144.205109
143.776566
143.276581
143.287247
143.001541
142.276611
141.919495
141.562363
141.133804
140.408890
139.316177
136.609467
133.974182
132.217316
131.706680
131.196030
146.265808
146.265793
146.194382
145.755157
146.051529
145.765823
145.408691
144.469498
144.633667
144.501480
144.369293
144.379944
144.094238
143.369324
142.572983
142.583649
142.083664
141.358749
139.387604
137.048676
134.852600
132.656525
132.074463
131.196030
146.040863
146.480072
146.040863
146.408661
145.826584
145.980103
145.183762
145.122986
145.215729
145.083542
144.512131
144.522797
144.604889
143.879974
143.083618
142.655060
142.594299
141.430161
139.826828
137.487900
134.852600
133.095749
132.145889
131.563828
