133.227936
133.156509
132.645874
132.645874
133.013657
132.942230
132.431595
131.778107
131.267456
131.563828
130.685394
130.389038
130.092667
130.164093
129.939163
130.306946
130.378372
131.256805
131.767456
131.471085
131.910294
131.910294
131.910294
131.910294
133.227936
133.156509
133.085083
133.085083
133.013657
133.310028
132.431595
131.849533
131.338882
131.196030
130.756821
130.389038
130.092667
130.164093
130.306946
130.378372
130.817596
131.256805
131.767441
131.838867
132.278091
132.278076
132.349518
131.910294
133.595734
133.156509
133.085083
133.085083
133.013657
132.942230
132.431595
131.481735
130.971100
130.828247
130.828247
130.021240
130.092667
130.164093
130.306946
131.113953
130.817596
131.256805
131.767441
132.206665
132.645874
132.717300
132.717300
132.717300
134.034943
133.595734
133.085083
133.085083
133.013657
132.942230
132.063812
131.553162
131.042526
130.531891
130.531891
130.531876
130.164093
130.164093
130.674728
131.113953
131.624603
131.696014
132.574448
133.085083
133.085083
133.085098
133.156525
133.156525
134.034943
134.402740
133.524307
133.524307
133.381454
132.942230
132.063812
131.624588
130.674728
130.674728
130.235519
130.164093
130.164093
130.164093
131.042526
131.553162
131.992386
132.503021
133.381454
133.820663
133.963516
134.331314
134.331299
134.402740
134.841949
134.402740
133.963516
133.524307
133.013657
132.574448
131.696014
131.185379
130.746155
130.378372
129.939163
129.867737
130.603302
130.603302
131.042526
131.920959
132.799377
133.381454
134.627670
134.699097
135.138306
134.770523
134.770523
135.209747
134.841949
134.841949
133.963516
133.524307
133.013672
132.574448
131.328232
130.889008
130.306946
129.939163
129.867737
129.867737
130.603317
130.971100
131.849533
132.656540
133.606384
133.749237
134.995453
135.066879
135.506104
135.506104
135.138306
135.577530
134.402725
134.402740
133.963516
133.227936
132.717300
131.838867
131.328232
131.256805
130.674728
130.603317
130.531891
130.899673
131.778107
132.145889
132.585114
133.534958
134.484818
134.556244
135.066879
135.434677
135.138306
135.138306
135.138306
135.506104
134.841949
134.034943
134.034943
133.299362
132.420929
131.542511
131.399658
130.817581
130.603302
130.828247
131.053192
131.931610
132.442261
133.320679
133.831329
134.341965
134.924026
134.556244
135.066879
135.434677
135.066879
134.627670
134.627670
135.066879
134.402740
134.474152
134.474152
133.299362
132.053146
131.542511
131.031860
130.746155
130.460464
130.981766
131.717331
132.667191
133.617050
134.566910
134.709747
135.148972
135.291824
134.995453
135.066879
135.506104
134.627670
134.627670
134.556244
134.556244
135.281158
134.474167
134.913376
133.299362
132.420944
131.471085
130.960434
130.674728
130.828247
131.053192
131.717331
132.738617
133.249268
134.638336
134.781174
135.291824
135.434677
134.627670
134.699097
134.627670
134.556244
134.556244
134.556244
134.556244
136.455963
136.016739
135.648956
134.402725
133.085083
132.206650
131.256805
130.674728
130.899673
130.756821
131.124603
132.074463
133.024323
134.045609
134.117035
134.627670
134.699097
133.820663
134.259888
134.627670
134.556244
134.484818
134.484818
134.484818
137.630737
137.630753
136.823746
135.506104
133.749237
132.431595
131.481735
130.603302
130.531876
130.164093
130.971100
131.481735
132.503021
133.452881
133.524307
133.524307
133.524307
133.524307
133.452881
133.749237
134.117020
134.924026
134.852600
134.852600
138.948395
138.580597
137.702179
136.313110
134.484818
132.656540
131.778107
130.603317
130.235519
129.867737
130.010590
130.889008
131.838867
132.860153
132.860153
132.860153
132.860153
132.717300
132.206650
133.381454
134.117035
134.852600
135.220398
135.659607
140.919525
140.112518
139.162674
137.262955
135.291824
132.952896
131.635254
130.460464
130.164093
129.939163
130.010590
130.153427
131.031860
132.124573
132.124573
132.124573
132.053146
131.910294
131.838867
133.820663
134.995453
135.731033
136.027405
136.098831
142.369370
141.419510
140.398224
138.427094
135.731033
133.249252
131.420975
130.685394
130.389038
129.867737
129.499939
129.642792
130.592651
131.246140
131.174728
131.246140
131.174728
131.542511
131.838867
133.820663
135.434677
136.977264
137.712830
137.345047
144.329834
143.308563
141.848068
139.152008
135.873886
132.738617
131.206696
130.838913
130.174759
129.653458
129.867737
129.571365
129.714218
130.224854
130.296295
130.735504
130.735504
131.174713
131.838867
134.259888
136.680893
138.223480
139.030472
139.398270
145.708252
144.319183
142.644409
140.316147
136.752319
133.034988
131.063843
130.696060
130.103333
129.582031
130.092667
129.060730
129.571365
129.714218
129.346436
130.296295
130.296295
131.103287
132.206665
134.699097
137.120102
139.469696
140.348129
140.644485
146.361740
145.340469
143.737122
140.458984
136.823746
133.474197
130.992416
130.624634
130.910339
130.389038
130.092667
129.428513
129.939163
130.010590
130.082001
130.592651
130.592651
131.103287
132.717300
134.699097
137.120102
139.541122
140.348129
140.715912
146.361740
145.340454
144.104904
140.898209
137.334381
133.617050
131.574478
131.206696
131.492401
131.267456
131.410309
131.042526
131.113953
131.553162
131.624588
131.696014
131.399658
131.910294
132.717300
134.699097
136.384521
138.805542
139.244751
139.980331
146.586685
145.565399
143.962051
141.194565
137.405807
134.127686
132.156555
131.420975
132.074463
132.217316
132.288742
132.727966
132.727951
133.167175
133.167175
132.870819
132.574448
132.717300
133.524307
134.331299
135.945312
137.630753
137.998535
138.437744
146.883041
145.861755
144.329834
141.123138
137.845032
134.270538
132.738617
132.003036
132.217316
133.167175
132.799377
133.606384
134.341965
134.638336
134.709763
134.045609
133.310028
133.085098
133.963516
134.402725
135.209732
136.823746
136.823746
137.262955
146.740189
145.718918
144.258423
141.123138
137.845032
134.709747
132.738617
132.003036
132.656525
133.167175
133.238602
134.413391
135.077545
135.516769
135.588181
134.781189
133.749252
133.452881
133.963516
134.402740
135.209732
136.088165
136.088165
136.527374
146.811615
145.790344
144.258423
141.123154
137.916443
135.148972
133.177826
132.442261
133.095749
133.606384
133.677811
134.413391
135.516754
135.813126
135.955978
134.781189
134.117035
133.820679
134.402740
134.402725
134.841949
136.016739
136.088165
136.527374
