162.116989
162.116989
162.116989
161.238556
161.167130
160.288696
160.288696
160.217270
160.656494
161.095703
161.095703
161.974136
162.781128
163.220352
163.220352
162.341919
161.463501
159.778061
159.706635
158.828201
158.756775
158.685349
158.685349
158.685349
162.116989
162.116989
162.116989
161.238556
161.167130
160.288696
160.288696
160.217270
160.656494
161.095703
161.095703
161.974136
162.781128
163.220352
163.220352
162.341919
161.463501
159.778061
159.706635
158.828201
158.756775
158.685349
158.685349
158.685349
162.116989
162.116989
162.116989
161.238556
161.167130
160.288696
160.288696
160.217270
160.656494
161.095703
161.095703
161.974136
162.781128
163.220352
163.220352
162.341919
161.463501
159.778061
159.706635
158.828201
158.756775
158.685349
158.685349
158.685349
161.749191
161.749191
161.749191
160.870758
160.799347
160.288696
160.288696
160.585052
161.095703
161.534912
161.534912
162.341919
163.220352
163.291779
163.291779
162.413345
161.902710
160.145844
160.145844
159.267410
159.195984
159.195984
159.195984
159.195984
160.870758
160.870758
160.870758
160.870758
160.360123
160.288696
160.288696
160.656479
161.095703
161.902710
162.341919
162.852554
163.730988
163.730988
163.730988
162.852554
162.270493
161.024277
160.952850
160.145844
159.635208
159.195984
159.195984
159.195984
160.870758
160.870758
160.870758
160.799347
160.288696
160.656479
160.656479
161.024277
161.534912
162.341919
162.781143
163.220352
163.730988
163.802414
163.802414
162.852570
162.341919
161.392059
161.392059
160.585068
160.145844
159.706635
159.706635
159.706635
160.727905
160.727905
160.727905
160.727905
160.288696
160.656479
160.656479
161.024277
161.534912
162.341919
162.781143
163.220352
163.730988
163.802414
163.802414
162.852570
162.341919
161.392059
161.392059
160.585068
160.145844
159.706635
159.706635
159.706635
161.392075
161.463501
161.463501
161.463501
161.024277
161.320648
161.392059
160.952850
161.392059
162.199066
161.831284
162.709717
162.413345
162.413345
162.413345
161.974136
161.534912
161.463486
161.463486
160.656494
160.585068
160.074417
160.074417
160.074417
162.056213
161.688431
161.688431
161.759857
161.759857
161.688416
161.688416
161.320648
161.249207
161.688416
161.320648
161.320648
161.392059
161.095703
161.095703
161.167130
160.656494
160.656494
160.656494
160.656494
160.585068
160.513641
160.513641
160.513641
162.209732
162.281158
161.841949
161.913361
162.424011
161.984787
162.424011
161.688431
161.249207
161.177795
160.442215
160.442200
160.074417
160.145844
160.145844
159.849487
159.849487
160.288696
160.288696
160.288696
160.585052
160.513641
160.513641
160.513641
161.781174
162.220383
161.852600
162.363235
162.138306
162.209732
162.720367
161.984787
161.545578
161.177795
160.442215
160.442200
160.074417
159.706635
159.706635
159.849487
159.849487
160.288696
160.288696
160.288696
160.585052
160.513641
160.513641
160.513641
161.648987
161.648987
161.791840
162.006119
162.291809
162.434662
162.648941
162.352585
161.617004
161.249207
160.585068
160.145844
159.338837
159.338837
159.338837
159.410263
159.410263
159.778061
159.778061
160.217270
160.074432
160.074432
160.074432
160.074432
160.566940
161.006149
161.220428
161.506134
162.302475
162.659607
162.945312
162.720367
161.688431
161.320648
160.585068
160.217270
159.410263
158.971054
158.899628
158.971054
159.338837
159.338852
159.338852
160.145844
159.635208
160.002991
160.002991
160.002991
159.413467
159.852676
160.506165
160.495514
161.363281
162.741699
162.731033
162.577515
161.984802
161.392059
161.095703
160.288696
159.410278
158.899628
158.899628
158.899628
159.267426
159.267426
159.267426
159.635208
159.195999
159.563782
159.563782
159.563782
157.238708
157.677917
158.842056
159.270615
160.281235
161.731064
161.863266
162.220398
161.699097
161.984787
160.952850
160.145844
159.338837
158.828201
158.899628
158.899628
159.267426
159.267426
159.267426
159.635208
159.195999
159.563782
159.563782
159.563782
154.339035
154.849686
156.013809
157.024429
158.545700
160.138382
161.149002
161.648987
161.709747
162.066879
161.545578
161.249207
160.074417
159.563782
159.267426
158.828201
159.195999
158.828201
158.756775
159.195999
158.756775
159.195984
159.195984
159.195984
150.560944
151.582214
152.674927
154.196182
156.299515
158.402832
159.484894
160.934723
161.577560
162.006104
162.434662
161.770508
161.106354
160.227936
159.931564
159.124557
159.124557
158.317566
158.685349
158.756775
158.756775
158.828201
158.828201
158.828201
147.068542
148.018387
149.182526
150.703781
153.614120
156.156662
157.820770
159.781250
160.934723
161.873917
162.302475
161.852600
161.627655
160.892090
160.156509
159.420929
159.420929
158.685349
158.685349
158.756775
158.388992
158.460419
158.460419
158.460419
143.933273
144.954544
145.679474
147.936310
150.846634
153.828400
155.788879
157.820770
159.781250
161.231079
161.731079
161.648987
161.566895
161.270538
160.677811
160.013657
159.645874
158.542496
158.542496
158.756775
158.388992
158.460419
158.460419
158.460419
140.419556
141.440826
142.533539
144.208313
146.975784
149.743271
152.510742
154.839020
157.238708
159.056335
160.363312
161.231079
161.588211
161.434708
161.352631
160.392105
159.799377
159.135223
159.278076
158.685349
158.756775
158.092621
158.164047
158.164047
137.191528
138.141388
139.162659
141.133804
144.126221
146.679428
149.304047
152.367905
155.063950
157.249374
159.067001
160.373978
161.241745
161.598877
161.659637
161.138336
160.688477
159.799377
159.206650
159.492355
158.828201
158.531830
158.603271
158.603271
135.209732
135.720383
136.670227
138.937729
141.348083
144.126221
147.118637
150.039627
152.735687
155.728104
157.545731
159.659729
160.527496
161.905899
162.038086
161.220428
160.913406
160.392105
159.942230
159.420929
159.195984
158.531845
158.674698
158.306900
133.963516
134.474167
135.424011
137.180878
139.448380
142.665726
145.586716
148.436279
151.939346
154.931763
157.117172
159.302597
160.609573
162.059418
162.191605
161.813156
161.209778
160.392105
159.942230
159.420929
159.195984
158.531845
158.674698
158.306900
133.524307
133.667160
134.545578
136.741653
139.009155
141.715881
145.004654
147.854218
151.285858
154.349701
156.463684
159.088318
160.466721
161.548767
162.487976
161.741730
161.506134
160.688477
159.942230
159.420929
159.195984
158.531845
158.746124
158.378326
