161.369675
161.298248
160.491241
159.755661
158.070221
156.895432
154.842209
153.013931
151.185638
149.939423
150.735764
154.892319
159.630936
163.051910
164.798111
163.909027
161.559433
159.291931
156.370941
152.878540
148.946930
145.668808
143.554810
143.269119
161.001877
160.930450
160.123444
159.387878
158.141647
156.527649
154.842209
153.453140
150.746429
149.643066
150.367981
154.013885
159.191711
162.541260
164.287476
163.837585
161.855804
159.363358
156.810150
152.949966
149.386139
145.668808
143.994034
143.340546
160.266296
160.194870
159.387863
158.652298
157.406067
156.231277
154.985062
152.717560
150.521484
149.275269
150.000183
153.206879
158.170441
161.080780
162.826965
162.816315
161.855804
160.170349
157.760010
153.828400
149.896790
146.690094
145.015320
144.361816
158.795151
158.795151
157.916718
157.181137
156.741928
156.006348
154.688705
152.492630
150.225128
148.682541
148.825394
151.817810
155.463730
159.038208
160.784409
161.723602
161.712952
160.977356
159.077652
155.656677
150.989487
147.639938
146.404388
145.383102
156.516983
156.149200
156.516983
156.149200
156.149200
155.781403
154.463760
152.267685
149.264618
147.650604
148.161240
150.132385
153.053375
155.974365
158.159775
160.048828
161.937881
162.662796
161.273727
157.556396
152.889206
149.611084
147.497086
146.475815
154.749466
154.381683
154.310242
154.749466
155.556473
155.556473
153.871033
151.674957
148.671890
147.057877
146.690094
148.375519
150.275238
152.614166
155.535156
158.374054
161.723602
163.469803
163.030594
159.016891
154.860336
150.775208
149.100433
148.518372
153.135452
152.767670
153.503250
153.942459
154.820892
155.260101
153.942459
151.817810
148.957581
146.832947
146.393723
147.200729
148.814743
150.643021
153.931808
157.209930
161.070114
163.766174
163.837601
159.966736
155.953049
152.378555
151.214432
149.896790
152.328461
152.328461
152.767670
153.574677
154.381683
154.892319
154.085312
151.960663
149.100433
147.118637
146.608002
147.200729
147.864883
149.550308
152.399872
156.117218
160.345184
163.112671
163.326965
160.548813
157.117172
154.196182
152.664261
151.346619
151.450027
151.450027
152.257034
153.206879
154.381683
154.892319
154.156738
152.471313
149.314713
147.629288
146.750854
146.904358
147.864883
148.968246
151.746384
155.024506
159.252487
161.652176
162.744888
160.620239
157.474304
155.574600
154.185532
153.378525
150.571594
150.571594
151.450027
152.696243
153.574677
154.892319
154.156738
152.542725
149.825363
148.211349
146.893707
146.975800
147.354233
148.825394
151.164322
154.299591
158.088348
160.998688
161.723602
160.252441
158.127792
156.442368
155.563934
154.460571
150.571594
150.571594
151.450027
152.696243
153.574677
154.156738
153.788956
152.614151
150.335999
149.089783
147.772141
147.782791
148.161240
149.193176
151.021469
154.156738
157.067078
159.834564
161.070114
160.181030
158.342072
157.535080
156.799500
156.063919
150.203796
150.571594
151.082245
151.889236
153.206879
153.717529
153.788956
152.614166
150.264572
149.825348
148.946930
148.661224
149.039673
150.000183
151.460693
154.013885
156.342148
159.109634
159.977402
159.598953
158.342072
158.117142
157.820786
157.524414
150.714447
151.082245
151.153656
151.960663
152.839096
153.349731
152.910522
152.174942
151.000153
150.193146
149.682510
150.275238
150.725113
151.389252
152.706909
154.381683
156.056458
157.945496
159.181061
158.945465
159.006226
158.556351
158.402847
158.106476
150.714447
151.153656
151.153656
151.592880
152.032089
152.542725
152.542725
152.174942
151.296509
150.928726
150.785873
151.082230
152.042755
152.635483
153.585327
154.678040
155.842178
157.149155
158.384720
158.291962
158.863373
159.363358
158.842056
158.984909
149.978867
150.418091
150.418091
150.857300
151.296509
151.735733
151.735733
151.296509
151.296509
150.928726
151.664307
152.328461
152.921173
153.513916
154.320908
155.413620
155.995682
156.863464
158.466797
158.374054
158.720520
159.220505
159.577637
159.720490
149.611084
149.682510
149.682510
150.050293
150.050293
150.489517
150.928726
150.928726
151.296509
151.367935
152.471313
153.135468
153.799606
153.953125
154.760132
156.077774
157.027634
157.313324
158.548889
158.527573
159.241821
159.813232
159.731140
159.873993
148.507721
149.018356
148.875504
148.875504
148.875504
149.243286
149.682510
150.121719
151.367935
151.439362
152.981949
153.646103
154.678040
155.199341
156.006348
156.741913
157.620361
157.834625
158.998764
158.906021
159.691696
160.263107
159.884659
159.956085
148.211349
148.282776
147.772125
147.700714
147.700714
147.997070
148.507706
149.386139
151.000153
151.878586
152.981949
154.156738
154.310257
155.638550
156.445557
157.916718
158.213074
158.723724
159.448639
159.427322
159.773788
159.905975
159.895325
160.038177
147.036560
147.107986
146.597336
146.597351
146.086700
146.383057
147.261490
148.579132
150.264572
150.775208
152.685577
153.788956
154.820892
155.709976
156.884781
157.845291
158.948654
159.316452
159.969940
159.948624
160.223663
160.427277
160.345200
160.488037
145.861771
145.493973
145.861755
145.790344
144.983337
144.840485
145.718903
146.965134
148.282776
149.600418
151.582214
153.053375
154.524536
155.485046
156.516983
158.213074
158.805801
159.469955
160.194885
160.398499
160.602112
160.437943
160.652222
160.866501
145.126190
144.758392
144.319183
144.247757
143.369324
143.297897
144.544113
144.983337
146.300980
147.690048
149.671844
151.950012
153.349731
155.556473
156.956207
158.213074
159.102173
160.205536
160.348389
161.287582
160.684204
160.816391
160.662872
160.805725
144.390610
143.951385
143.512177
143.440750
142.633743
142.490891
142.930115
143.808533
145.197601
146.954468
148.497055
150.407425
153.053375
155.260101
156.588409
158.213074
159.469971
160.501907
161.012543
161.512512
161.205505
160.969894
160.744965
160.887817
143.655029
143.215820
143.144394
143.072968
142.194534
141.683899
142.194534
143.072968
144.022827
145.779678
147.761475
150.039627
152.685577
155.331528
156.588409
158.213074
159.469955
160.430481
161.308899
161.369659
161.062653
161.123413
160.969894
161.112747
143.655029
143.215820
142.776596
142.705170
141.826752
141.755325
141.755325
142.633743
143.655029
145.779678
147.761475
150.039642
153.124802
155.260101
156.659836
158.213074
159.398529
160.726837
161.237488
161.298248
161.430435
160.684204
161.266266
161.041321
