145.258377
144.819168
144.819153
144.451370
143.133728
143.062302
142.183868
141.673233
141.162598
141.091156
142.123108
143.665680
146.965134
149.243286
151.889236
155.199341
158.509445
161.012543
162.922913
164.026276
164.833282
165.201080
165.568863
166.008072
145.697586
145.258377
145.258377
144.379944
143.501511
143.430099
142.623093
142.112442
141.601807
141.530380
142.490891
144.033478
146.893707
149.611084
152.257034
155.199341
158.509445
161.083969
162.922913
164.465485
164.761856
165.272491
165.640289
166.008087
145.697586
145.258377
145.697586
145.258377
144.379944
144.237091
143.358673
142.848022
142.337387
142.265961
143.369324
144.911911
147.772125
150.050293
152.257034
155.199341
158.509445
161.083969
162.922913
164.465485
165.640289
166.008072
166.008072
166.375870
146.136810
146.136810
146.065384
146.065384
145.626160
145.922531
145.044098
144.533463
144.390610
143.879959
144.983337
146.525909
148.436279
150.418091
153.064026
156.006348
158.948654
161.594604
163.362122
165.343933
166.008072
166.447296
167.182861
167.550659
147.015244
146.943802
147.383026
147.311600
147.240173
147.975754
147.465118
146.954468
146.443832
145.861771
146.965134
148.068497
150.050293
151.521454
153.799606
156.813354
159.387878
162.401611
164.240555
165.343918
166.815079
167.550659
168.357666
168.357666
148.190033
148.190033
148.486389
148.486389
149.293396
149.589752
149.446899
148.936264
148.793411
148.211349
149.314713
150.050293
151.592880
152.696243
154.606613
157.252563
160.266296
162.912262
164.751190
166.222351
167.693512
168.796875
169.093231
169.461029
149.293396
149.661194
150.468185
150.028976
150.764557
151.939346
151.725067
150.846634
151.143005
150.560944
150.857300
151.592880
152.767670
153.431824
155.413620
157.988144
160.266296
162.912262
164.751190
166.222351
168.132721
168.796875
169.532455
169.900238
151.203766
151.939346
152.307129
152.307129
153.481934
153.778290
154.074646
153.564011
153.421158
152.471313
153.206879
153.574677
153.871033
154.606613
156.149200
158.427353
160.705505
162.983673
164.822617
166.661575
168.132721
169.164673
170.339462
170.339462
153.778290
154.217499
154.513870
154.513870
155.617233
155.985031
156.281387
155.770752
155.699326
155.188675
154.749466
155.117249
155.485046
155.781403
156.516983
158.795151
160.634094
163.422882
164.894043
166.661575
168.132721
169.236099
170.339462
170.707245
155.985031
156.352814
156.281387
156.720612
157.456177
158.191757
158.120331
157.681122
157.538269
157.099060
156.659836
156.588409
156.659836
156.884781
157.323990
159.162933
160.705521
163.422882
164.894043
166.661575
168.132721
169.236084
169.900238
170.707245
158.120331
158.120331
158.120331
158.488129
159.223709
159.591492
159.448639
159.448639
159.009430
158.570206
158.202423
157.763199
157.395416
157.763199
158.059570
160.041367
160.705521
162.687317
164.158478
165.925995
167.397141
168.429077
169.971680
170.339462
159.448639
159.887848
159.816422
160.255646
160.623428
160.991226
160.848373
160.552002
160.480576
159.673569
158.866577
158.938004
158.498779
158.059570
158.059570
160.041367
160.409149
162.319519
163.790680
165.558197
167.029358
167.693512
169.236084
169.603882
161.144745
161.583954
161.583954
161.512512
161.512512
161.880310
161.808899
161.512527
161.144745
160.705521
160.409149
159.602158
158.866577
158.427353
158.427353
159.673584
160.041367
161.512527
163.055115
164.822632
166.293777
166.957932
168.500519
168.868301
162.912262
162.912262
162.912262
162.544464
162.401611
162.473038
162.473038
162.176666
161.880310
161.441101
160.705521
159.969940
159.162933
158.427353
158.427368
159.673569
160.041367
161.144730
162.248093
164.087036
165.925995
166.590149
168.132721
168.500519
163.576401
163.576401
163.576401
163.944183
162.697968
163.065765
163.065765
162.769409
162.544464
162.176666
161.441101
160.705521
159.898514
159.162933
158.723724
159.530731
159.969940
161.073303
162.176666
164.087051
165.925995
166.590149
167.693512
167.622086
164.240555
163.801346
163.801346
163.801331
163.362122
163.362122
163.433548
163.137192
162.840836
162.105255
161.369659
160.634094
159.827087
159.091522
159.020081
159.827087
160.194885
161.369659
162.473038
163.944199
165.783142
166.886505
168.061295
168.429092
164.465485
164.536926
164.536926
164.097702
163.729919
163.219269
163.362122
162.626556
162.769394
162.033829
161.666031
160.491241
159.684235
159.387878
159.316452
159.684235
160.419815
161.594604
162.330185
164.608337
165.783142
167.254303
168.061295
168.429092
164.465500
164.465500
164.465500
164.394073
164.026276
163.587067
163.290710
162.994339
162.330185
162.033813
161.666031
160.491241
159.684235
159.316452
159.612808
159.980591
161.083969
162.258759
162.994339
164.536926
166.150925
167.622086
168.429092
168.357666
164.394073
164.394073
164.394073
164.394073
164.394073
163.954849
163.658493
163.433548
162.697983
161.962402
161.594604
160.859024
160.491241
160.123459
160.348389
160.348389
161.451752
162.626556
163.362122
164.904709
166.079498
167.622086
168.429092
168.357666
164.761856
164.761856
164.761856
164.322632
164.394073
163.954849
163.658493
163.433548
163.137192
162.401611
161.666046
160.930450
160.562668
160.194870
160.419815
160.419815
161.594604
162.769409
163.504974
164.976135
166.150925
166.886505
167.325714
167.254303
165.129639
165.129639
165.129639
164.761856
164.761856
164.394073
163.658493
163.433548
162.840820
162.544464
161.808899
161.001877
160.194885
159.827087
160.562668
160.930450
161.666031
163.208618
163.944183
165.047562
165.783142
166.150925
166.590149
166.957932
165.129639
165.129639
165.129639
164.761856
165.201080
164.833282
164.097717
163.872772
163.280045
162.615891
161.880310
161.512512
160.705521
160.337738
161.073303
161.441101
162.176682
163.280045
164.015625
164.751190
165.486786
165.854568
166.222351
166.150925
165.129639
165.129639
165.129639
164.761856
165.201080
164.833282
164.097717
163.872772
163.280045
162.615891
161.880310
161.512512
160.705521
160.337738
161.073303
161.441101
162.176682
163.280045
164.015625
164.751190
165.486786
165.854568
165.854568
166.222351
165.129639
165.129639
165.129639
164.761856
165.201080
164.833282
164.097717
163.872772
163.280045
162.615891
161.880310
161.512512
160.705521
160.337738
161.073303
161.441101
162.176682
163.280045
164.015625
164.751190
165.486786
165.925995
165.486786
165.854568
