159.095779
159.238632
159.820694
160.617035
161.117020
162.934647
163.291779
164.455902
165.477188
166.130676
166.641327
166.487808
167.069870
167.141312
165.895081
164.791718
163.841858
162.595642
161.502930
160.113861
159.971024
159.317520
159.246094
159.174667
158.370865
158.585144
159.167206
159.963547
160.463531
162.209732
163.006073
163.730988
165.262909
165.477188
166.059265
166.641327
166.855591
166.559235
165.680817
164.945221
163.627594
162.820587
161.360077
160.410233
160.267380
159.685303
159.613892
159.542465
156.624664
156.767517
157.349579
158.145920
159.085114
160.759888
161.995453
162.791794
163.884506
164.537994
165.559265
165.773560
165.987823
166.059265
165.323669
164.588104
163.270447
162.902664
161.881378
160.931534
161.299316
160.717255
160.645828
160.574402
154.378479
154.521332
155.174820
155.899750
156.767517
158.585144
159.749268
160.545624
162.148956
163.241669
164.334381
164.620071
165.641357
165.487854
165.487854
164.823700
164.384491
164.016693
163.066833
162.627625
162.995422
162.116974
162.484772
162.484772
151.039597
151.111023
151.764511
152.489441
153.796417
155.103394
157.217392
158.524384
160.127716
160.924072
162.455994
163.180908
163.905823
164.559326
165.069962
164.405792
164.405807
164.477234
164.477234
164.548660
164.620087
164.691513
164.620087
165.059296
147.261490
147.332916
148.057831
149.150543
150.386108
151.764511
153.735657
154.674850
157.228043
158.024399
160.066956
160.791870
161.956009
163.048706
163.630783
163.773621
163.845062
164.723480
164.427124
165.448395
166.030472
166.173325
166.612534
166.612534
144.422592
144.054794
144.708282
145.800995
146.597336
148.272110
150.243256
151.182449
153.225006
154.899780
156.063904
157.595840
158.759979
160.220459
160.873962
161.456024
162.334457
163.212891
163.794952
164.887665
165.541153
165.755432
166.194641
166.633850
141.133804
141.133804
141.348083
142.297943
143.022858
144.115570
145.647491
146.883041
148.854187
150.089737
151.621674
153.010742
154.103439
155.563934
156.953003
157.535080
158.924149
160.241791
160.895279
162.355774
163.080688
164.101990
164.173401
164.612610
137.548660
137.916458
138.059311
138.569946
139.152008
139.734085
140.755356
142.287277
143.747772
144.840485
146.229553
147.618622
148.936264
150.764557
152.153625
153.103485
154.563980
155.881622
157.413544
158.874039
160.038177
160.691666
161.202301
161.641510
135.720383
135.720383
135.352600
135.791809
135.424011
136.302444
137.252289
137.905792
139.294861
140.244720
141.633789
142.808578
144.126221
145.883087
147.936310
148.886154
150.275238
152.103516
153.635437
155.535156
156.331497
157.352768
157.934845
158.741852
133.963516
133.524307
133.524307
133.524307
133.524307
133.963516
134.034943
134.984802
135.863220
137.323730
138.130722
139.673309
140.919525
142.604965
144.218964
145.536621
146.997116
148.386185
150.214462
151.378601
152.471313
153.931808
154.146072
154.513870
132.717300
132.349518
132.717300
132.278076
131.910294
131.910294
132.349518
133.227936
133.810013
135.056229
135.934662
137.477234
138.948395
140.123184
141.369400
142.615616
143.565475
144.443909
146.272186
146.925690
148.089813
149.111099
149.253952
149.693161
132.053146
132.420929
132.420929
131.542511
130.735504
130.735504
131.246140
131.317566
132.635208
133.513641
134.320648
135.791794
136.823746
138.366333
139.173325
139.908905
140.787338
140.787338
141.665771
142.758484
143.044174
143.554810
144.504669
144.136887
131.756790
131.756790
131.756790
131.246155
130.071350
130.071350
130.510559
130.653412
131.531845
132.410278
133.585068
134.688446
135.648956
137.120102
136.977249
137.712830
138.009201
138.009201
138.448410
138.662689
138.876968
139.826828
139.530457
139.969681
131.388992
131.388992
131.756790
130.878357
130.071350
129.335770
129.703552
129.774979
130.724838
131.603271
132.338852
133.810013
134.770523
135.802460
136.098831
135.955978
136.252335
136.109482
136.180908
136.323761
136.538040
136.609467
136.752319
137.191528
131.388992
131.388992
131.388992
130.510559
129.703552
129.335770
129.703552
129.774994
130.285629
131.531845
131.899628
133.370789
134.259888
134.995453
135.220398
135.516754
135.373901
135.302475
135.302475
135.077545
135.291824
135.363251
135.873886
135.873886
131.460419
131.460419
131.460419
130.581985
129.774979
129.774979
129.774979
130.214203
130.653427
131.460419
131.828217
132.931580
133.892090
134.995453
135.659607
135.516754
134.566910
134.934692
134.566910
134.709747
134.924026
134.995453
135.138306
135.138306
131.828217
131.828217
131.828217
131.388992
130.142776
130.142776
130.142776
131.021210
131.021210
131.388992
132.124573
132.860153
133.892090
134.627670
135.291824
135.148972
134.638336
134.566895
134.199112
134.781189
134.924026
135.066879
135.209732
135.138306
132.195999
132.195999
131.828217
131.756775
130.949768
130.581985
130.949768
131.460419
131.756790
131.756790
132.492371
132.860153
133.892090
134.556244
135.220398
135.077545
134.638336
134.495483
134.199112
134.709747
134.484818
134.188461
134.699097
134.627670
132.931580
133.003006
132.563782
132.492371
131.685364
131.685364
131.685364
132.124573
132.563797
132.492371
132.860153
133.156509
134.259888
134.556244
135.220398
134.709747
134.566910
134.863266
134.056259
134.566895
134.709763
134.781174
134.117020
134.413391
134.106369
133.667160
133.667160
133.299362
133.227936
133.227936
132.788727
133.299362
133.299377
133.299362
133.595734
133.963516
134.627670
134.924026
135.148972
134.638336
134.863266
134.863266
134.424057
134.424057
134.566910
134.638336
134.341965
134.709763
134.474152
134.474152
134.402740
134.402740
133.595734
133.595734
133.595734
133.667160
134.034943
133.595734
134.402725
134.699097
134.627670
135.220398
135.077545
135.006119
134.791840
134.791840
134.281204
134.720413
134.495468
134.863266
134.638336
134.495483
134.841949
134.841949
134.402725
134.402740
134.331314
134.331299
134.331299
134.034943
134.402740
134.034943
134.770523
134.699097
134.995453
135.220398
135.077545
134.934692
134.791840
135.159637
134.281204
134.720413
134.424057
134.791840
134.566910
134.495483
135.209732
134.841949
134.770523
134.770523
134.331299
134.331314
134.331314
134.402725
134.034943
134.402740
135.138306
135.066879
134.995453
135.220398
135.006119
135.006119
134.791840
135.527420
134.209778
134.648987
134.352631
134.791840
134.495483
134.424057
