151.793304
150.772018
149.536469
147.647415
144.665649
141.387527
139.355621
136.731003
135.352585
134.995453
134.699097
135.791809
137.680847
140.376907
141.898163
143.562286
145.369247
147.329727
147.533340
146.276459
146.122955
145.458801
145.233856
144.937500
151.864731
151.282654
149.975677
147.351044
144.369293
141.898178
139.059265
137.241638
135.424011
135.066879
135.066879
135.863235
137.609421
139.866272
141.387527
143.562286
145.226395
146.890503
147.461914
146.644257
146.122955
145.458801
145.233856
144.937500
152.078995
151.496948
150.629181
148.372330
145.022781
142.112457
140.080551
137.384491
135.934647
135.066879
135.066879
135.791809
137.609421
139.794846
141.316101
143.051636
145.154968
146.747650
147.461914
146.644257
146.122955
145.458801
145.233856
144.937500
152.875351
152.293274
151.057724
148.800888
145.890549
142.908783
140.437683
138.109406
136.516724
135.577530
135.066879
135.648956
137.395142
139.284195
140.366241
142.837372
144.572906
146.604813
147.319077
146.940613
146.419312
145.826599
145.601654
145.305283
154.110901
153.528839
151.925491
149.668655
146.829742
143.847992
141.376862
139.273544
137.098785
136.016739
135.363251
135.577530
137.252289
138.262924
139.712753
142.112442
144.358627
146.022736
147.104782
146.869202
146.347885
146.194382
145.601654
146.112289
155.050095
154.325180
153.232468
150.975632
148.208145
145.665619
142.683853
140.509094
138.191498
136.598801
135.434677
135.873886
136.670227
137.680847
139.427048
141.091171
143.337341
145.440674
146.890518
147.094131
146.715683
146.194382
146.408661
146.919296
155.632172
155.417892
154.325180
152.068344
149.443710
146.533386
143.551620
141.673233
138.916412
136.813080
136.313110
135.873886
136.527374
137.466583
138.844986
140.805466
143.123077
144.787186
146.676239
146.951279
146.644257
146.929962
146.408661
146.919296
156.878387
156.296326
155.203613
153.089630
150.536423
147.626099
145.154968
142.469574
139.569901
137.834366
136.455948
136.313110
136.895172
136.813080
138.120071
139.784180
142.398148
144.572906
146.094162
146.440643
146.940613
146.929962
146.847870
147.726303
157.685394
157.103317
156.449829
154.039490
151.996918
148.861649
145.951324
143.194489
140.294815
138.927063
137.038025
136.752319
136.823746
136.598801
137.466568
139.498474
141.744659
143.919418
145.440674
145.858566
146.869202
147.369171
147.654861
147.797729
158.349548
157.838898
156.889038
154.989334
152.578979
149.954346
147.186874
144.430054
141.458954
139.651993
137.762939
136.966599
136.895172
136.527374
137.252304
138.844986
141.458954
143.265915
144.787186
145.644302
147.236969
147.297745
148.022659
147.797729
159.085114
158.574478
157.624619
155.428558
153.600266
151.118484
148.351013
145.594193
142.326721
140.958984
138.559280
137.620087
136.966599
136.455948
137.180878
138.630707
141.244675
142.612427
144.572906
145.501434
147.094116
148.033325
147.951233
148.533295
159.310059
158.870850
157.992416
156.306976
154.110901
151.700546
149.075928
146.461945
143.705139
141.898163
139.937698
138.416428
137.180878
136.895172
137.477234
138.487854
140.591187
142.694519
143.847992
145.583527
146.879852
147.890472
148.247589
148.461884
159.606415
159.167206
158.360199
156.674774
154.621552
152.354050
149.800842
147.329727
145.083557
142.908798
140.948318
138.916412
137.905792
137.109451
137.477234
138.416428
140.376907
141.969589
143.633713
145.297821
146.665573
148.186829
148.543961
148.758240
159.463562
159.095779
158.288773
156.674774
155.132187
152.936111
150.964966
148.565292
146.461945
144.287201
141.887512
139.784180
138.630707
137.252304
137.916443
138.712799
140.162628
141.683899
142.908783
145.083557
146.819092
148.411774
148.768906
149.054611
160.199158
159.831360
159.024353
157.553192
156.010620
153.957397
151.986252
149.729416
147.329727
145.297821
143.265930
141.091171
139.355621
137.905792
138.427094
139.152008
140.019775
141.398193
142.623093
144.797836
146.676239
148.268921
148.329681
148.983185
160.199142
159.831360
159.024353
157.992416
156.521255
154.907257
153.078964
150.893555
148.565292
146.237030
144.276550
142.030365
140.151962
138.998505
138.641373
139.152008
139.948349
141.255341
142.776596
144.215775
146.461960
148.126068
148.626053
148.840332
160.199142
159.831360
158.656555
158.431625
156.960480
155.857101
154.028809
151.986252
149.800842
147.544006
145.583527
142.898132
140.948318
139.723419
139.734085
139.223434
140.316147
141.112488
142.123108
144.369293
145.879883
147.615433
148.115417
148.329681
159.831360
159.831360
159.167206
158.942276
157.838898
156.735535
154.978668
153.078964
151.332764
148.850983
146.961945
144.644333
142.255295
140.887543
140.387573
139.805496
140.683929
140.969635
141.908829
143.787216
145.737045
147.104782
147.604767
148.626053
159.902786
159.974213
159.238632
158.942261
158.717331
157.613968
155.857101
154.100250
152.129105
150.157974
147.829712
145.512100
143.419434
142.051682
141.112488
140.316132
140.683929
141.265991
142.133774
143.644379
145.594177
147.401154
147.461914
148.115417
159.677841
159.677856
158.942261
159.381485
158.717331
158.349548
156.296326
155.050110
152.925446
151.025742
148.768906
146.451294
144.358627
142.848022
141.837402
140.969635
141.123154
141.194565
141.990921
143.869308
145.451340
147.258301
147.319061
147.972565
159.452911
159.381485
159.452911
159.013702
159.524323
158.717331
157.542542
155.928528
154.385956
152.189880
149.636673
148.126068
145.594193
143.276581
142.194534
141.623123
141.265991
141.194580
141.990921
144.165680
145.747696
147.115448
148.054642
148.268921
159.085114
159.524338
159.156555
159.085129
159.085114
159.013702
157.910324
156.878387
154.671646
152.914795
150.361588
148.483200
145.951324
143.930069
142.776596
141.765976
141.705215
141.194580
141.919495
144.094238
145.747696
147.483231
147.544006
147.758270
159.156540
159.156540
159.156555
159.085129
159.524338
159.013687
158.349548
157.317596
155.182281
153.057648
151.382874
149.065262
146.533386
144.144348
142.990875
142.276627
141.705215
141.562363
141.848068
144.462036
145.676270
147.411804
147.911789
148.126068
159.227966
158.788757
159.156555
159.085129
159.524338
159.381485
158.278122
156.949814
155.621506
153.568283
151.015076
149.575897
147.044022
144.654984
143.062302
142.276611
141.776642
141.562363
141.919495
144.094238
145.604843
147.411804
147.911789
148.054642
