136.884506
137.252304
136.813095
136.884521
136.813095
136.884506
136.955933
136.516724
136.445297
136.445297
136.077499
136.006073
135.495438
135.566864
135.424011
134.841949
134.259872
133.238602
133.463531
133.320679
133.617050
133.545624
133.474197
133.331345
136.373871
136.373871
136.373871
136.813095
136.373871
136.516724
136.445297
136.148926
136.006073
136.884506
136.006073
135.566864
135.495438
135.495438
135.424011
134.841949
134.259872
133.677811
133.534958
133.392105
133.617050
133.545624
133.402771
133.402771
135.934662
135.934662
135.934647
136.302444
135.934662
136.006088
136.006073
136.006073
135.934662
136.445297
136.006073
135.566864
135.495438
135.495438
135.424011
134.841949
134.331299
133.677811
133.606384
133.392105
133.617050
133.545624
133.474197
133.402771
134.617004
134.984802
134.984802
134.984802
134.984802
135.056229
135.495438
135.127655
135.495438
135.934647
135.495438
135.495438
135.424011
135.424011
135.424011
134.913376
134.331314
134.188446
133.677811
133.534958
133.759903
133.249252
133.177826
133.474197
133.227951
133.227951
133.227936
133.667145
133.667160
134.106369
133.738586
134.177795
134.177795
135.424011
134.545593
134.984802
135.352585
135.424011
135.791809
134.984802
134.474167
134.770523
133.892090
133.606384
133.463531
133.320679
133.177826
133.177826
131.838867
131.838867
131.910294
132.278091
132.349518
132.860153
132.788727
133.227936
133.595734
134.474167
134.474167
134.474167
134.913376
135.352585
135.352585
135.424026
134.913376
135.281158
134.474152
134.556244
133.974182
133.024323
132.881470
132.881470
130.960434
130.960434
130.960434
131.399658
131.471085
131.910309
132.349518
132.349518
132.717300
133.963516
133.595734
134.474152
134.913376
134.984802
135.352585
135.056229
135.056229
135.352585
134.474152
134.259888
133.606384
132.656525
132.585114
132.881470
130.521225
130.521225
130.521225
130.960434
131.031860
131.471085
131.031860
131.471085
132.278076
132.788727
133.156509
134.034943
134.106369
134.984802
134.545578
135.056229
134.617020
135.424011
134.545593
133.892090
133.677811
132.656525
132.585114
132.585114
130.082001
130.082001
130.449799
130.153427
130.592651
130.592651
130.664078
130.664078
131.471085
132.349518
132.349518
133.227936
133.738571
134.177795
134.177795
134.688446
134.688431
135.056213
134.545593
133.452881
133.238602
132.288742
131.778107
132.145889
130.521225
130.521225
130.521225
130.521225
130.224869
130.592651
130.592651
130.224869
131.471085
131.910294
132.420929
133.227936
133.299377
133.810013
133.809998
134.249222
134.249222
134.249222
134.106369
133.085083
133.310028
132.217316
131.849533
132.145889
131.256805
131.696014
131.328232
131.328232
130.960449
130.960434
130.960434
130.960434
131.838867
132.278091
132.349503
132.788727
133.299362
133.810013
133.809998
134.249222
134.249222
133.809998
134.106369
132.645874
132.431595
131.849533
131.042526
131.778107
133.381454
132.942245
132.942230
132.503021
132.574448
132.206665
132.135239
132.135239
132.645874
132.645874
133.085083
133.156525
133.227951
133.738586
133.738586
133.738586
133.809998
133.738586
133.227936
132.645874
131.624588
131.042526
131.042526
130.971100
134.995468
135.434677
134.995453
134.556244
134.188446
133.749252
133.310028
133.381454
133.381454
133.381454
133.452881
133.524307
133.595734
134.034943
133.667160
133.738586
133.370789
133.227951
132.788727
132.135223
131.185379
130.603302
130.164093
130.531891
137.120102
137.120117
136.680893
136.609467
135.802460
135.363251
134.924042
134.924042
134.556259
134.117035
134.259888
134.259872
134.331314
134.402740
134.034943
134.034943
132.860153
133.227936
132.278076
131.328232
130.817581
130.603302
130.164093
130.092667
137.998535
138.069962
137.559326
137.487900
136.680893
136.241684
135.802460
135.802460
135.434677
134.995453
135.138321
135.138306
134.770523
134.402725
134.770523
134.034943
133.595734
133.156525
132.278091
132.063812
130.746155
130.603302
130.164093
130.092667
138.580612
138.580612
138.141388
138.437759
137.630753
137.191528
136.752319
136.752319
136.384537
135.945312
136.016739
136.016739
136.016739
135.720383
135.648941
135.209747
134.402740
133.892090
133.381454
132.431595
131.113953
131.410309
130.971100
130.899673
139.091248
139.162674
138.652023
138.652023
138.141388
138.212814
137.773605
137.773605
137.773590
137.334381
137.773605
137.334381
136.966599
136.895172
136.527374
136.016739
135.506104
134.627670
134.117035
133.606384
132.288742
131.849533
131.410309
131.338882
138.794876
138.866302
138.355667
138.355667
138.284241
138.723450
138.723450
138.355667
138.284241
138.284241
138.284241
138.355667
137.845032
137.405807
137.334381
136.823746
136.384521
135.873886
134.924026
134.045609
133.167175
132.656525
132.217316
132.288742
138.059311
138.130722
138.059311
138.059311
137.987885
137.987869
137.987885
137.987885
137.987869
137.987885
137.987869
137.987885
137.845032
137.845032
137.334381
137.262955
136.752319
136.241669
135.291824
134.852600
133.974182
133.463531
133.095749
133.095749
136.373871
136.445297
136.373871
136.373871
136.813080
136.813080
136.445297
136.373871
136.813080
136.741653
136.813080
137.180878
137.109451
137.038025
136.966599
136.895172
136.823746
136.752319
136.170258
135.731033
134.852600
134.413391
133.974182
133.902756
134.688431
134.688446
135.127655
134.392075
134.831284
134.831284
134.831299
134.831284
134.759872
135.199081
135.127640
135.934662
135.863235
135.863235
136.231018
136.895172
136.895172
137.191528
137.120117
136.241684
135.291824
135.291824
134.781189
134.781189
133.442215
133.442215
133.442215
133.145859
133.145859
133.217285
133.288712
133.288696
133.585068
133.513641
133.881424
134.688431
135.056213
135.056229
135.863235
136.527374
136.966599
137.262970
136.752319
136.680893
136.241669
135.731033
135.731033
135.659607
132.635208
132.635208
132.563782
132.267426
132.410278
132.410278
132.849487
132.481705
133.145859
132.778061
133.145859
133.952850
134.688431
135.056229
135.424011
136.159592
137.038025
137.702179
137.191528
136.752319
136.680893
136.170258
135.731033
135.659607
132.563782
132.563782
132.195999
131.899628
131.971069
132.042480
132.113907
132.042496
132.706635
132.778061
133.074432
133.881424
134.320648
134.617004
135.056213
136.159592
136.966599
137.702179
137.262955
136.752319
136.680893
136.609467
136.170258
135.659607
