142.165741
142.165741
141.726532
140.848099
140.266037
138.580597
137.702179
136.823746
136.016739
134.841949
134.474152
134.177795
134.177795
134.617004
135.127640
135.127655
135.495438
135.863235
136.159592
135.802460
134.709763
134.495483
134.424057
133.984833
142.819244
142.012238
141.501587
141.062378
140.480316
139.091248
138.212814
137.038025
136.231018
135.424011
135.056229
134.688446
134.249222
135.127655
135.566864
135.566864
135.934662
136.373871
136.231018
135.434677
135.148972
134.495483
134.424057
133.913406
142.880005
142.440796
141.930145
141.419510
140.908875
139.959015
138.641373
138.202148
137.323730
136.516724
136.516724
135.781143
136.148941
136.588150
137.027359
137.027359
136.955933
137.252304
136.741653
135.873886
135.148972
134.495483
133.984833
133.913406
143.226471
142.858688
142.348053
142.205200
142.062347
140.601837
140.530426
140.019775
139.141357
138.630707
138.630707
138.191498
138.487854
138.927063
139.294861
138.855652
138.784225
138.641373
138.059311
136.752319
135.516754
134.424057
133.913406
133.402771
143.858643
143.490860
143.276581
143.572937
142.990875
142.776596
142.194534
141.612473
141.541046
141.398193
141.694550
141.623123
141.848068
141.848068
141.705215
141.633789
141.051727
140.541077
139.080582
137.702179
135.955978
134.352631
133.402771
133.699127
144.123032
144.123032
144.419403
144.205109
143.990829
144.072937
143.562286
144.155014
143.572937
143.797882
144.390610
144.319183
144.544128
144.840485
144.626205
144.115570
143.165710
142.512222
140.908875
139.091248
136.538040
134.863266
133.770554
133.699127
144.908707
144.908707
144.765869
144.990799
144.776520
144.858612
144.715759
144.940689
144.797852
144.951355
145.983292
145.840439
146.065384
146.361740
145.708252
145.933197
144.911911
144.258423
142.215851
140.326797
138.069962
136.323761
135.231049
135.088196
144.815964
145.183762
144.673111
145.337265
145.122986
145.205078
144.765869
144.990799
145.583527
145.440674
146.033401
146.329758
146.554703
147.218857
147.004578
146.718872
146.433167
145.340454
144.472687
142.951431
140.183945
138.069962
137.345047
137.202194
145.019592
144.948151
144.948151
145.101669
145.030243
145.112335
145.040909
145.337265
145.265839
145.929993
146.154938
146.012085
146.237015
146.901169
146.686890
147.575989
147.729492
147.372375
146.433167
144.840485
142.440796
140.694595
140.337463
140.194611
145.080353
145.376709
145.008926
145.233856
145.530228
145.315948
144.876740
145.173096
145.540894
145.469452
145.694397
145.694397
145.847900
146.512054
147.104782
147.993881
148.954391
148.454407
148.322220
146.729538
144.697632
143.247787
142.890671
142.308594
144.855408
144.783997
145.223206
145.080353
145.008926
145.233871
144.794647
145.162445
145.530228
145.091019
145.387375
145.387375
145.612305
146.276459
147.236984
148.197495
149.525803
149.393616
149.261414
147.965088
145.861755
144.411926
143.983368
143.769104
144.783997
144.783997
144.783997
144.712555
145.008926
144.866074
144.498276
144.498276
144.866074
144.937500
144.794647
145.233856
145.458801
145.826599
146.787109
147.379837
149.515137
149.454376
149.689972
148.250793
146.076035
145.361786
144.933228
144.718948
144.569702
144.201920
144.201920
144.569702
144.498291
144.426865
144.059067
144.426865
144.498291
144.498291
144.426865
144.130493
144.866074
145.601654
146.194382
146.858521
148.554626
148.933075
149.536453
148.536499
146.586685
145.433212
145.372437
144.790375
144.355438
144.355438
143.987640
143.987640
143.987640
143.987640
143.987640
144.059082
143.987640
144.059082
144.059082
144.130493
144.130493
144.937500
145.601654
146.265808
147.961899
148.779556
149.311523
148.240143
146.729523
145.504639
145.004654
145.229584
143.916229
143.916229
143.916229
143.916229
143.916229
143.916229
143.916229
143.987640
143.619858
143.691284
143.691284
143.762711
143.834137
144.201920
145.305298
145.969437
147.736954
148.554626
149.086594
147.575989
146.872391
146.015274
145.883087
145.229584
143.405579
143.405579
143.405579
143.405579
143.405579
143.405579
143.405579
143.477005
143.109222
143.180634
143.252075
143.323486
143.762695
144.201920
144.498291
146.040863
147.369171
148.186829
148.718796
147.647415
146.872391
145.943848
145.515289
145.668808
143.701935
143.701935
143.701935
143.701935
143.701935
143.773361
143.773361
143.844788
143.476990
143.180634
142.812851
143.691284
143.762695
144.201920
144.426865
145.601654
147.369171
147.747620
148.279572
147.647400
146.872391
146.383057
145.515289
145.668808
143.630508
143.630508
143.630508
143.630508
143.630508
143.701935
143.701935
143.334152
143.405579
143.109222
142.741425
143.180634
143.252060
143.691284
143.987640
145.530228
146.929962
147.379837
148.350998
147.351044
146.576019
146.158127
145.729568
145.443863
143.630508
143.630508
143.630508
143.630508
143.630508
143.701935
143.701935
143.334152
143.405579
143.109222
142.741425
143.180634
143.252060
143.691284
143.987640
145.091003
146.194366
147.012039
147.686859
147.197540
146.565353
146.515259
146.158127
146.311646
143.998306
143.998306
143.998306
143.630508
143.630508
143.701935
143.773361
143.405579
143.476990
143.180634
142.812851
143.252075
143.252075
143.691284
143.548431
144.723221
145.458801
146.347900
147.165558
147.258301
147.208191
147.372375
147.454453
147.679382
143.559082
143.559082
143.559082
143.559082
144.069733
143.773361
143.773361
143.844788
143.619858
143.762711
143.762711
143.323486
143.323486
143.252075
143.548431
144.426865
144.723221
145.387375
146.644257
147.319061
147.922455
148.229477
148.382996
149.047134
143.926880
143.926880
143.926880
143.559082
144.069733
143.773361
143.844788
143.916214
143.691284
143.834137
143.834137
143.394913
143.323486
143.252075
143.548431
143.987640
144.355438
145.091019
145.683746
146.869186
148.493866
149.311523
149.465042
150.200607
143.926880
143.926880
143.926880
143.559082
144.069733
143.773361
143.844788
143.916214
143.691284
143.834137
143.834137
143.394913
143.323486
143.252075
143.548431
143.619858
143.619858
144.723221
145.387375
147.083466
148.779556
149.668655
149.965027
150.629166
143.926880
143.926880
143.926880
143.559082
144.069733
143.773361
143.844788
143.916214
143.691284
143.834137
143.834137
143.394913
143.323486
143.252075
143.548431
143.252060
143.619858
144.794647
145.458801
146.787109
148.922409
149.811493
150.107864
151.282654
