142.583649
142.880005
143.247803
143.401306
144.065460
143.922607
144.433243
144.718948
144.922577
144.983337
145.186951
145.533417
145.951324
146.522720
146.808426
147.829697
148.422440
148.504517
147.861694
145.840454
143.522842
141.787292
140.408890
140.194611
142.726486
143.462067
143.829865
143.176376
143.840515
144.065460
144.136887
145.229584
144.922577
144.983337
145.115524
145.461990
145.369247
146.379868
146.594147
147.544006
148.208160
148.361664
147.718842
145.769028
143.083618
141.787292
140.480316
139.755402
143.226471
143.083618
143.451416
143.676346
144.269073
144.054794
144.422592
145.076080
144.993988
144.983337
145.044098
145.247711
145.890549
146.022736
146.165588
147.115448
147.851028
148.004532
146.993912
145.115524
142.940765
141.276657
139.673309
139.755402
143.205154
143.869308
143.869308
144.022827
144.104904
144.626205
144.922562
145.361786
145.136841
144.840485
145.126190
145.186951
145.247711
145.604843
145.747696
146.258331
146.626129
147.290283
145.983292
143.879974
141.919495
140.030441
138.794876
138.580597
144.205109
144.133698
144.430054
144.144348
144.594223
145.044098
144.829819
145.422546
144.911911
144.840485
144.472687
144.615540
144.462036
144.308517
144.308517
145.258377
145.626160
145.993958
145.197601
142.940765
140.387573
138.712799
137.548660
137.477234
144.837280
144.765869
144.183792
145.144318
145.154968
145.094208
145.544083
145.115524
144.758392
144.472687
144.329834
143.819199
144.258423
143.451416
143.451416
143.890625
144.329849
145.136841
144.115570
142.072998
139.294861
137.691513
136.741653
136.670227
144.969482
144.898056
144.387421
144.908707
145.358582
145.737030
145.379913
145.247711
145.258377
144.462036
144.247757
143.962051
143.819199
142.940765
143.237137
143.604919
144.044144
144.340500
143.319214
140.980301
139.080582
137.180878
136.231018
136.159592
144.887390
145.255188
144.673111
145.337265
144.980133
145.062225
145.144318
145.154968
144.726410
144.440720
144.522797
143.797882
143.512177
142.858688
143.012192
143.308563
143.604919
143.829865
142.737152
140.766022
138.794876
136.895172
135.945312
135.873886
145.030243
144.662445
144.958817
145.183762
145.040909
145.194427
144.980133
144.694427
144.847946
144.123032
144.276535
143.919403
143.490860
143.572937
143.144394
143.297897
143.379990
143.533493
142.226517
140.255371
138.141388
136.609467
135.659607
135.516754
144.733887
144.805313
145.030243
144.662460
144.887390
144.744553
144.673126
144.162476
144.387421
144.173141
144.326645
144.337311
143.908752
143.847992
143.419434
143.430084
143.369324
142.940765
142.001572
140.326797
138.580597
136.977249
135.955978
135.813126
144.876724
144.948166
144.805313
144.805313
144.294662
144.223251
144.223251
143.712601
144.008972
143.937546
144.091049
144.101715
144.183792
143.683807
144.062256
144.001495
143.501511
143.440750
142.501556
140.683929
138.937729
138.141388
137.120102
136.977249
144.948166
145.019577
144.508942
144.069733
143.926880
143.559082
143.487671
143.119873
143.855453
143.855453
144.080383
144.233902
144.387421
144.908722
144.919373
144.858612
144.726410
143.858643
143.358673
141.908829
140.530426
139.662643
139.009155
138.498520
144.580368
144.212585
144.141159
144.069733
143.191299
143.119873
143.119873
142.752075
143.559082
143.191299
144.366089
144.294662
145.030243
145.255188
145.408691
145.419357
145.358582
144.858612
144.358627
143.276581
142.265961
141.398193
140.816116
140.601837
144.212585
144.212585
144.212585
143.773361
143.262726
142.752090
142.752090
142.823517
142.823517
142.894943
143.773361
144.651794
145.530228
145.898026
146.562164
146.205032
146.583496
146.154938
145.287170
144.644333
143.633713
143.572937
142.990875
142.848022
144.355438
144.355438
144.355438
143.844788
143.334152
143.262726
143.262726
142.966370
142.966370
143.037796
143.477005
144.426865
145.744507
146.255142
146.112289
146.265808
146.715683
146.358551
145.929993
145.358582
145.226395
144.430054
144.583557
144.440720
144.498276
144.498276
144.498276
144.355438
143.916214
143.844788
143.773376
143.037781
142.966370
142.598572
143.109222
144.059067
145.376724
145.815933
146.255142
146.040863
146.122955
146.276459
145.990768
145.929993
145.940643
145.583527
145.440674
145.737045
145.151779
144.712555
144.712555
144.569702
144.498276
144.355438
144.284012
143.916214
143.405579
143.037796
143.109222
143.548431
144.866074
145.305283
145.673080
146.040863
145.826584
146.051529
146.276459
146.429977
146.215698
146.369217
146.665573
147.033371
145.294632
145.223206
145.223206
145.080353
145.448135
145.305283
145.162430
144.355438
143.844788
142.966370
142.598572
143.477005
144.284012
144.723221
144.723221
145.162445
145.458801
145.387375
146.122955
146.787109
146.787109
147.012054
147.308411
147.747620
145.294632
145.294632
145.294632
145.151779
145.590988
145.448135
145.305283
144.866074
144.355438
143.476990
143.476990
143.916214
144.283997
144.723221
144.283997
144.723221
145.162445
145.091019
145.898026
146.633591
147.072800
147.369171
147.808380
148.104752
145.590988
145.662415
145.662415
145.590988
146.030212
145.958786
145.815933
145.448135
144.937500
143.619858
143.619858
143.987640
144.355438
144.723221
144.283997
144.723221
144.355438
144.794647
145.162445
145.969437
147.144241
147.072815
147.512024
148.319031
145.519562
145.590988
145.662415
145.590988
146.030212
146.397995
146.397995
145.958786
145.448151
144.641144
144.498291
144.426865
144.794647
144.355438
144.283997
143.916214
144.355438
144.794647
144.723221
145.530228
146.337234
147.072800
147.512024
147.512024
145.815933
145.887360
145.958786
145.958786
146.469421
146.540833
146.469421
146.469421
145.958786
145.519577
145.376724
144.866074
144.866074
144.355438
144.212585
143.844788
143.916214
144.355438
144.355438
145.530228
146.705017
147.072815
147.440598
147.440598
145.815933
145.887360
145.958786
145.958786
146.469421
146.540833
146.540833
146.540833
146.101624
145.662415
145.448151
144.937500
144.866074
144.355438
144.212585
143.844788
143.916214
144.355438
144.355438
145.091003
146.265808
147.072815
147.072815
147.072815
145.815933
145.887360
145.958786
145.958786
146.469421
146.612274
146.612274
146.612274
146.469421
146.030212
145.887360
145.376724
144.937500
144.355438
144.212585
143.405579
143.476990
144.355438
144.355438
145.091003
146.265808
147.072815
147.072815
147.072815
