145.091003
145.091003
145.091003
145.019577
145.458801
145.019592
145.019592
144.723221
145.162430
144.794647
144.723221
144.283997
143.773361
143.048447
142.762741
141.894974
140.587997
140.016586
139.445190
138.659500
137.945236
137.006042
136.720337
137.016693
145.091003
145.091003
145.091003
145.019577
145.458801
145.019592
145.019592
144.723221
145.162430
144.794647
144.723221
144.283997
143.773361
143.119873
142.834167
141.894974
140.587997
140.088013
139.516617
138.730927
138.088089
137.516678
137.230988
137.088135
145.091003
145.091003
145.091003
145.019577
145.458801
145.019592
145.019592
144.723221
145.162430
144.794647
144.723221
144.283997
143.773361
143.119873
142.905594
142.037827
140.730850
140.230865
139.659454
138.945190
138.302353
137.730957
137.445267
137.670197
144.723221
144.723221
144.723221
145.019577
145.458801
145.091019
145.091019
145.091019
145.530228
145.162430
145.162430
144.723221
144.212585
143.559082
143.344803
142.548462
140.945129
140.516571
139.945160
139.230896
138.955856
138.016663
138.098755
137.955902
145.091019
145.091019
145.091019
145.091019
145.162445
145.458801
145.458801
145.162445
145.162445
145.162445
145.091019
145.162445
144.651794
144.069733
143.855453
142.762741
141.598618
141.241486
140.302292
140.027252
139.312988
139.180786
138.455872
138.313019
144.723221
144.723221
144.723221
145.091019
145.162445
145.530228
145.530228
145.530228
145.530228
145.530228
145.530228
145.530228
145.019592
144.508942
144.366089
143.344803
142.252106
141.598618
141.098633
140.384369
139.812973
139.680771
139.323639
139.180786
144.723221
144.723221
144.723221
145.091019
145.162445
145.530228
145.530228
145.530228
145.530228
145.530228
145.530228
145.530228
145.019592
144.651794
144.508942
143.487656
142.537811
141.884323
141.384338
141.180725
140.537888
140.109329
139.752197
139.609360
144.723221
144.723221
144.723221
145.091019
145.162445
145.530228
145.530228
145.530228
145.530228
145.458801
145.458801
145.458801
145.019592
145.019592
144.948151
143.630524
142.680664
142.098587
141.670044
141.537842
141.405655
140.905670
140.619965
140.548538
144.723221
144.723221
144.723221
144.794647
144.723221
144.794647
144.794647
145.091003
145.019577
145.019577
145.019577
145.458801
145.458801
145.091019
145.019592
144.212585
143.262726
142.752090
142.394958
141.455765
141.762787
141.405655
141.191376
140.680740
144.723221
144.723221
144.723221
144.794647
144.723221
144.794647
144.794647
144.723221
145.019577
144.948151
144.948151
145.019577
145.091003
145.091003
145.091003
144.284012
143.405579
142.894928
142.609238
142.180679
141.752121
141.834213
141.619934
141.548508
144.723221
144.723221
144.723221
144.794647
144.723221
144.794647
144.794647
144.723221
145.019577
144.948151
144.948151
145.019577
145.091003
145.162430
145.162430
144.426865
143.548431
143.037781
142.823517
142.466385
142.477036
142.191345
142.048492
141.977066
144.723221
144.723221
144.723221
144.794647
144.723221
144.794647
144.794647
144.723221
144.651794
144.508942
144.508942
144.651794
145.091003
145.233856
145.233856
144.355438
143.916214
143.037781
142.894928
143.048447
143.130539
142.477051
142.405624
142.334198
144.723221
144.723221
144.723221
144.355438
144.426865
144.059067
143.987640
143.916214
144.141159
144.069733
144.069733
144.212585
145.091003
145.233856
145.233856
144.426865
143.987640
143.405579
143.334152
143.191299
142.977020
142.691330
142.691330
142.619904
144.723221
144.723221
144.723221
144.355438
144.355438
143.987640
143.987640
143.916214
143.773361
143.701935
143.701935
143.844788
144.723221
144.866074
144.866074
144.426865
143.987640
143.477005
143.405579
143.262726
143.119873
142.977020
142.977020
142.905594
144.580383
144.580383
144.580383
144.212585
144.284012
143.987640
143.987640
143.916214
143.773361
143.701935
143.701935
143.844788
144.723221
144.866074
144.866074
144.426865
143.987640
143.477005
143.477005
143.405579
143.262726
143.119873
143.119873
143.048447
144.366089
144.366089
144.366089
143.630524
143.773361
143.844788
143.916214
143.844788
143.773361
143.701935
143.773361
143.916214
144.426865
144.569717
144.569717
144.130493
144.059067
143.987640
143.987640
143.916214
143.334152
143.262726
143.262726
143.191299
143.273392
143.273392
143.344818
143.487671
143.559082
143.334152
143.405579
143.405579
143.405579
143.405579
143.477005
143.548431
144.059067
144.201920
144.201920
144.201920
144.201920
144.059067
143.987640
143.619858
143.844788
143.773361
143.773361
143.773361
142.548477
142.548477
142.619904
142.834167
142.977020
143.191299
143.334152
143.334152
143.334152
143.405579
143.477005
143.548431
143.691284
143.834137
143.834137
143.834137
144.201920
144.130493
144.130493
144.059067
143.916214
143.844788
143.844788
143.844788
142.119919
142.191345
142.262772
142.477036
142.691315
142.977020
143.191299
143.191299
143.262726
143.405579
143.477005
143.548431
143.691284
143.834137
143.834137
143.834137
144.201920
144.130493
144.130493
144.059067
143.916214
143.844788
143.844788
143.844788
141.109299
141.180725
141.323578
141.680695
141.966400
142.323532
142.537811
143.048447
143.191299
143.262726
143.405579
143.916214
143.619858
143.691284
143.691284
143.691284
144.059067
144.498291
144.498291
144.426865
143.916214
143.844788
143.844788
143.844788
140.170090
140.312943
140.455795
140.812927
141.609268
141.670029
141.955734
142.098587
142.680664
143.262726
143.334152
143.405579
143.916214
144.059067
144.059067
144.059067
144.059067
143.987640
143.987640
143.987640
143.916214
143.916214
143.916214
143.916214
139.741547
139.884399
140.098663
140.088013
140.955780
141.016556
141.373672
142.027161
142.537811
143.119873
143.262726
143.773376
143.844788
143.916214
143.916214
143.916214
143.916214
143.916214
143.916214
143.916214
143.844788
143.844788
143.844788
143.844788
139.455841
139.598694
139.884399
139.873734
140.812927
140.873703
141.230820
141.955734
142.537811
143.119873
143.262726
143.773376
143.844788
143.916214
143.916214
143.916214
143.916214
143.916214
143.916214
143.916214
143.844788
143.844788
143.844788
143.844788
139.384415
139.527267
139.741547
139.730881
140.741501
140.873703
141.230820
141.884308
142.466385
143.048447
143.262726
143.773376
143.844788
143.844788
143.844788
143.844788
143.844788
143.916214
143.916214
143.916214
143.844788
143.844788
143.844788
143.844788
