144.937500
145.376709
145.815918
145.590988
146.173065
147.122910
147.265762
147.847839
148.654831
149.901047
149.461838
148.072769
146.683701
144.926849
144.416199
144.487625
144.119843
144.119827
145.008926
146.122955
146.869186
147.615433
148.136734
148.872299
144.794647
145.233856
146.112289
145.448151
146.540848
147.122910
147.633560
148.215622
148.654831
149.461838
149.022629
148.072769
146.683701
145.366058
144.855408
144.926834
144.559052
144.926834
145.080353
146.122955
147.165558
147.544006
148.504517
148.800873
145.315948
145.387375
146.337234
145.744507
146.837219
147.122910
148.072769
148.215622
148.654831
149.022614
148.583405
148.072769
146.683701
145.805267
145.294632
145.366058
144.998260
145.294632
145.815933
146.490738
147.533340
148.208160
148.729462
149.025818
145.326614
145.837250
146.787109
146.705017
147.501358
147.858490
148.072769
148.583405
148.583405
148.951187
148.511978
148.072769
147.194336
145.948120
146.244476
146.315903
146.315918
146.612274
146.694351
147.665527
148.126068
148.800873
148.882965
149.179321
146.001419
146.512054
146.726334
147.083466
148.094086
148.665497
148.879776
148.951187
148.879776
148.001343
147.633545
148.001343
147.265762
146.826553
147.265762
147.704987
147.704987
147.929916
148.747589
149.136688
149.158020
149.322174
149.332840
149.557785
146.165588
146.237015
146.961929
147.901123
148.686813
149.329636
149.686768
149.318985
148.369125
147.929916
147.490707
148.001343
148.144196
147.776398
148.583405
149.022614
149.022629
149.615356
149.554581
149.872269
149.679306
150.211273
149.782715
149.936234
146.329758
146.472626
146.829742
147.472580
149.136688
149.850952
149.840286
149.911713
148.736923
147.858490
147.490707
148.001343
148.583405
148.654831
149.461853
149.901062
150.197418
150.350937
150.657959
150.536423
149.832825
149.925568
149.568436
149.721954
146.054718
146.197571
146.993912
147.268951
148.636703
149.933029
149.993805
149.329651
148.594070
148.297699
148.001343
148.951187
149.533264
149.604691
150.411697
150.411697
151.075851
151.157928
151.025742
150.393570
150.129181
149.782715
148.914948
149.068451
145.779678
145.554749
146.351089
147.065338
148.433090
149.433044
149.636673
149.554596
148.890442
149.176132
148.879776
149.461838
150.043900
150.115326
151.290131
151.218704
151.443634
151.015076
151.250671
150.618515
149.547119
148.761429
148.332886
148.557816
145.208267
145.351120
145.779678
146.933151
147.933121
148.861649
149.575897
149.636673
149.115356
149.543930
149.686768
150.340271
150.779480
151.147263
151.586487
151.372208
151.525711
151.097168
150.525757
149.525803
148.893616
148.107941
147.679382
147.465118
144.851135
144.993988
144.983337
146.504593
147.361710
148.361664
149.004501
149.136688
149.636673
150.136642
150.279495
150.790146
151.157928
151.454300
151.822083
151.240021
150.954315
150.525757
149.586563
149.025818
147.515228
146.872375
146.515259
146.229553
143.829865
144.340500
144.626205
145.708252
145.983292
147.279617
147.922455
148.933075
149.575897
150.515106
151.025742
151.832748
152.057678
151.771973
152.068344
151.047058
149.882935
149.086578
148.147385
146.554703
145.626160
144.615540
144.258423
143.676346
143.319214
143.829865
143.676346
144.911911
145.044098
146.493927
147.575989
148.658035
149.372284
151.118484
152.068344
152.293274
152.303940
152.314606
151.221893
150.568405
149.036484
147.504547
146.197571
144.747742
143.226471
142.726486
142.001572
141.490936
143.022858
143.533493
143.676346
143.962051
144.247757
145.554749
146.493942
148.015198
149.536469
150.914871
151.864731
151.875381
152.182404
151.682434
150.886078
149.425583
147.525879
145.554733
144.390610
142.644409
141.705215
140.469650
140.255371
139.744736
142.644409
143.083618
143.155045
144.033478
144.104904
145.197617
145.993958
147.443787
148.893631
150.639816
151.446838
151.457489
151.325302
150.314682
149.221970
147.761475
145.861755
144.033478
142.430130
140.387573
140.030441
139.234100
138.652023
137.773590
143.062302
143.797882
143.797882
144.022827
144.247757
144.983337
145.933182
146.361740
147.740158
148.904282
149.639862
149.282730
148.414963
147.843567
146.822281
145.361786
143.972717
142.215851
140.755356
139.152008
138.427094
137.702179
137.559326
137.120102
143.623047
143.919403
144.215775
144.226440
144.462036
144.472687
145.647491
145.790344
146.076050
147.025894
147.322266
146.668762
145.872421
144.636871
144.054794
143.176361
141.419510
140.173294
139.152008
138.427094
137.334381
136.241684
136.170258
135.659607
144.255219
144.847946
144.562256
144.869263
144.890594
144.615540
145.065414
144.993988
145.433212
145.433212
145.290359
144.197647
143.104950
141.940811
140.990952
140.623169
139.816162
139.009155
137.691513
137.109451
136.384537
135.363251
135.220398
135.220398
144.601700
144.755188
144.837296
145.072876
145.390564
145.044098
145.279694
144.993988
144.340500
144.126221
143.840515
142.819244
140.990952
139.898254
139.530457
138.723465
137.987869
137.691513
136.813080
136.159592
135.138306
134.117020
133.974182
134.413391
145.683746
145.101685
145.112335
145.419357
145.369247
145.461990
145.115524
144.544128
144.411926
143.472733
142.747818
141.287323
139.459030
138.580597
137.773605
137.477234
137.180878
136.588150
135.709717
135.495438
134.841949
133.820663
133.749237
133.749237
145.815933
145.673080
145.755157
145.694397
145.787140
145.951309
145.165634
144.308517
143.819199
142.594299
141.726532
140.705246
138.580597
137.334381
136.598801
136.373871
135.781143
135.923996
135.484772
134.902710
133.881439
133.227936
132.717300
133.085083
146.540848
145.662415
145.744507
146.194382
146.429977
145.858566
145.369247
144.737076
143.594269
142.226517
141.655106
140.194611
137.630753
136.966599
135.424011
135.199081
135.045563
135.331268
134.820633
134.238571
133.217285
133.003006
132.053146
132.860153
146.458771
145.948120
145.662415
145.673080
146.419312
145.847900
145.287170
144.512146
143.665695
141.787292
141.144470
139.683975
137.559326
136.527390
134.984802
135.199081
135.116989
134.595688
134.524261
133.942200
133.360138
132.635208
132.124573
132.563782
146.530182
146.019547
146.173065
145.815918
146.562164
146.429977
145.430008
144.583557
143.737122
142.155090
140.705246
139.244751
137.191528
136.088165
134.984802
134.392075
134.749207
134.595688
134.963486
133.942200
132.920914
132.267426
131.756775
132.124573
