133.463531
133.463531
132.585098
132.513687
131.267456
130.317612
129.582031
129.214233
128.550079
128.253723
128.621521
129.571365
130.010590
130.889008
131.767441
132.206665
133.156509
134.034943
134.913376
135.424011
135.934647
136.006088
136.813080
137.252304
133.831329
133.831329
132.952896
132.513687
131.267456
130.317612
129.582031
129.214233
128.917877
128.621506
128.621521
129.499939
130.010590
131.256805
131.767441
132.206665
133.156509
133.963516
134.474167
134.984802
136.302444
135.934662
136.813080
137.252289
133.831329
133.831329
132.952896
132.513687
131.267456
130.317612
129.582031
129.214233
128.917877
128.989304
128.621521
129.428513
129.939163
131.185379
131.624588
132.135239
133.013657
133.963516
134.474152
134.984802
135.424011
135.495438
136.302444
136.813080
133.617050
133.617050
133.249252
132.442261
131.196030
130.389038
129.653458
129.653458
129.214233
128.917877
128.917877
130.164093
130.235519
131.481735
131.553162
132.063812
132.574448
133.381439
133.524307
134.034943
134.913376
135.056229
135.056229
135.424011
133.841980
133.913406
133.034973
132.299408
131.563828
130.756821
129.724884
129.582031
129.142807
129.142807
130.021240
130.389038
130.460464
131.338882
131.778107
132.288742
132.360168
132.870804
133.013657
133.524307
133.595734
134.106369
133.738586
134.106369
134.577560
134.209778
133.841980
132.667191
131.931610
130.828247
130.092667
129.949814
129.878387
129.878387
130.317612
130.685394
130.756821
131.196030
131.635254
132.145889
132.217316
132.288742
132.431595
132.574448
132.645874
132.788727
132.788727
132.788727
135.895203
135.527420
135.159622
133.545624
132.810043
130.828247
130.092667
129.949814
129.806961
129.735535
130.174759
130.981766
130.613968
131.053192
131.931610
132.442261
132.074463
132.145905
132.288742
132.063812
132.503021
132.645874
132.278091
132.717300
138.305557
137.866348
137.427124
135.813126
134.127686
132.003036
130.828247
130.246185
130.174759
130.103333
130.103333
130.399689
130.910339
130.910339
131.788757
132.299408
132.370834
132.074463
132.656540
132.360168
132.431610
132.574448
132.574448
132.206665
141.962128
141.083694
139.837479
138.009201
135.445328
132.881470
131.124603
130.613968
130.103333
129.664108
130.031906
130.328262
130.767487
131.135269
132.085129
132.156555
132.667191
132.810043
132.881470
132.656540
132.799393
132.503021
132.942230
132.503021
144.883118
144.443909
142.687042
140.348114
136.762970
133.688477
131.860184
130.910339
130.103333
130.031906
129.592682
130.328262
130.696060
131.063843
131.942276
132.524338
133.034988
133.249268
133.617050
133.392105
133.463531
132.799377
132.799393
132.870819
147.946960
147.364899
145.608047
142.390686
138.223480
134.566895
132.738617
130.910339
130.103333
129.664108
129.592682
129.889053
130.696060
131.063843
131.574478
132.452911
132.963562
133.106415
133.545624
133.759903
133.463531
133.534958
133.606384
133.606384
151.960663
151.010803
149.039673
144.943878
140.194611
135.516754
132.810043
130.981766
130.174759
129.367752
129.224899
129.153473
129.960480
130.256836
131.574478
131.645905
132.595764
132.738617
133.617050
133.759903
134.270538
134.781189
134.852615
134.852600
155.238785
154.585297
151.735733
147.497086
141.797958
136.609467
133.320679
131.492401
129.878387
128.999954
128.928543
128.857117
129.664108
129.592682
130.838913
131.278122
132.227982
132.738617
133.545624
134.566910
135.516754
135.955978
136.098831
136.466614
157.863419
156.842133
153.992569
149.611084
143.329880
137.559326
133.831329
131.563828
129.582031
128.703598
128.999969
128.632172
129.735535
129.664108
130.103333
130.542542
131.420975
132.667191
133.177826
134.566910
136.323761
136.834412
137.345047
137.345047
158.659760
157.638489
154.717484
149.457565
143.544159
137.702179
133.974182
131.706680
130.092667
129.582031
129.510605
129.071381
129.439178
129.296326
129.367752
130.174759
131.053192
131.860184
132.738617
134.566895
135.884552
137.202194
138.152054
137.712830
157.484970
156.463684
153.542694
148.721985
143.319214
137.477234
134.117035
132.656525
131.410309
131.338882
130.460464
129.510605
129.510605
129.071381
129.071381
129.806961
130.613968
131.492401
132.738617
134.127686
135.884552
137.202194
137.345047
137.712830
154.921112
153.971252
151.489471
147.547195
142.144424
137.252289
134.699097
133.238602
132.360168
133.024323
131.778107
130.460464
130.021240
129.142807
129.142807
129.071381
129.806961
131.124603
131.931610
133.688477
135.077545
136.834412
136.977264
136.905838
152.285812
150.968170
148.925613
145.422546
140.969635
136.884506
134.841949
133.749237
133.606384
134.413391
133.095749
131.778107
130.164093
129.285660
128.775024
128.703598
129.439178
130.685394
131.124603
133.249252
134.270538
135.588181
136.098831
136.466614
149.946899
148.629242
146.729538
143.594269
139.651993
136.077515
134.034943
133.820663
134.556244
135.363251
133.974182
132.288742
131.042526
129.724884
128.917877
128.775024
129.439178
130.317612
130.756821
132.881470
133.392105
135.148972
135.731033
135.659607
146.586685
145.708252
144.176331
141.255341
137.752274
134.759857
133.595734
133.452881
134.627670
135.434677
134.556244
133.238602
131.553162
130.164093
129.357086
128.775024
129.510605
129.878387
130.246185
131.635254
132.585114
133.902756
134.413391
134.413391
143.665680
142.715836
141.255341
138.844986
136.220367
133.370789
132.349503
133.013657
134.699097
135.577530
135.066879
134.188461
132.503021
130.674728
129.796310
129.214233
129.142807
129.878387
130.246185
131.196045
131.706680
133.024323
133.606384
133.534958
141.255341
140.673279
138.916412
137.384491
134.831299
132.349503
131.838867
133.085098
134.770523
135.648956
135.648956
134.627670
132.503021
131.553162
130.235519
129.653458
129.142807
129.439178
129.806961
130.317612
131.267456
131.778107
132.656525
133.095749
139.794846
138.844986
137.823715
135.995422
133.881439
131.471085
131.399658
132.278091
134.770523
135.648956
135.720383
134.699097
132.942230
131.553162
130.235519
129.653458
129.142807
129.439178
129.806961
130.317612
131.267456
131.778107
132.656525
132.656525
138.916412
138.702133
137.313065
135.484772
133.809998
131.471085
130.960449
132.206650
135.209747
135.720383
136.088165
134.770523
133.013657
131.992371
130.674744
129.724884
129.142807
129.439178
129.367752
130.317612
130.899673
131.338882
132.217316
132.288742
