136.373871
136.445297
136.955933
138.487854
140.091217
141.623138
142.062347
141.041061
140.244720
140.398224
141.051727
143.972717
147.179413
150.457535
152.857224
154.664185
156.031937
156.449829
156.224899
155.132187
153.896637
151.854065
151.639786
151.200562
136.302444
136.006073
136.445297
138.487854
140.019775
141.551697
141.919495
141.337418
139.805496
139.959015
140.612503
143.533493
146.597336
149.507675
151.468155
153.714340
155.010651
156.164139
156.010620
154.917908
153.243134
151.639786
151.425507
150.986298
135.424011
135.495438
135.934662
137.905792
139.437714
141.041061
141.408859
140.826782
139.294861
139.448380
140.101868
142.144424
145.208267
147.975754
149.936234
152.039551
153.775101
154.857147
154.703644
154.050140
152.814575
151.211243
150.629166
150.189941
134.331299
134.402725
135.352585
136.884506
138.855652
140.755356
141.194565
140.173294
138.641373
137.987885
138.569946
140.173294
142.358704
144.615540
146.943802
148.975708
151.303970
152.825241
153.407303
152.386032
151.661102
150.129181
149.914917
149.547119
132.431595
133.381454
133.892090
135.791794
138.202148
140.030441
140.101868
138.641373
137.548660
136.527374
136.598801
137.395142
139.069916
140.816116
142.490891
145.258377
147.882996
149.700623
150.579056
150.507629
149.414932
148.690002
148.179367
148.179367
131.410309
132.288742
132.870804
134.699097
136.670227
138.937744
139.009155
137.620087
136.088165
135.066879
134.699097
134.545578
135.709717
136.873856
138.477203
141.541046
144.390610
146.872391
148.261459
147.750809
147.536530
146.883041
146.811615
146.004608
131.338882
132.217316
132.727966
134.627670
136.088165
137.916443
137.987869
136.527374
135.066879
133.238602
132.870804
132.645874
133.370789
134.831284
135.995422
138.844986
142.062347
144.472687
145.718918
145.718903
145.136841
144.554779
144.922577
144.554779
132.585098
132.656540
133.534958
134.924026
135.577530
136.966599
136.598801
135.138306
133.677811
131.849533
131.481735
131.624588
132.206650
133.227936
134.759857
137.027359
139.734070
141.705215
143.390640
143.390640
142.880005
142.369370
142.369370
142.001572
133.902756
133.974182
134.413391
134.852600
135.506104
136.016739
135.577530
133.820663
132.360168
130.531891
130.164093
130.603302
131.185379
132.503021
133.963516
135.791809
138.059296
139.448380
141.133804
140.398224
139.959015
139.887589
139.887589
139.080582
135.291824
135.291824
135.731033
135.363251
135.506104
135.506104
135.066879
133.310028
131.481735
129.724884
129.724884
130.164093
131.113953
132.360168
134.117035
135.066879
136.895172
137.773605
138.652039
138.284241
137.916443
137.916458
137.477234
137.109451
136.384521
136.313095
135.873886
136.313110
135.945312
135.506104
134.627670
132.870804
131.481735
129.796310
129.796310
130.603302
131.042526
132.431595
133.749237
134.556244
135.506104
136.384537
136.823746
136.384521
136.016739
135.945312
135.577530
135.648956
137.548660
137.477234
137.038025
136.966599
136.966599
136.527374
136.016739
134.259888
132.870804
131.185379
130.817581
131.696014
132.135223
133.013657
134.259888
134.331314
134.770523
135.209732
135.648956
135.209732
134.770523
134.259888
133.892090
133.524307
137.905792
138.273575
137.834366
138.130722
138.059296
137.916458
137.405807
136.088165
134.331299
132.645874
132.645874
133.156509
133.227936
134.177795
134.545578
134.617004
134.984802
134.617004
134.545578
133.738586
133.524292
133.085083
132.645874
132.278091
138.630707
138.559280
138.487854
138.784210
139.448380
138.866302
138.355667
137.477234
135.720383
134.474152
134.106369
134.617004
134.759857
135.199081
135.199081
135.270508
134.759857
134.392075
133.881439
132.563782
132.349503
132.278091
131.328232
131.399658
138.334351
138.630707
138.559280
138.927078
139.519806
139.673309
139.234100
138.284241
137.038025
135.791794
135.424011
135.934647
135.638290
136.148941
136.148941
135.341934
134.831284
133.585068
133.513641
132.563782
131.910294
131.399658
130.889023
130.889023
137.823700
138.120071
138.048645
138.416443
139.887589
139.673309
139.530457
139.091248
138.580597
137.405807
136.598801
137.109451
136.813080
136.955933
136.884506
135.709717
135.638290
134.320648
133.809998
132.860153
132.645874
131.696014
131.185379
131.185379
137.170212
137.170212
137.466568
138.273575
138.937729
139.601883
139.826828
139.826828
138.948395
138.509171
137.702179
137.845032
137.916443
137.691513
137.252304
136.813080
136.302444
134.688446
134.177795
133.085083
132.942230
131.992371
131.849533
131.481750
136.148941
136.516724
136.445297
137.252304
138.794876
139.530457
139.755386
140.123184
140.123184
138.805542
138.876968
138.876968
138.652023
138.427094
137.109451
137.109451
136.670242
135.352585
134.841949
133.820663
133.606400
133.095749
132.217316
132.217316
135.127655
135.934662
135.863235
136.670227
137.916458
139.459030
139.316177
139.683975
139.612549
139.173325
138.805542
138.805542
138.509171
138.284241
137.405807
136.966599
136.527374
135.648956
135.138306
134.188446
134.045609
133.095749
132.585098
132.585114
134.474167
134.841949
135.648956
136.088165
137.405807
138.141388
138.876968
139.244751
139.173325
138.294907
138.366318
138.366333
137.630753
137.702179
136.823746
136.384521
136.384521
135.138306
135.066895
134.995453
134.045609
133.974182
133.167175
133.534958
133.820663
134.188446
134.627670
135.577530
136.455963
137.630753
138.069962
138.366318
138.366333
137.487900
137.416473
137.048676
136.680893
136.752319
136.313095
135.873886
135.434677
135.066879
134.995453
134.995453
134.556244
134.117035
133.749237
134.117035
133.606384
133.677811
134.117020
134.627670
135.873886
136.752319
137.559326
137.998535
137.120102
137.048676
137.048676
136.170258
135.731033
136.609467
135.802460
135.291824
135.731033
134.924026
134.556244
134.995453
134.627670
134.556244
134.259888
134.188461
133.167175
133.606384
133.606384
134.484818
135.434677
136.313095
136.752319
137.120102
136.752319
136.609467
136.609467
135.731033
135.291824
136.170258
135.731033
135.220398
135.291824
134.924026
134.852600
134.995453
134.627670
134.627670
134.259872
134.699097
133.024323
133.534958
133.974182
134.045609
135.802460
136.313095
137.191528
137.559326
136.680893
136.170258
136.170258
135.731033
135.659607
136.098831
135.659607
135.220398
134.852600
134.852600
134.924026
134.995453
134.627670
134.699097
134.331299
134.331299
