137.038025
137.038025
137.109451
137.180878
137.762939
137.762939
137.691513
137.405807
136.680893
136.762970
135.884552
135.445328
135.588181
134.924026
135.506104
135.209732
135.424011
135.566864
135.781143
136.220352
137.098785
136.659576
137.170212
137.537994
137.038025
137.038025
137.038025
137.180878
137.691513
137.762939
137.691513
137.405807
136.609467
136.323761
135.884552
135.516754
135.588181
135.363251
135.506104
135.281158
135.863220
136.077499
136.148926
136.659576
137.098785
137.098785
137.537994
137.537994
137.038025
137.038025
136.966599
137.109451
137.620087
137.691513
137.548660
136.895172
136.538040
136.323761
135.884552
135.516754
135.731033
135.873886
136.016739
135.791809
136.006073
136.516724
136.659576
136.659576
137.537994
137.537994
137.537994
137.905792
137.038025
137.038025
136.966599
137.038025
137.109451
137.038025
136.966599
136.752319
136.027405
136.252335
135.813126
135.955978
136.609467
136.527374
136.670227
137.252289
137.466583
137.537994
137.609436
137.977219
137.977219
137.905792
137.834366
138.273575
137.038025
136.966599
136.966599
136.966599
136.455963
136.823746
136.680893
136.170258
135.516754
135.741699
135.884552
136.466614
136.823746
137.987869
138.130722
138.345001
138.998505
139.069931
139.069931
138.927078
138.784225
138.273590
138.641373
138.641373
137.038025
136.966599
136.895172
136.823746
135.873886
136.170258
136.098831
135.516754
135.006119
135.302475
135.445328
136.609467
137.773590
138.569946
138.784225
138.998505
140.019775
140.459000
140.458984
140.244720
139.223434
139.519806
138.937729
139.376953
136.895172
136.823746
136.752319
136.680893
135.731033
136.027405
135.516754
134.638321
134.495483
134.934692
135.006119
136.170258
137.038025
138.273575
138.927078
139.141342
140.091202
140.530426
140.898209
140.387558
140.101868
139.959015
139.376953
139.376953
136.609467
136.170258
136.170258
136.098831
135.588181
135.445328
134.566910
134.127686
133.688477
134.127686
133.902756
134.627670
135.424011
136.659576
137.680847
138.262924
139.284210
140.162628
140.458984
140.316147
139.662643
139.959015
139.816162
139.816162
136.323761
135.955978
135.884552
135.884552
135.373901
134.566895
134.127686
133.320679
132.442261
132.952896
132.727966
133.085083
134.177795
134.974152
135.995422
137.016693
138.405762
139.141357
140.019775
140.244720
140.101868
140.469650
140.398224
140.326797
136.548706
135.741699
135.813126
135.813126
135.741699
135.077545
134.566910
133.831329
132.585114
132.288742
132.063812
132.349503
132.563782
133.656494
134.677765
135.699051
137.823700
138.702133
140.019775
140.755356
140.612503
140.980301
141.787292
140.908875
136.987915
136.620132
136.252335
136.762970
136.762970
136.098831
136.027405
135.363251
134.045593
133.310028
133.452881
132.788727
133.003006
133.585068
134.534927
135.556213
137.752289
138.998489
140.316147
141.633789
142.072998
142.951431
143.390640
143.390640
138.080627
137.641403
137.712830
138.294907
139.244751
138.948395
138.948395
138.212814
136.895172
136.527374
135.720367
134.984802
134.545578
134.249222
135.127655
136.516724
137.905792
139.662643
141.562363
143.022858
144.922577
146.383072
147.261490
146.965134
139.173325
139.612549
139.683975
140.776672
141.726532
141.940811
142.380020
141.573013
140.694595
139.744736
139.305527
137.916458
136.159592
135.648956
136.527374
137.477234
138.498520
140.766022
143.104950
145.290359
147.772141
149.814697
150.835983
151.785828
141.215897
141.655106
141.726532
142.890656
144.790375
145.811661
145.443878
145.004654
143.983368
142.962097
142.012238
140.551743
138.141388
137.191528
137.559326
138.437744
139.530457
141.869385
143.911957
147.190063
150.253906
152.878540
154.339035
154.921097
142.594299
143.401306
143.911942
145.147507
147.047226
148.436279
148.507706
147.925644
146.832932
145.668808
144.208313
142.237167
139.316177
137.855682
137.784256
138.294907
139.387604
141.869385
144.351166
147.700714
151.714417
154.778259
155.942383
156.963669
144.851135
145.729568
146.240219
147.843567
149.375488
151.203766
150.764557
150.478851
148.875504
147.129303
145.597382
143.044174
140.123184
137.712830
137.712830
138.152054
138.876968
141.358734
143.911957
148.068497
151.857254
154.992538
156.892242
157.545731
147.690048
148.129257
149.079117
150.171829
152.142975
153.164246
153.021393
152.225052
150.775208
148.957581
146.843597
143.411972
140.051758
137.641403
136.762970
137.273621
138.366318
140.919525
143.104950
147.261490
151.418045
154.992538
156.595886
157.617157
150.018311
150.457520
150.968170
152.500092
154.032013
155.421082
154.839020
153.899826
152.307129
149.539658
147.354233
143.922607
140.490967
138.009201
136.834396
136.834396
137.927109
140.112518
142.665726
146.383057
150.978836
154.114105
156.156662
156.738739
151.835938
152.642944
153.225006
154.246292
156.217438
157.167282
156.442368
154.624741
152.592834
149.243286
147.057877
143.554825
140.562393
138.223480
137.345047
137.416473
138.069962
139.816162
142.297943
145.943848
150.100403
153.092819
155.063950
155.646027
153.582138
154.021362
154.531998
155.921066
157.452988
158.699203
157.238708
154.839020
151.489471
147.772125
145.515289
142.890671
140.848099
138.876968
138.069962
138.141388
138.355667
140.030441
142.072998
144.993988
148.129272
151.050262
152.510757
152.653610
155.185486
155.624695
155.696121
157.524414
158.984909
159.352692
157.892197
154.542664
150.386108
146.158127
143.901291
141.858719
140.326797
139.673309
139.162674
139.305527
139.519791
140.244720
141.705215
144.186996
147.036560
148.568481
149.957550
150.028976
155.910400
156.717407
156.788834
158.617126
160.077621
160.373978
158.402847
154.685516
149.211319
144.544128
142.430130
140.755356
140.101868
140.326797
140.326797
140.030441
140.173294
140.459000
141.408844
143.237137
145.576065
146.965134
147.404343
147.914978
156.931686
157.370911
157.003113
159.199188
160.659683
160.516830
158.545685
154.389145
148.475739
143.808533
141.990921
140.387573
140.244720
140.469650
140.469650
140.173294
140.244720
140.601837
141.480270
143.237137
144.993988
145.943848
146.383057
146.454498
157.003113
157.442322
157.513748
159.270615
160.731110
160.956055
158.984909
154.389145
148.547165
143.369324
141.183914
139.651993
139.876923
140.908875
140.541077
140.683929
140.387573
140.601837
141.551697
142.797913
144.554779
145.065430
145.872421
145.943848
