162.194794
162.266235
162.848297
162.398407
162.755554
163.041245
163.326950
163.612656
164.337570
164.848206
165.133911
166.083771
166.665848
167.319336
167.462173
167.533615
167.676453
167.819305
167.962158
167.298004
167.001648
166.705292
166.705292
166.337494
162.480499
162.551926
162.766205
162.612686
162.898392
163.255524
163.541229
163.826935
164.480423
164.991058
165.276764
165.787415
166.880112
167.462189
167.533600
167.308685
167.012314
167.155151
167.737213
167.440857
166.705292
166.408920
166.408920
166.041138
162.612701
163.051910
163.194763
163.112671
163.837585
163.755508
164.337570
164.623276
164.837555
165.348190
165.633896
165.705322
166.430237
167.380096
167.083740
167.226593
166.930222
167.073074
167.215927
166.480347
165.744766
165.448395
165.448395
165.080612
164.051865
164.562515
164.633942
164.480423
164.694702
165.348206
165.123260
165.337524
165.919601
165.991028
165.908936
166.419586
166.633850
166.776703
166.919571
166.694626
166.326843
166.908905
166.612549
165.876953
165.069962
164.773590
164.773590
163.966583
165.408966
165.408966
165.480377
166.062454
166.644516
166.419586
166.930222
167.073074
166.776703
166.919556
166.255402
166.766052
166.612534
166.755402
166.091232
166.234085
166.305511
166.009155
165.712784
164.098785
163.802429
162.556198
162.556198
162.116974
166.112564
166.551773
166.183975
166.694626
167.276688
167.348114
167.787323
167.490967
167.562393
167.266022
166.530457
166.673309
166.152008
165.855637
165.559265
165.702118
165.037979
164.670181
164.373825
163.127594
162.759811
161.513596
161.513596
161.074387
164.998535
165.437744
165.437744
165.948395
166.826813
166.530457
167.337463
167.408890
166.601883
166.673309
166.080582
165.784210
165.630707
164.895126
164.230972
164.741608
164.516678
164.148895
163.413315
162.167084
161.799301
160.481659
160.920868
160.481659
162.506104
162.945312
163.384521
163.455963
164.334381
164.845016
165.652023
165.723450
165.355652
165.427094
165.202148
164.905777
164.384491
164.088120
163.791748
163.934601
163.270447
162.902664
162.534882
161.799301
161.799301
160.992294
160.992294
160.920868
159.431595
159.799377
160.310028
160.749237
161.627655
162.066879
163.016739
163.384521
163.527374
163.598801
163.302429
163.148926
162.923981
163.138275
162.841904
162.545532
162.249176
161.952820
161.952820
161.656448
161.727875
161.727875
161.656448
161.288666
156.214233
156.582016
157.092667
157.531876
158.410309
158.920944
159.799377
160.238586
160.749237
161.259888
161.402725
161.617004
161.024277
161.167130
161.309982
161.381409
160.788681
160.860107
160.860107
161.370758
161.442169
161.881393
161.809967
162.249176
152.629089
152.996887
153.507523
153.946732
154.896591
155.775024
156.653442
157.092667
157.603302
158.113937
158.624588
158.838867
158.613922
158.828201
159.338837
159.481689
159.624542
159.256760
159.695969
160.135193
161.013611
161.452820
161.381409
161.892044
148.901093
149.340302
149.779526
149.850937
150.800797
151.679245
152.189880
152.629089
153.578949
154.089584
154.600235
155.182297
155.396576
155.978638
156.489273
156.928497
157.142776
157.581985
157.949768
158.828201
159.635193
160.442200
160.442215
161.249207
144.733887
145.173096
145.683731
145.683746
146.633591
147.512024
147.654877
148.533310
149.483154
149.993805
150.504440
151.015076
151.597153
152.547012
153.496857
154.007492
154.957352
155.396576
156.203568
157.010590
158.185364
158.920959
159.217316
160.024323
142.252106
142.323532
142.323532
142.394958
142.905594
143.784027
143.926880
144.366089
145.315948
146.265808
146.776443
147.726303
148.676147
149.483154
150.433014
151.382874
152.700516
153.139740
154.385956
155.928528
157.031891
157.256836
158.431625
158.799408
140.648758
140.720184
140.720184
140.720184
140.863037
141.230820
141.373672
141.812881
142.323532
142.905594
144.151810
145.101669
146.051529
146.858536
148.176178
149.565247
150.882889
151.689896
152.496902
154.039474
155.071426
156.103363
156.767517
157.206726
140.802261
140.873688
140.802261
140.434479
140.363052
139.923843
139.995270
139.995270
140.577332
141.016541
141.966400
143.284042
144.162476
145.040894
146.358551
147.236984
148.554626
149.729416
150.536423
152.375366
153.775101
154.367828
155.103394
155.399765
142.201996
142.201996
141.323578
140.884369
140.373718
139.352432
139.056076
138.616852
139.056061
139.566711
140.077347
141.395004
142.273422
143.591064
144.469498
145.715729
146.594147
148.136734
148.943726
150.711258
151.600342
152.632278
152.928650
152.857224
143.162506
143.091095
142.580444
141.262802
140.241531
139.220245
138.781036
137.974014
138.484665
138.116867
138.995300
140.312958
140.823578
142.141235
143.316025
144.194458
145.072891
146.615479
147.351044
148.750778
150.007660
150.968170
150.825317
150.753891
143.101746
142.591110
142.080460
141.498398
140.109329
139.016617
138.138199
137.402618
138.209625
137.474045
138.352463
139.230911
140.109329
141.426971
142.233978
143.112411
143.990845
145.094208
145.901215
147.229523
148.118607
148.711334
149.446899
148.936264
142.755280
142.683853
141.805420
141.223358
140.130646
139.109375
138.230942
137.495361
137.934586
137.638214
138.445221
138.955856
139.762863
140.641296
141.448303
141.958939
142.837372
144.012161
144.308517
145.411896
145.933197
146.597351
146.965134
146.893707
142.041016
141.969589
141.091171
140.876892
139.487823
138.834335
137.955902
138.027313
138.466537
138.537964
138.977173
139.120026
139.927032
140.805466
141.244675
141.683899
142.562317
142.930115
142.930115
144.104904
144.329834
144.626205
144.626205
144.626205
141.469620
141.398193
140.958984
140.305481
139.794846
139.509140
138.262924
138.334351
138.405777
139.284210
139.284195
139.355621
140.234055
140.744690
141.183914
141.255341
141.694550
142.133774
142.062347
142.501556
143.237137
143.237137
143.237137
143.165710
141.112488
141.041061
140.601852
140.826782
139.437714
139.223434
138.345001
138.487854
138.927063
139.437714
139.437714
139.509140
140.316147
140.826782
141.265991
140.969635
140.969635
141.848068
141.776642
142.287277
142.215851
142.287277
142.287277
142.215851
140.969635
140.898209
140.530426
140.244720
139.294861
139.519791
138.202148
138.712799
138.784225
139.294861
138.855652
138.927078
139.734070
140.244720
140.683929
140.755356
141.194565
141.265991
141.265991
141.705215
142.144424
141.776642
142.144424
141.776642
