171.600601
170.282959
168.822464
165.901474
162.837631
158.456146
154.146072
149.468231
145.158173
140.041092
136.241669
132.656525
129.806961
127.539467
127.028831
127.396614
128.417892
129.367752
130.174759
131.492401
131.931610
132.667191
133.106415
132.738617
170.936462
169.986603
168.526108
166.044327
162.980484
159.038208
154.799576
150.121719
145.811661
141.062378
136.895172
134.117035
131.267456
128.489319
127.610893
128.417892
128.857117
130.246185
130.246185
131.860184
132.370834
132.738617
133.617050
133.545624
170.118790
169.168930
167.708435
165.665878
163.480469
159.538193
155.299545
151.428711
147.486435
142.808578
139.448364
135.791809
132.942245
130.971100
129.949829
130.317612
130.317596
131.635254
131.563828
132.810059
133.249252
133.617050
134.056259
134.056274
168.779831
167.901398
167.247894
165.205338
163.826935
160.763092
157.770676
153.899826
150.396759
146.086700
143.022858
139.805511
136.813080
134.841949
133.381454
133.167175
133.095749
133.392105
133.759903
134.056259
134.056259
134.424057
134.424042
134.424057
166.776703
166.337494
166.051788
164.959076
164.019897
161.834473
160.088287
157.463654
154.328369
150.457535
147.761475
144.840485
142.287277
139.734085
137.762939
137.405807
136.752319
136.609467
135.588196
135.884552
135.373901
135.231049
135.670273
135.231049
165.212799
164.773590
164.487885
164.273605
164.212860
163.273651
162.405884
160.220459
157.595840
154.899780
152.642944
150.018311
147.465118
145.208282
143.165710
141.490936
140.255371
139.601883
138.509186
138.294907
137.712830
137.569977
137.569977
137.059341
164.027344
163.955933
164.180878
163.966583
164.487885
163.620117
163.191559
161.884583
159.770599
157.513763
155.696121
153.949936
151.325302
149.139893
147.465118
146.086700
144.483353
143.319214
142.155090
141.501602
140.919525
140.266037
140.266037
139.755402
162.923981
163.291779
163.588135
163.445282
164.038010
163.313095
163.098816
161.863266
160.699127
159.392151
158.085159
156.778168
155.031967
153.285767
151.682419
150.375443
148.700668
147.904327
146.740189
145.576065
145.290359
144.269073
144.197647
144.126221
162.852570
162.781128
163.220352
163.148926
163.077499
162.934647
162.791794
162.138306
161.117020
160.320679
159.524338
159.167206
158.370865
157.063873
155.971176
154.664185
153.428619
151.896698
151.100357
150.375443
149.946884
148.925613
148.782745
148.711334
162.781128
162.781128
162.781128
162.781128
162.413345
162.484772
162.413361
161.831284
161.759857
161.177795
160.892090
161.045593
160.688477
159.963547
159.606430
158.442291
156.910370
156.114014
155.021317
154.592758
154.531998
153.071487
152.857224
153.225006
162.781128
162.781128
162.781128
162.852570
162.556198
162.259842
162.259842
161.820618
162.259827
161.677765
161.463501
161.688431
161.770508
161.924026
161.199112
160.984833
159.524338
158.360199
158.074493
157.645950
157.656601
156.563889
156.717407
156.717407
163.148926
163.220352
163.220352
162.923981
162.556198
162.331268
162.402695
162.402679
162.770477
161.892044
162.188400
162.413361
162.566864
161.984787
161.699097
161.556244
160.974167
159.952896
160.106400
160.188492
159.831360
159.617081
159.474228
159.770599
163.588135
163.588135
163.588135
163.730988
163.363205
163.138275
163.138275
162.770477
162.770477
162.402695
162.331268
162.116989
161.974136
161.759857
161.617004
161.106354
161.106354
161.331299
161.188446
161.709747
161.863251
162.527420
162.384552
162.752350
164.395142
164.395142
164.395142
164.098785
163.730988
163.506058
163.506058
162.841904
162.770477
162.331268
162.259827
161.749191
161.606354
161.463501
160.952850
160.952850
161.392059
161.759857
161.688431
163.088165
163.384521
163.977249
164.345032
164.712830
164.395142
164.395142
164.395142
164.098785
163.730988
163.506058
163.506058
163.209686
162.770477
162.402679
162.331268
161.820618
161.749191
161.238556
161.167130
161.167130
161.606354
162.413345
162.781128
163.373856
164.477234
164.773590
165.141388
165.366318
164.905777
164.905777
164.905777
164.609421
164.241638
163.945282
163.945282
163.577484
162.770477
162.770477
162.331268
161.892044
161.749191
161.309982
161.238556
161.606354
161.974136
162.781128
162.709717
163.373856
164.038025
164.630737
165.069946
165.366318
165.048645
165.048645
165.048645
164.609421
164.680847
163.945282
163.945282
163.577484
163.138275
162.699051
162.627625
162.188416
162.116989
161.677765
161.606354
161.534912
162.341919
162.638290
162.566864
163.527374
163.752319
164.416458
164.345032
164.273621
165.191498
165.191498
165.191498
164.752274
164.823700
164.384491
164.384491
163.945282
163.506058
162.995422
162.995422
162.556198
162.484772
162.045563
161.974136
161.902710
162.199066
162.495438
162.352585
162.873886
163.098816
162.884552
162.884552
162.741699
165.191498
165.191498
165.191498
164.752274
164.823700
164.384491
164.384491
163.945282
163.506058
162.995422
162.995422
162.556198
162.484772
162.045563
161.974136
161.902710
162.199066
162.495438
162.352585
161.995453
162.220383
161.638321
161.566895
161.495468
165.334351
165.334351
165.334351
165.262909
165.334335
164.823700
164.823700
164.384491
163.873840
163.363205
163.363205
162.923981
163.220352
162.781143
162.781143
162.270493
161.902710
162.199066
161.617004
160.892090
160.167175
159.585098
159.003036
159.003036
165.334351
165.334351
165.334351
164.895126
164.966553
164.895126
164.895126
164.313049
163.873840
163.802414
163.730988
163.659561
163.588135
162.781143
162.709717
162.781143
161.974136
161.167130
160.585052
159.349503
158.553162
157.092667
156.510590
156.510590
165.037979
165.037979
165.037979
164.966553
164.966553
164.895126
164.895126
164.752274
164.241638
164.170197
164.098785
164.027359
163.955933
163.516708
163.516708
162.781143
161.677765
160.870758
159.849487
157.806915
157.010574
155.846451
154.825165
154.825165
165.037979
165.037979
165.037979
164.966553
164.966553
164.895126
164.895126
164.752274
164.241638
164.170197
164.098785
164.027359
163.955933
163.516708
163.516708
162.781143
161.677765
160.870758
159.849487
157.806915
156.571365
154.600220
153.578949
153.578949
165.037979
165.037979
165.037979
164.966553
164.966553
164.895126
164.895126
164.752274
164.241638
164.170197
164.098785
164.027359
163.955933
163.516708
163.516708
162.781143
161.677765
160.870758
159.849487
156.999924
155.764359
154.232437
153.211151
153.211151
