153.706863
153.706863
153.706863
153.267654
153.339081
152.899857
152.899857
152.460648
153.339081
152.828430
152.828430
152.389221
152.389221
151.653641
151.653641
151.285858
150.407425
150.039642
150.039642
149.671844
150.039627
150.039627
150.039627
150.039627
154.074661
154.074661
154.074661
153.635437
153.706863
153.267654
153.267654
152.828430
153.267654
152.828430
152.828430
152.389221
152.389221
152.021423
152.021423
151.653641
150.775208
149.968216
149.968216
149.671844
150.039627
150.039627
150.039627
150.039627
154.074661
154.074661
154.074661
154.074661
153.706863
153.267654
153.267654
152.828430
153.267654
152.828430
152.828430
152.389221
152.389221
152.021423
152.021423
151.582214
151.143005
150.775208
150.775208
150.407425
150.775208
150.775208
150.775208
150.775208
154.810242
154.810242
154.810242
154.371017
154.442444
154.003235
154.003235
153.196228
153.635437
153.196228
153.196228
152.757004
152.757004
152.389221
152.389221
152.389221
151.510788
151.143005
151.143005
150.775208
151.143005
151.143005
151.143005
151.143005
155.617233
155.617233
155.617233
155.178024
154.810242
154.371017
154.371017
153.931793
153.492584
153.492584
153.492584
153.492584
153.124802
153.124802
153.124802
152.317795
152.317795
151.878586
151.878586
151.510788
152.317795
152.317795
152.317795
152.317795
155.985031
155.985031
155.985031
155.545807
155.178024
154.738800
154.738800
154.299591
153.860382
153.860382
153.860382
153.860382
153.492584
153.492584
153.492584
153.053375
153.492584
153.053375
153.053375
152.174942
152.614151
152.614151
152.614151
152.614151
156.720596
156.720596
156.720596
156.281387
155.913605
155.474380
155.474380
155.035172
154.595947
154.595947
154.595947
154.595947
154.228165
154.228165
154.228165
153.788956
154.228165
153.788956
153.788956
153.788956
154.228165
154.228165
154.228165
154.228165
157.456177
157.456177
157.456177
156.649170
156.209961
155.842178
155.842178
155.402954
154.963745
154.963745
154.963745
154.963745
154.595947
154.963745
154.963745
154.595947
155.035172
155.035172
154.595947
154.524536
154.963745
154.963745
154.963745
154.963745
158.630981
158.191757
158.191757
157.752548
157.384766
156.945541
156.506317
156.067108
155.260101
155.260101
155.260101
155.699326
155.770752
155.770752
155.770752
155.331528
156.138535
156.138535
156.138535
155.699326
156.138535
156.577759
156.577759
156.577759
159.366562
158.927338
158.927338
158.120331
157.681122
157.313324
156.874115
156.434906
155.627899
155.627899
155.627899
156.067108
156.138535
156.506332
156.506332
156.506317
157.313324
157.313324
157.313324
157.313339
157.752548
158.120331
158.120331
158.120331
160.102127
159.662918
159.662918
158.855911
158.416702
158.048904
157.609695
157.170486
156.363480
156.363480
156.363480
156.802689
156.874115
157.241898
157.241898
157.241913
158.048920
158.048904
158.048904
158.048904
158.488129
158.855911
158.855911
158.855911
160.909134
160.469925
160.469925
159.223694
158.784485
158.416702
157.977478
157.538269
156.731262
156.731262
156.731262
157.538269
157.609695
158.048920
158.048920
158.345276
159.152283
159.152283
159.591492
159.152283
159.591492
160.398499
160.398499
160.398499
161.276917
160.837708
160.837708
160.030701
159.152283
158.784485
158.345276
157.906067
157.466843
157.466843
157.466843
157.538269
157.977478
158.713058
158.713058
159.152283
159.520065
159.959274
160.255646
160.255646
160.255646
160.623428
160.623428
160.623428
161.644714
161.205505
161.205505
160.398499
159.520065
159.152283
158.713058
158.273849
157.906067
157.906067
157.906067
158.273849
158.713058
159.520065
159.520065
160.255646
160.623428
160.623428
161.359009
161.359009
161.359009
161.726807
161.726807
161.726807
162.380295
161.941071
161.941071
161.134079
160.255646
159.887848
159.448639
159.009430
158.641632
158.641632
158.641632
159.009430
159.448639
160.255646
160.255646
160.991211
161.359009
161.359009
162.094589
162.094589
162.094589
162.462372
162.462372
162.462372
162.308868
162.308868
162.308868
161.501862
160.694855
160.327072
159.887848
159.448639
159.520065
159.520065
159.520065
159.887848
159.816422
160.623428
160.623428
161.359009
161.726791
162.094589
162.830170
162.830170
162.830170
163.197952
163.197952
163.197952
161.941071
161.941071
161.941071
161.573288
161.062653
160.694855
160.255646
159.887848
160.255646
160.255646
160.255646
160.255646
160.552002
160.991226
160.991226
161.726807
162.094589
162.533813
162.758743
163.197952
163.565735
163.494324
163.494324
163.494324
161.869644
161.869644
161.869644
161.501862
161.501862
160.694855
160.694855
160.327057
160.694855
160.694855
160.694855
160.694855
160.991211
161.359009
161.359009
161.726807
162.533813
162.901581
162.758728
163.126526
163.494324
163.422897
163.422897
163.422897
162.605225
162.605225
162.605225
162.237442
161.869644
161.062653
161.062653
161.062653
161.430435
161.430435
161.430435
161.430435
161.726807
162.094589
162.094589
162.462372
163.269379
163.637177
163.494324
163.862106
164.229889
163.719254
163.719254
163.719254
162.023163
162.462387
162.462387
162.094589
161.798218
160.991226
160.991226
160.991226
160.991226
160.991226
160.991226
160.991226
161.726807
162.094589
162.094589
162.462372
163.269379
163.565750
163.494324
163.862106
163.790680
163.719254
163.719254
163.719254
161.880310
161.951736
161.951736
161.583954
161.216156
160.848358
160.991211
160.919800
160.552002
160.919800
160.919800
160.919800
161.216156
161.583954
161.583954
161.951736
162.758743
163.126526
163.055115
163.422882
163.790680
163.719254
163.719254
163.719254
161.808884
161.880310
161.880310
161.512527
161.216156
160.848373
160.919800
160.919800
160.480591
160.480591
160.480591
160.480591
161.216156
161.583954
161.583954
161.951736
162.758743
163.055099
163.055099
163.422882
163.351471
163.280045
163.280045
163.280045
161.666031
161.808884
161.808884
161.441101
161.144730
160.776947
160.919800
160.848358
160.480591
160.480591
160.480591
160.480591
161.216156
161.583954
161.583954
161.951736
162.758743
163.055099
163.055099
163.422882
163.351471
163.280045
163.280045
163.280045
161.666031
161.737457
161.737457
161.369675
161.073303
160.705521
160.848373
160.776947
160.409149
160.409149
160.409149
160.409149
161.144745
161.512512
161.512512
161.880310
162.687317
162.983673
163.055099
163.422882
163.351471
163.280045
163.280045
163.280045
