145.822327
145.822327
145.822327
145.454529
144.647522
144.790375
144.861801
145.004654
145.586716
146.097366
147.047211
149.100433
150.275238
151.378601
152.921173
154.095978
155.567139
156.670502
158.141647
159.469955
161.605270
162.565796
162.862152
163.669159
145.822327
145.822327
145.822327
145.454529
144.647522
144.790375
144.861801
145.004654
145.586716
146.097366
147.047211
148.661224
149.836014
150.939377
152.481964
153.656754
155.127914
156.231277
157.702438
159.030746
161.237488
162.197998
162.494354
163.301361
145.893738
145.893738
145.454529
145.454529
144.647522
144.790375
144.861801
145.004654
145.515289
146.025940
146.975800
148.589798
149.764587
150.867966
152.042755
153.217545
154.688705
155.792068
157.263229
158.591522
160.359039
161.319565
161.615921
162.422928
145.454529
145.454529
145.454529
145.454529
144.718948
145.158173
144.861801
144.933228
145.443863
145.954514
146.904358
148.518372
149.693161
150.357315
151.532104
153.146118
154.249481
155.720642
156.384796
157.713104
159.112823
160.144775
160.001923
160.808929
145.454529
145.454529
145.454529
145.015320
145.158173
144.790375
144.861801
144.861801
145.372437
145.954514
146.761505
147.568512
148.743317
149.478882
151.092896
152.124832
153.667419
154.770782
155.434937
156.466888
157.498825
158.162979
158.020126
158.755707
145.086731
145.086731
145.086731
144.647522
144.718948
144.790375
144.861801
144.861801
145.301025
145.372437
145.883087
146.986450
147.793457
148.529037
149.703827
151.246414
152.349777
153.085358
153.678070
154.781448
155.445602
155.670532
155.599106
155.527679
144.647522
144.647522
144.647522
144.279739
144.279739
144.351166
144.054794
143.983368
144.422577
145.004654
145.372437
146.108017
146.547241
147.282806
148.457611
149.121765
150.296555
151.399918
151.624847
152.360443
152.585373
152.953156
153.249527
152.738892
143.911957
143.840515
143.840515
143.840515
143.472733
143.104935
143.544159
143.176361
143.687012
143.829865
144.197647
144.565430
144.933228
145.668808
146.404388
147.579178
147.946960
148.611115
148.836060
149.132416
149.061005
148.989563
148.918152
148.846710
143.033508
143.033524
142.594299
142.594299
142.594299
142.226517
142.297943
142.369370
142.072998
142.583649
142.583633
142.583649
143.390656
143.687012
143.983368
144.718948
145.086731
145.454529
145.240250
145.608047
145.097412
145.025970
144.954559
144.515335
142.155090
142.155090
141.787292
141.787292
141.348083
140.980301
141.051727
141.051712
140.755371
141.337418
141.337433
141.337433
141.705215
142.073013
141.930145
142.297943
142.226517
142.522873
142.451447
142.308594
141.869385
141.869385
141.358734
140.919525
140.837448
140.837448
140.766022
140.766022
140.326797
139.959015
140.030441
140.101868
139.805511
139.948349
139.948364
139.948349
139.876923
140.244720
140.173294
140.469650
140.398224
140.326797
139.816162
140.112534
139.744736
139.305527
139.234100
138.794876
139.816162
139.816162
139.816162
139.744736
139.305527
138.937729
138.937729
139.080582
138.712799
138.784225
138.784225
138.345001
138.345001
138.712799
138.569946
138.498520
138.355667
138.355667
137.845032
138.141388
137.773605
137.334381
137.334381
137.262955
138.723450
138.794876
138.723450
138.652023
138.284241
137.916443
138.284241
137.916458
137.548660
137.548660
137.548660
136.741653
137.038025
137.038025
136.966599
137.262955
137.120102
136.680893
136.170258
136.538040
136.977249
135.731033
136.538040
136.538040
137.702179
137.702179
137.702179
138.069962
137.262955
136.823746
137.191528
136.384537
136.823746
135.945312
136.384521
135.506104
135.873886
135.434677
135.363251
135.659607
135.588181
135.006119
135.006119
135.373917
135.445328
135.006119
135.373901
135.813126
136.680893
136.680893
136.680893
136.609467
136.241684
136.170258
136.170258
135.659607
135.659607
135.220398
135.659607
134.781174
134.781174
135.148972
135.077545
134.934692
134.495483
133.984833
133.984833
134.352631
134.863266
134.424057
134.863266
135.302475
135.148972
134.709747
135.148972
135.077545
135.077545
134.638336
134.638321
134.495483
134.495483
134.863266
134.424057
134.495483
134.424057
134.424057
134.056259
133.984833
133.913406
133.474197
133.034988
133.402771
133.913406
133.474197
133.913406
134.352631
133.617050
133.617050
133.617050
133.177826
133.177826
133.545624
133.913406
133.841980
133.770554
133.699127
134.138351
133.770554
133.770554
133.841980
133.913406
134.209778
133.034973
132.963562
133.034988
132.963562
133.034988
133.034988
133.474197
133.474197
132.595764
132.595764
132.963562
132.595764
132.595764
132.963562
132.963562
133.188492
133.556290
133.556274
133.556274
134.066925
134.066925
134.138351
134.648987
134.209778
133.474197
133.474197
133.474197
133.545624
133.545624
133.545624
133.545624
133.545624
132.892136
132.892136
132.892136
132.892136
132.524338
132.963562
133.331345
133.627701
133.995499
134.363281
134.802505
135.313141
135.016785
135.088196
135.670273
135.670273
134.934692
134.934692
135.373901
135.077545
135.955978
135.955978
135.884552
135.884552
134.209778
134.209778
133.841980
134.281204
134.281204
134.791840
135.159637
135.527420
136.334427
136.334427
136.773636
137.355713
137.059341
138.009201
138.152054
138.223480
137.927109
138.366333
139.244751
139.387604
140.194611
140.705246
140.705246
140.705246
135.527420
135.966629
135.598846
136.038055
136.180908
136.620117
136.620117
137.498550
138.305557
138.376984
139.255417
139.398270
139.541122
140.490967
140.266037
141.215897
141.358734
142.237167
142.747818
143.626251
144.943893
145.383102
145.454529
145.893738
136.845062
136.916489
136.916489
137.427124
137.569977
138.376984
138.448410
138.959045
140.205276
140.348114
141.226547
141.440826
141.583679
142.165741
142.308594
143.258453
144.647522
145.086731
146.475815
147.057877
148.375519
149.621735
149.621735
150.060959
137.284271
137.355713
137.355713
137.866348
138.009201
138.959045
139.030472
139.541122
140.787338
140.930191
142.247833
142.462112
142.604965
143.626251
143.769089
144.718948
145.740234
146.986450
148.375519
148.957581
150.714447
151.592880
152.032089
152.471298
137.723495
137.794922
137.794922
138.376984
138.887634
139.766052
139.837479
140.419556
141.665771
141.808624
142.687042
142.533539
143.115601
144.136887
144.208313
145.597382
146.250870
147.568512
148.957581
150.275238
151.225098
152.542740
152.981949
153.421158
