142.469574
142.030365
141.376877
141.601807
140.580521
140.591187
139.569901
138.916412
138.630707
137.977219
137.395142
137.252304
137.477234
136.966599
136.598801
136.966599
136.966599
137.405807
137.038025
136.302444
136.741653
136.445297
136.813080
136.813080
142.612427
142.173218
141.591141
141.376862
140.723373
140.366241
139.712753
139.059265
138.773560
138.191498
137.537994
137.762939
137.620087
137.038025
137.109451
137.109451
137.038025
137.477234
137.109451
136.813080
136.813080
136.884506
136.884506
136.884506
142.969559
142.530350
141.948273
141.733994
141.080505
140.355591
140.069885
139.416397
139.130692
138.548615
137.895126
138.487854
137.905792
137.762939
137.323730
137.252304
137.620087
137.620087
137.252289
136.884506
137.252289
137.323730
136.884506
136.884506
143.612396
143.173172
142.591110
142.009048
141.723328
141.366211
140.344925
140.059235
139.773514
139.120026
138.834320
138.987839
138.773560
138.191498
138.487854
137.977219
137.834366
138.273575
137.762939
137.323730
137.323715
137.691513
137.252304
137.252304
144.030273
143.958862
143.448212
142.866150
142.141235
142.294739
141.202042
141.284119
140.998413
139.905716
139.987793
140.141312
139.855606
139.569901
139.355621
139.212784
138.630707
138.559280
138.048645
137.905792
137.834366
138.130722
137.252304
137.691513
144.815964
144.815964
144.233902
144.091064
142.998352
142.784058
141.619934
141.702011
141.855530
141.130615
140.773483
140.855576
140.498444
140.580521
140.366241
140.151978
139.130692
139.427048
139.212769
138.191498
138.855652
138.345001
138.273575
138.273575
144.437515
144.876740
144.733887
144.223236
143.059113
143.284042
141.823547
142.344849
141.619934
141.773438
141.855530
141.498413
141.141266
141.294785
141.009079
140.723389
140.141312
139.927032
140.151962
139.130692
139.355621
139.212769
138.702133
138.630707
144.212585
144.212585
144.580368
144.069733
143.416245
143.273392
142.252106
142.405609
142.191345
141.905640
142.059143
141.773453
141.487732
141.641251
141.355560
141.580490
140.855576
141.080505
140.866226
140.212738
140.509109
140.366241
139.855606
139.855606
144.355438
144.355438
144.284012
143.773361
143.630508
143.119873
142.537811
142.394958
142.180679
142.037827
141.823547
142.048477
141.834213
141.987717
141.773438
141.998383
141.712677
141.937622
141.723343
141.141281
141.805420
141.223358
141.151932
141.519714
143.987640
143.987640
143.987640
143.916214
143.334152
142.894943
142.752090
142.241455
142.170029
142.098587
141.884323
142.180679
142.037827
141.752121
142.048477
142.712631
142.866150
142.723297
142.580460
142.366165
142.591110
142.448257
142.448257
142.376831
144.059067
144.059067
144.059067
143.987640
143.477005
143.037781
142.894928
142.455719
142.384293
142.312881
142.170029
142.537811
142.394958
142.252106
142.548462
142.773407
142.998337
143.294708
143.151855
142.937576
143.233932
143.162506
143.162506
143.091080
144.130493
144.059067
144.059067
143.987640
143.844788
142.966370
143.334152
142.894928
142.823517
142.823517
142.312881
143.119873
142.609238
142.834167
143.201965
143.130539
142.987686
143.284042
143.212616
143.069778
143.437561
143.366135
143.294708
143.294708
144.130493
144.059067
144.059067
143.987640
143.844788
143.405579
143.262726
143.191299
142.823517
142.752090
142.752090
143.487656
142.977020
143.416245
143.344803
143.712601
143.273376
143.130539
143.130539
143.059113
143.498322
143.426895
143.866119
143.426895
144.569702
144.498276
144.498276
143.916214
144.212585
143.701935
143.630524
143.559097
143.191299
143.119873
143.048447
143.119873
143.487656
143.926880
143.855453
143.855453
143.048447
142.977020
142.977020
143.416229
143.048447
143.487671
143.487671
143.487671
144.569702
144.498276
144.498276
143.916214
144.212585
143.701935
143.701935
143.630524
143.262726
143.191299
143.191299
143.630524
143.559097
143.998306
143.998306
143.998306
143.191299
143.191299
143.262726
143.701935
143.334152
143.773361
143.773361
143.773361
144.569702
144.498276
144.498276
144.426849
144.723221
144.284012
144.212585
143.773376
143.334152
143.630524
143.630524
143.630524
143.630524
144.069733
144.069733
144.069733
143.262726
143.701935
143.701935
143.334152
143.405579
143.405579
143.405579
143.405579
144.569702
144.498276
144.498276
144.498276
144.794647
144.794647
144.794647
144.355438
144.284012
143.773376
143.773376
143.773376
144.141159
144.069733
144.069733
143.701935
143.701935
143.701935
143.701935
143.334152
143.405579
143.334152
143.334152
143.334152
144.866074
144.866074
144.866074
144.866074
144.866074
144.937500
144.937500
144.426865
144.426865
143.916214
143.916214
143.844788
144.212585
144.141159
144.141159
143.773376
144.141159
143.773376
143.773376
143.334152
143.773361
143.701935
143.701935
143.701935
144.723221
144.723221
144.723221
144.794647
144.866074
144.937500
144.937500
144.498291
144.426865
143.916214
143.916214
143.844788
144.212585
144.141159
144.141159
143.773376
144.141159
143.844788
143.844788
143.405579
143.844788
143.773361
143.773361
143.773361
143.855453
143.926880
143.926880
144.141159
144.651794
144.866074
144.866074
144.498291
144.426865
144.355438
144.355438
144.284012
144.651794
144.580383
144.580383
144.212585
144.580383
144.284012
144.284012
143.844788
144.283997
144.212585
144.212585
144.212585
143.498322
143.498322
143.641174
143.855453
144.069733
144.355438
144.426865
144.866074
145.233856
144.794647
144.794647
144.723221
144.651794
144.580368
144.580368
144.212585
144.651794
143.916214
143.916214
143.916214
144.355438
144.212585
144.212585
144.212585
142.701981
142.773407
142.916260
143.201965
143.855438
144.212585
144.355438
144.794647
145.233856
145.162445
145.162445
145.091003
145.019592
144.948151
144.948151
144.651794
144.651794
144.355438
144.355438
144.355438
144.794647
144.723221
144.723221
144.723221
142.559128
142.630554
142.773407
143.130539
143.855438
144.212585
144.355438
144.794647
145.233856
145.162445
145.162445
145.091003
145.019592
144.948151
144.948151
144.651794
144.651794
144.355438
144.355438
144.355438
144.794647
144.723221
144.723221
144.723221
142.048492
142.119904
142.334183
142.619888
143.784027
144.212585
144.355438
144.794647
145.233856
145.162445
145.162445
145.091003
145.019592
144.948151
144.948151
144.651794
144.651794
144.355438
144.355438
144.426865
144.866074
144.794647
144.794647
144.794647
