165.876968
165.948395
165.948395
166.091232
165.723450
164.252289
164.252289
163.445282
163.006073
162.934647
162.424011
162.352570
162.281158
162.138306
162.873886
164.273605
165.448395
166.848145
168.319290
168.912018
169.576172
169.801117
170.536682
170.536682
165.948395
166.019821
166.019821
165.723450
165.355652
164.691498
164.691498
163.884491
163.077499
162.566849
162.495422
162.424011
162.352570
162.209732
162.945312
164.416473
165.887619
166.919571
168.390717
168.544235
168.840591
169.065536
169.801117
169.801117
165.212814
165.284241
165.284241
164.987869
164.620087
163.955933
163.955933
163.148926
162.709702
162.199066
162.495422
162.424011
162.352570
162.209732
162.945312
164.048676
165.591263
166.623199
167.726562
168.319305
168.615662
168.840591
169.576172
169.576172
164.252289
164.323715
164.323715
164.027359
163.659576
163.730988
163.730988
162.923981
162.923981
162.341919
162.709717
162.638275
162.566864
162.424011
163.159576
164.334381
164.998535
166.101898
167.205261
167.430206
167.726562
168.390717
168.758514
168.758514
163.363190
163.363190
163.363190
162.627625
163.138260
162.402695
162.402695
162.331268
162.627625
162.556198
162.923981
162.781128
162.781128
163.077499
163.445282
164.109436
164.477234
165.652023
166.019806
166.316162
166.980316
166.908905
167.276688
167.276688
161.963470
161.963470
161.963470
161.667114
162.177750
162.177750
162.177750
162.106323
162.474106
162.402695
163.138275
162.923981
163.291779
163.588135
163.588135
164.323715
164.395142
164.762939
165.130722
165.498505
165.794876
166.162659
166.530457
166.530457
161.667114
161.667114
161.667114
161.299316
161.809967
161.809967
161.809967
161.738525
162.474106
162.402695
163.138275
162.995422
163.363205
163.730988
163.730988
164.027359
164.466568
164.905777
164.905777
165.273575
165.569931
165.569931
165.569931
165.569931
162.106323
162.106323
162.106323
161.738525
162.249176
162.177750
162.177750
162.106323
162.841904
162.841904
163.577484
163.434631
164.170212
164.466568
164.466568
164.466568
164.537994
164.977203
164.977203
164.905777
164.905777
165.273575
165.273575
165.273575
162.545532
162.545532
162.545532
162.545532
162.545532
162.545532
162.545532
162.913330
163.648895
163.577484
163.945282
163.802429
164.098785
164.466568
164.466568
165.273575
165.273575
165.345001
165.345001
165.345001
165.345001
164.905792
164.905792
164.905792
162.841904
162.841904
162.841904
162.841904
162.841904
162.841904
162.841904
163.209686
163.577484
163.945282
164.680847
164.609421
164.905792
165.273575
165.273575
165.641357
165.712799
165.712784
165.712784
165.345001
164.977203
164.977203
164.977203
164.977203
163.577484
163.577484
163.577484
163.577484
163.577484
163.577484
163.577484
163.945282
163.945282
164.313065
164.680847
164.609421
164.905792
165.273575
165.273575
165.641357
165.712799
165.712784
165.712784
165.345001
164.977203
164.977203
164.977203
164.977203
163.506058
163.506058
163.506058
163.506058
163.506058
163.506058
163.506058
164.313065
164.313065
164.680847
165.048645
164.680847
165.048645
165.345001
165.345001
165.712799
165.784210
165.784210
165.784210
165.416428
165.048645
165.048645
165.048645
165.048645
163.730988
163.730988
163.730988
164.170212
163.363205
163.802429
163.802429
164.241638
164.241638
164.680847
164.680847
165.120056
164.680847
165.416428
165.416428
165.416428
165.416428
165.048645
165.048645
165.487854
165.048645
164.752274
164.752274
164.752274
163.659561
163.659561
163.659561
164.098785
164.098785
164.537994
164.537994
164.609421
164.609421
164.680847
164.680847
165.120056
164.752274
165.487854
165.487854
165.487854
165.120056
165.120056
165.120056
165.120056
165.120056
164.752274
164.752274
164.752274
164.027359
164.027359
164.027359
164.466568
164.098785
164.537994
164.537994
164.609421
164.609421
164.680847
164.680847
165.120056
164.752274
165.120056
165.120056
165.120056
165.120056
165.120056
165.120056
165.120056
165.120056
164.752274
164.752274
164.752274
164.466568
164.466568
164.466568
164.905792
164.977219
164.905792
164.977219
164.609421
164.609421
164.680847
164.680847
164.752274
164.823700
165.191498
165.191498
165.191498
164.752274
164.823700
164.823700
164.752274
165.191498
164.823700
164.823700
164.823700
165.345001
165.345001
165.345001
164.977203
165.416428
165.416428
165.416428
165.120056
164.680847
164.680847
164.680847
165.191483
164.823700
165.191498
165.191498
164.895126
164.823700
164.455902
164.455902
164.823700
164.823700
164.752274
164.752274
164.752274
165.927063
165.927063
165.927063
165.487854
165.927063
165.487854
165.487854
165.120056
165.120056
164.752274
164.752274
164.752274
164.823700
164.823700
164.823700
164.895126
164.455902
164.527328
164.527328
164.455902
164.895126
164.823700
164.823700
164.823700
165.927063
165.927063
165.927063
165.487854
165.927063
165.487854
165.487854
165.120056
165.120056
164.752274
164.752274
164.752274
164.823700
164.823700
164.823700
164.895126
164.455902
164.527328
164.527328
164.455902
164.895126
164.823700
164.823700
164.823700
165.702133
165.702133
165.702133
165.630707
166.069916
165.191498
165.191498
164.752274
165.120056
164.752274
164.752274
164.313049
164.752274
164.384491
164.384491
164.895126
164.455902
164.527328
164.527328
164.895126
164.895126
165.262909
165.262909
165.262909
165.773560
165.773560
165.773560
165.334335
165.334335
165.334335
165.262909
164.895126
164.752274
164.313049
164.241638
164.680847
164.241638
164.680847
164.680847
164.752274
164.384491
164.895126
164.895126
164.823700
165.262909
165.191498
165.191498
165.191498
165.477188
165.477188
165.477188
165.477188
165.037979
165.037979
164.966553
164.527328
164.752274
164.313049
164.241638
164.241638
164.170197
164.241638
164.241638
164.752274
164.384491
164.895126
164.895126
165.262909
165.262909
165.630707
165.630707
165.630707
165.477188
165.477188
165.477188
165.477188
165.037979
165.037979
164.966553
164.527328
164.752274
164.313049
164.241638
164.241638
164.170197
164.241638
164.241638
164.752274
164.384491
164.895126
164.895126
165.262909
165.262909
165.630707
165.630707
165.630707
165.109406
165.109406
165.109406
165.477188
165.037979
165.037979
164.966553
164.527328
164.752274
164.313049
164.241638
164.241638
164.170197
164.241638
164.241638
164.752274
164.384491
164.895126
164.895126
165.262909
165.262909
165.630707
165.630707
165.630707
