161.669235
162.037018
161.812073
163.640366
164.590225
165.754349
165.968628
166.622131
167.714828
167.122101
165.140305
162.351501
159.194916
155.895477
153.545883
151.931885
149.950073
149.357361
149.714478
153.360397
157.077728
159.702362
160.866486
161.009338
161.669235
162.108444
162.251297
163.640366
164.661652
165.682922
166.336426
167.061340
167.714828
167.489899
165.579529
162.790710
159.123489
156.263260
153.913681
151.564087
150.389297
149.796570
150.592911
153.360397
157.077728
160.580795
161.377136
161.816345
161.669220
162.108444
162.251297
163.640366
164.733078
165.754364
166.847061
167.132767
168.593262
168.736115
166.457947
163.669159
160.001923
156.263260
153.913681
152.299667
150.389297
150.235779
151.032135
153.871033
157.956161
161.387802
162.623352
163.134003
161.669220
162.108444
162.251297
163.640366
164.733063
166.264984
167.357697
168.450409
169.910904
170.492966
168.582596
165.283157
161.176712
157.438049
154.649261
152.738876
151.196304
150.746429
151.910553
155.556473
159.273804
162.776871
164.308792
164.819427
161.597809
162.476227
162.251297
163.272583
164.436707
165.968628
167.500549
169.400269
172.474762
173.056839
171.075043
167.775604
162.719299
158.173630
155.824051
153.474457
152.074738
151.624847
152.931839
156.945541
161.398453
164.830093
166.433441
167.454712
162.476227
162.986877
163.129730
163.783218
164.947342
166.550705
168.450409
170.717911
173.792419
175.252899
174.078110
169.828827
164.701096
159.716217
157.366638
154.281464
153.320953
152.871078
154.688705
158.263184
162.787537
167.393951
168.997299
170.018585
163.058304
163.568939
163.711792
164.365280
165.090210
166.693558
168.593262
171.667755
175.110062
176.866913
175.692123
171.442825
166.315094
160.891006
158.102203
155.895477
154.567169
154.556519
155.567139
159.580826
163.962311
168.272385
170.611313
171.632599
165.468658
165.540070
165.243713
165.090195
165.743683
166.836395
167.929108
171.371399
175.620697
177.306122
176.570557
172.617615
167.489899
162.505020
159.277008
157.070267
156.252594
155.802734
156.813354
160.827057
165.208542
169.007965
170.539886
172.000381
167.950424
167.950439
167.286285
166.622131
166.397186
166.682892
167.704163
171.442825
175.620697
178.184555
177.306122
173.863831
169.103897
164.047607
161.258804
158.755707
157.427399
157.488159
158.498779
161.634048
166.015533
169.375748
170.907669
172.296753
169.553772
169.185989
168.450409
167.786255
167.050674
167.193527
168.214813
171.953461
176.059906
178.552353
178.113129
175.477844
170.350113
166.100830
163.312012
160.808929
159.480621
159.541382
159.745010
162.808838
166.311905
169.304321
171.204041
172.153885
169.543106
169.471695
168.736115
168.439743
168.071960
167.704163
168.654022
172.321259
176.427704
179.287933
179.216492
176.581207
172.699707
168.889618
166.100830
163.597717
162.340851
161.594604
162.094589
164.422852
167.486694
170.039902
171.061188
172.011047
167.407806
167.775589
168.214813
168.214813
168.582596
169.389603
171.075043
174.374481
177.531067
179.952087
179.880646
178.563019
175.856293
172.556854
170.135849
167.704163
166.008072
164.751190
164.515594
165.965439
168.222275
170.336273
170.918335
171.868195
165.272491
165.201080
166.447296
167.622086
169.093231
171.514252
173.056839
175.845642
178.705856
181.055450
180.912598
180.841171
178.645096
176.959671
175.049286
172.106979
170.043091
167.539993
167.304398
168.243591
169.325638
170.121979
170.775482
171.357544
163.504974
163.801331
164.976135
167.325714
169.675308
173.128265
175.038635
177.827438
179.737808
181.648178
182.383759
182.383759
181.873108
180.626892
179.084320
176.141998
174.078110
170.768005
170.021774
169.786179
170.357574
170.786133
170.264847
171.214691
163.137192
163.433548
164.976135
167.764938
170.410889
173.863831
176.141998
178.563019
180.473373
182.015961
183.119324
183.487122
183.854904
183.047913
182.015961
179.370010
176.427704
173.853180
172.228500
171.625122
171.021729
171.011078
170.418350
171.000427
163.872772
164.169128
165.711716
168.429077
170.778687
174.599426
176.877579
178.930801
180.841171
182.751541
183.926331
184.733337
185.101135
184.733337
184.069183
181.351807
178.705872
176.131332
174.067459
173.464081
171.982254
171.532379
171.011078
171.082504
165.343933
165.640289
166.743652
169.532455
171.442825
174.456573
176.806152
179.227173
181.576752
183.190765
184.294113
185.540344
185.908142
185.979553
184.804764
183.333618
180.544800
177.970276
176.345612
174.792374
173.310562
172.053680
171.532379
171.675232
167.182861
167.111450
167.847015
170.196609
172.035553
174.752930
176.734726
179.084305
181.576752
183.119324
184.733337
185.979553
186.786560
186.490204
186.050980
184.508408
181.648178
179.441437
177.745346
175.824310
173.831863
172.646408
171.685883
171.828735
168.214813
168.511169
169.318176
170.789337
172.699707
174.610077
176.591873
179.012878
181.066101
183.119324
184.294128
185.979553
187.225784
187.297195
186.490204
184.876190
183.262177
180.912598
178.338074
176.417038
174.424591
173.239136
171.839401
171.543030
169.543121
169.839478
170.717911
171.453491
172.924652
174.835022
176.009796
178.063034
180.555466
182.169464
183.926331
185.611771
186.857986
187.736420
187.368622
185.754623
183.262177
180.912598
178.266647
176.274185
174.281738
173.096283
172.064331
171.767975
171.014282
171.310638
171.310638
172.485428
173.149582
174.252945
175.499161
177.552383
179.605606
181.362473
183.047913
185.243988
186.929413
187.807831
187.440048
185.386826
183.262177
180.841171
178.195221
176.202759
173.771088
172.514206
171.482269
171.185898
171.974792
172.342575
172.342575
172.710358
173.374512
174.110092
174.988525
177.041748
178.798599
180.484039
182.680115
184.436981
186.561630
187.736420
187.511475
185.386841
183.262192
180.401947
178.123795
176.131348
174.138885
172.442780
171.339417
171.043060
172.271149
172.638947
172.638947
173.078156
173.303101
174.038666
174.917099
176.163315
178.727173
180.484039
182.240906
184.069183
186.561630
187.807831
187.511475
185.386826
183.262177
180.401947
178.123795
176.059906
173.699677
172.003571
171.339417
171.043060
173.078156
173.445938
173.445938
173.445938
173.231659
173.967255
174.477875
176.531113
178.287964
180.044830
181.873108
184.436981
186.561615
187.807831
187.582901
185.458252
183.629974
180.769745
178.491592
176.059906
173.699661
171.932159
171.267990
170.971634
