141.419510
142.072998
143.451416
146.504593
150.282700
152.303940
153.968048
153.803894
152.914795
151.657913
151.065186
152.015045
151.943619
153.486191
154.221771
155.989288
158.124603
160.188492
160.413422
160.566925
159.913452
159.913452
159.770599
159.699173
140.980301
141.633789
143.012192
146.065384
149.772049
152.600311
153.896637
153.732452
152.914795
151.586487
151.432983
152.015045
151.943619
153.118408
154.221771
156.357086
158.053177
159.749268
160.342010
160.638367
159.984879
159.842010
159.699158
159.699158
140.469650
141.123138
142.501556
145.483307
149.557770
152.825241
154.121567
153.589600
152.771942
151.954285
151.432983
152.015045
151.943619
153.118408
153.853989
155.989304
158.124603
159.820694
160.413422
160.638367
159.984879
159.984863
159.770599
159.770599
139.887589
140.541077
141.848068
145.197601
149.343506
152.539536
154.275085
153.671692
152.629089
151.882843
151.290131
151.943619
151.943619
152.750610
153.853989
155.621506
157.756821
159.524338
160.484848
160.781219
160.127716
160.424088
159.913452
160.281235
138.794876
139.448364
140.755356
144.544113
148.547165
152.110992
153.917938
153.825211
152.782608
151.668579
152.025696
151.432983
151.504395
152.311401
153.486191
155.325134
157.828247
159.595764
160.188492
160.781219
160.270569
160.495514
160.352661
160.424088
137.334381
138.355667
140.030441
143.308563
148.118607
151.753845
153.928619
153.835861
152.936111
152.332733
151.882843
151.729340
151.872192
152.311401
153.118408
154.957352
157.899658
158.860184
159.820694
160.484848
160.342010
160.638367
160.495514
160.495514
136.313095
137.702179
139.376953
142.655075
146.954468
151.396729
153.571487
153.550156
152.650406
152.629089
152.618423
152.097137
152.239990
152.311401
153.118408
154.957352
157.164093
159.003036
159.963547
160.627701
160.484848
160.270569
160.638367
160.638367
136.098831
136.680893
138.723450
141.930145
146.229553
150.232590
152.846558
153.335876
152.946777
153.293243
153.354004
152.832703
152.607773
153.046997
153.486206
154.957367
157.164093
158.635239
159.667175
160.331329
160.188492
160.413422
160.341995
160.341995
135.373901
136.834396
138.069962
141.276657
145.136841
149.507675
151.753860
153.050171
153.243134
154.028809
154.161011
154.007507
153.711136
153.414764
153.853989
155.396576
156.867722
158.338882
159.442245
159.667191
159.963562
160.117065
160.117065
160.045639
135.231049
136.252335
137.487900
140.623169
144.044144
147.975754
150.589722
152.396683
153.396652
154.621552
154.825165
155.110870
154.446716
154.150360
154.660995
155.835785
156.499939
158.042511
158.778091
159.370819
159.227966
159.892120
159.892120
160.188492
135.088196
136.180908
137.345047
139.601883
142.880005
145.933182
148.475739
151.161133
153.039520
154.775055
155.857101
156.214233
155.182297
154.957352
155.468002
155.835785
156.203583
157.306946
158.113937
158.635254
158.931610
159.156540
159.156540
159.452911
135.088211
135.670273
136.834396
138.141388
140.908875
143.379990
145.993958
149.486359
152.243179
155.296356
156.449829
156.878387
155.917877
155.325134
155.468002
155.539429
156.274994
156.571365
157.306946
157.899658
158.635239
158.420975
158.860184
159.085114
135.598846
135.741699
136.395187
137.559326
138.866302
140.458984
143.369324
147.300934
151.814621
155.307022
156.971130
157.471115
156.653442
156.132141
155.907211
155.610855
155.978638
155.907211
156.642792
157.235519
157.899673
158.124603
158.053177
158.420975
135.741699
135.884552
136.027405
136.313110
137.038025
138.345001
140.816116
145.186951
150.507629
154.949890
156.981796
157.624619
157.389023
156.939148
155.978638
155.610840
156.050064
155.539429
155.907211
156.499939
157.164093
157.389023
157.756821
158.053177
136.905823
136.609467
136.680893
135.945312
136.088165
136.445297
138.773560
143.879959
150.079086
154.082123
156.992447
157.778137
157.981750
156.796295
156.714203
156.417847
155.682281
154.803848
155.539429
155.764359
156.428513
156.653458
157.021240
157.317596
138.284241
138.355667
137.916458
136.598801
135.648956
135.424011
137.609421
142.715836
148.404312
153.653564
156.563904
157.860214
158.135269
158.267456
157.378357
156.785645
155.682281
154.803848
154.732422
155.028778
155.621506
155.917877
156.285660
157.021240
140.173294
140.173294
139.294861
137.762939
135.791794
134.841949
136.516724
141.551697
147.536530
152.346588
156.135345
157.431671
158.288773
158.860184
158.481735
157.521210
155.610840
154.364624
154.364624
154.660995
155.325134
155.621506
155.989288
155.917877
142.133774
141.623123
140.673264
138.559280
136.373871
134.402725
136.302444
140.387573
146.300980
151.039597
154.828354
157.003113
158.299438
159.013702
158.706665
157.817581
156.346420
154.732422
153.996841
154.221771
154.957352
155.325134
155.253708
155.989288
143.655029
143.583603
142.419464
139.723419
137.027359
135.281158
136.159592
140.101868
145.136841
149.293396
153.082153
155.696121
157.574524
159.167206
159.370819
158.113937
156.346420
154.732422
153.996841
154.364624
154.589569
155.396576
155.325150
155.692932
145.686935
145.176285
144.012161
141.612457
138.630707
136.302444
137.038025
139.887589
143.901291
147.547195
151.264526
153.949921
157.074539
159.249283
159.524338
159.145889
157.449799
155.610840
154.875275
155.243057
155.539413
155.764359
155.764359
156.132156
147.351044
147.136765
145.094208
142.919449
140.305481
138.202148
138.284241
139.816162
142.737152
145.433212
149.079117
152.203735
155.838974
158.524384
159.677841
159.442245
157.817581
156.417847
155.753693
156.121490
156.346420
156.274994
156.642792
156.571365
147.922455
148.075958
146.401184
144.226440
141.837402
139.591217
139.234100
140.112518
141.644440
144.269073
147.036560
150.600372
155.114059
158.238678
159.902786
159.299408
158.185364
156.857056
156.192917
156.632126
157.224854
157.082001
157.082001
157.010574
149.158005
148.433090
147.126114
144.808502
142.858688
140.541077
139.673309
139.969666
141.133804
143.176361
145.943848
150.386108
154.460571
158.095825
160.199158
160.034973
158.920959
157.664062
156.632126
157.071335
157.224854
157.082001
157.082001
157.010574
149.300873
148.575943
147.708176
145.319138
143.297897
140.541077
139.234100
139.969666
140.990952
142.665726
145.433212
149.875458
154.828354
158.024384
159.759933
159.595764
158.553162
157.735489
157.071350
157.510559
157.664062
157.082001
157.082001
157.010574
