0.000212
0.001975
0.000335
0.001767
-0.004540
0.000922
0.005164
0.007264
0.006696
0.000600
0.001098
0.000488
0.001764
0.000715
0.006075
0.006577
0.004596
0.003897
0.001823
0.001067
0.001254
0.000923
0.000891
0.005048
-0.000076
0.001145
-0.000773
-0.000723
0.001460
-0.000067
0.001169
-0.002529
0.002940
-0.000376
0.000762
-0.003256
0.000430
0.002437
0.000094
0.000659
0.001379
-0.000712
-0.000502
0.000521
-0.000976
0.000750
0.000159
0.001046
0.000898
0.003503
0.003675
0.001126
-0.000577
-0.001794
0.001693
0.002508
0.000240
0.000985
0.002839
0.001209
-0.000267
0.000447
-0.000653
0.000729
0.000739
0.001933
0.001641
-0.002739
-0.001345
0.000291
-0.000377
0.001745
-0.000484
0.000419
-0.000762
0.000106
0.000865
0.000418
0.003136
0.002060
-0.000096
