-0.001971
-0.002880
-0.003842
-0.005809
-0.001121
0.002711
0.008488
0.008266
0.003709
0.001885
-0.000351
-0.004109
-0.002698
0.005440
0.011000
0.009454
0.007063
0.006295
0.000314
-0.002890
-0.004038
0.001401
0.007017
0.013329
0.007996
-0.000422
-0.000451
0.001272
0.000346
0.001241
0.003117
0.003405
0.008167
-0.004394
-0.020260
-0.024869
0.003501
0.000590
-0.002187
0.001533
0.006403
-0.008382
-0.041609
-0.047399
-0.027223
0.000672
-0.003449
-0.005189
-0.003073
-0.013682
-0.041153
-0.061395
-0.027967
0.007779
-0.004036
-0.006326
-0.009472
-0.015864
-0.033798
-0.033394
-0.005787
0.038859
0.031416
0.001246
0.004944
0.003226
-0.001251
-0.007563
0.022867
0.066687
0.078743
0.024593
0.005033
0.008984
0.007209
0.003983
0.007874
0.027632
0.039181
0.028161
-0.009818
