0.002657
-0.001965
-0.005299
-0.009103
-0.014631
-0.006797
-0.002789
0.000310
0.001488
0.004932
0.002928
0.000408
-0.002035
-0.006539
0.001552
0.003480
0.004742
0.004357
0.002744
0.001294
0.001309
0.004193
0.002258
0.009472
0.007240
0.003142
0.001004
0.001908
0.003683
0.004669
0.007267
0.007056
0.012182
0.006031
-0.001189
-0.007421
0.001719
0.010685
0.010355
0.003731
0.001481
0.008171
0.008645
0.003422
-0.002757
0.001944
0.008817
0.004237
-0.014942
-0.025890
-0.011007
0.005017
0.006496
0.006850
0.000189
0.003231
-0.001655
-0.019407
-0.033066
-0.017967
0.003003
0.012346
0.012552
-0.000583
-0.001658
-0.002923
-0.007304
-0.013881
-0.002410
0.007519
0.012133
0.011974
0.000122
-0.001176
-0.001414
-0.001891
0.003062
0.002806
0.004550
0.003053
0.003497
