-0.003087
-0.000422
0.005759
0.009737
0.005796
-0.000338
-0.000753
0.002408
0.000267
-0.001931
-0.001870
0.003470
0.003945
0.001536
-0.007599
-0.006528
0.001672
0.002006
-0.002917
-0.004101
-0.000595
0.000153
-0.002093
-0.017348
-0.014087
0.004464
0.006100
-0.002862
-0.008695
-0.003833
0.007328
-0.006843
-0.034589
-0.016239
0.020658
0.018318
-0.000517
-0.004078
0.004942
0.014749
-0.029340
-0.048817
0.001663
0.044494
0.027082
0.005368
0.002373
0.013008
0.011571
-0.036704
-0.024400
0.036127
0.042000
0.006340
0.008033
0.007500
0.009585
-0.009979
-0.037495
0.001125
0.042220
0.017999
-0.011153
0.003761
0.004315
0.001177
-0.016282
-0.030801
0.003212
0.025311
0.003905
-0.008115
-0.003641
-0.002948
-0.001568
-0.009925
-0.014869
-0.002225
0.005919
-0.000497
-0.004602
