0.003130
-0.001128
-0.010173
-0.007546
-0.001544
-0.002484
0.001000
0.001898
0.004469
0.003128
0.000763
-0.009522
-0.013782
-0.008671
-0.004946
-0.003536
-0.006846
-0.001195
0.005775
0.004178
-0.000789
-0.009993
-0.013845
-0.003288
0.002101
-0.010395
-0.010449
0.004965
0.006519
0.005961
-0.000240
-0.013016
0.002665
0.029045
0.013468
-0.012349
0.009844
0.005634
0.004077
0.004572
-0.026231
-0.017118
0.049902
0.065064
0.009573
0.009284
0.001172
-0.001450
0.013094
-0.016452
-0.053970
-0.002215
0.059986
0.029298
0.007900
-0.002735
-0.013284
0.008514
0.017574
-0.034600
-0.048649
0.000933
0.018267
0.002788
-0.005014
-0.015849
-0.006750
0.021969
0.009121
-0.026605
-0.025708
-0.000463
0.000133
-0.002644
-0.010860
-0.016634
-0.008021
0.005726
0.006009
-0.005898
0.001511
