-0.006031
-0.003733
0.000770
0.004820
0.004859
0.004951
0.004550
0.004507
0.003665
-0.004199
-0.002036
0.002969
0.007420
0.005062
0.004892
0.004203
0.003554
0.003521
-0.000743
0.001325
0.005181
0.006248
-0.004763
-0.006155
-0.002160
0.002104
0.003625
0.001707
0.004255
0.004587
-0.004796
-0.024185
-0.023546
-0.010310
0.002382
0.005446
0.006565
0.006330
-0.003648
-0.023351
-0.038064
-0.028701
-0.007971
0.009216
0.009342
0.010736
0.006852
-0.007873
-0.024056
-0.027483
-0.014532
0.007783
0.025771
0.014354
0.015679
0.011232
-0.001437
-0.011198
-0.009263
0.006450
0.030015
0.038249
0.016684
0.015518
0.011901
0.001256
-0.007411
-0.004697
0.015746
0.033143
0.025649
0.006225
0.008612
0.006293
-0.001270
-0.005015
0.000875
0.011145
0.015328
0.006947
-0.002159
