0.003812
0.004754
0.008249
0.008951
0.007532
0.010777
0.006336
0.006610
0.008424
-0.001034
-0.000284
0.003778
0.004779
0.004197
0.006896
0.002298
0.002907
0.004246
-0.002732
-0.004222
-0.003482
-0.007908
-0.019212
-0.014142
-0.004844
0.003505
0.004098
0.004760
-0.006130
-0.011547
-0.012613
-0.032391
-0.035051
-0.015992
0.002919
0.005540
0.004824
-0.010153
-0.017511
0.014595
0.028089
-0.014354
-0.029689
-0.011717
0.000457
0.009036
-0.004225
-0.007279
0.044625
0.083552
0.029864
-0.023731
-0.015168
0.003086
0.009962
0.008103
0.008123
0.025463
0.044497
0.025659
-0.009804
-0.006636
0.005081
0.007999
0.010767
0.001791
-0.021407
-0.031139
-0.016444
-0.015442
-0.012637
-0.004683
0.003668
-0.000230
-0.009067
-0.024358
-0.028453
-0.021573
-0.014762
-0.014194
-0.006949
