-0.001039
-0.001432
-0.005042
-0.008234
-0.019299
-0.022255
-0.015708
-0.010554
-0.005430
0.001429
-0.001073
-0.006917
-0.010689
-0.015342
-0.020317
-0.019332
-0.014393
-0.003378
0.002163
-0.000682
-0.011663
-0.018710
-0.006723
-0.005328
-0.012772
-0.011721
-0.003316
0.004191
0.005641
-0.004845
-0.012757
0.021062
0.034047
0.005813
-0.006590
0.002741
0.000800
0.004510
0.004651
0.006222
0.035907
0.076874
0.033605
-0.003846
0.006526
-0.012840
-0.010099
0.004269
0.020471
0.043320
0.093576
0.064831
0.008845
0.006588
-0.013382
-0.010425
0.008450
0.034499
0.027593
0.046199
0.048579
0.019524
0.009534
-0.019375
-0.016113
-0.003407
0.015996
-0.008779
-0.026297
-0.012533
-0.010057
0.002547
-0.007394
-0.012007
0.000375
0.015266
0.003516
-0.006123
-0.013341
-0.009716
-0.009814
