-0.000415
0.000281
0.001710
-0.000358
-0.002730
-0.002003
-0.001969
-0.004266
-0.004821
-0.000665
-0.001714
-0.002115
-0.002911
-0.003064
-0.002616
-0.004386
-0.006860
-0.005795
-0.005877
-0.005898
-0.003105
0.001047
0.002645
0.002156
-0.001906
-0.008082
-0.005777
-0.011192
-0.008889
-0.002332
0.011825
0.018553
0.015689
0.004391
-0.006627
-0.004729
-0.016240
-0.014625
-0.003980
0.020818
0.035208
0.022534
0.003212
-0.009380
-0.007322
-0.020181
-0.016221
0.002605
0.030214
0.033758
0.013547
-0.006961
-0.019013
-0.017237
-0.017440
-0.012104
0.006928
0.024188
0.020291
0.005003
-0.018508
-0.033283
-0.018919
-0.011781
-0.008811
0.005206
0.014601
0.010541
-0.000614
-0.026158
-0.032786
-0.011862
-0.008621
-0.005914
0.003529
0.007929
0.001662
-0.007092
-0.017174
-0.013968
-0.002414
