0.000558
0.004504
-0.000930
-0.011311
-0.011900
-0.009613
-0.007389
-0.005091
-0.004981
-0.000086
0.004647
-0.000186
-0.006618
-0.007119
-0.002319
-0.000472
0.000489
-0.000890
0.001339
0.004963
0.002460
-0.000821
-0.005129
0.006665
0.008253
0.005259
0.001026
0.000099
0.008648
0.004883
-0.004985
-0.010960
0.016216
0.020873
0.006077
-0.000514
0.000559
0.012056
0.000566
-0.025468
-0.011728
0.037363
0.031938
0.003607
-0.000484
0.003811
0.009497
-0.014852
-0.040660
0.002089
0.043824
0.002195
-0.023743
-0.007797
0.006933
0.001207
-0.025732
-0.027205
0.020946
0.023910
-0.039671
-0.041649
-0.003124
0.003524
-0.004216
-0.015869
-0.001336
0.028603
0.014374
-0.033472
-0.029931
-0.003189
-0.000132
-0.001617
-0.004241
0.003929
0.013928
0.009782
-0.005458
-0.008419
-0.000256
