-0.001891
-0.003528
-0.002368
-0.001463
-0.001692
-0.004118
-0.004567
-0.003786
-0.002330
-0.005187
-0.004620
0.002154
0.003827
0.000943
-0.001924
-0.000996
-0.001669
-0.001010
-0.006264
-0.006534
0.003116
0.012151
0.009040
-0.001869
-0.000086
0.005230
0.006728
-0.002011
-0.004978
0.001251
0.015567
0.020391
-0.003638
-0.011212
0.004789
0.016004
0.002110
0.000371
0.000578
0.016496
0.038721
0.014071
-0.033785
-0.032519
0.004312
0.004879
0.000386
-0.011052
-0.011503
0.030861
0.049676
-0.007067
-0.051450
-0.017282
0.005712
0.001961
-0.011872
-0.035960
-0.016518
0.041748
0.031238
-0.024385
-0.022591
0.009238
0.006618
-0.003096
-0.027467
-0.038555
0.005036
0.033896
0.007797
-0.008483
0.005442
0.005499
0.004033
-0.003342
-0.015496
-0.006994
0.010600
0.006975
-0.006191
