0.003035
0.000732
0.002067
0.005384
0.002126
-0.000934
-0.006330
-0.008476
-0.002328
-0.000099
-0.002315
0.001506
0.009320
0.010193
0.006440
-0.006677
-0.013249
-0.003328
-0.004022
-0.008262
-0.005218
0.005438
0.012695
0.011969
-0.002520
-0.009470
-0.002345
-0.004216
-0.008566
-0.010338
-0.006790
0.006518
0.016211
0.002339
-0.005949
-0.001427
-0.006910
-0.009047
-0.009472
-0.009811
0.002361
0.018192
0.007353
0.001663
0.008441
-0.000276
-0.002798
-0.006000
-0.008445
-0.004178
0.006782
0.005453
0.010012
0.009533
0.003359
0.007814
0.004720
-0.003621
-0.007332
-0.016123
-0.017823
-0.005175
-0.001319
0.004542
0.012643
0.013467
0.007638
-0.001581
-0.017295
-0.016551
-0.007209
-0.006331
0.005637
0.003056
0.003338
0.001345
-0.004165
-0.003176
-0.002975
-0.001529
-0.004824
