0.003041
0.002530
-0.001547
-0.002462
-0.001017
0.002033
0.003618
0.004422
0.003667
0.003712
0.001633
-0.001707
-0.000694
0.000087
0.002494
0.004774
0.007119
-0.000794
0.001321
0.000015
-0.000788
0.000702
-0.002409
-0.003167
-0.004670
-0.001747
-0.000458
-0.003228
-0.001600
-0.000271
0.001077
-0.002639
-0.013342
-0.019836
-0.014490
0.000979
-0.002676
0.002265
0.003874
0.004328
-0.002303
-0.015582
-0.024320
-0.013245
-0.003740
-0.004989
-0.000920
0.001471
0.001520
-0.006059
-0.024892
-0.027149
-0.007541
-0.003677
-0.001758
-0.001100
0.001792
0.002226
-0.011923
-0.018399
-0.008921
0.022864
0.011569
0.000501
0.001315
0.004810
0.003111
-0.020716
-0.016648
0.004047
0.045656
0.019306
-0.003106
-0.002097
0.000595
-0.000384
-0.009944
-0.017051
-0.002634
0.021950
0.007606
