-0.007343
-0.009271
-0.006050
-0.004707
-0.005902
-0.006155
-0.009315
-0.016866
-0.012458
-0.003821
-0.008022
-0.005605
-0.004726
-0.012392
-0.013243
-0.005744
-0.007041
-0.004542
0.003403
-0.004296
-0.000380
0.017917
0.015130
0.003512
0.002618
-0.000476
-0.000423
0.002268
-0.005609
0.003348
0.043999
0.066353
0.034677
-0.000868
-0.010084
-0.002320
0.004602
-0.007067
-0.005447
0.030140
0.053382
0.024757
-0.014564
-0.018286
-0.000599
-0.003160
-0.014869
-0.022528
-0.014613
-0.007696
-0.021183
-0.035858
-0.026170
-0.003894
-0.005449
-0.013565
-0.018460
-0.019812
-0.025034
-0.027610
-0.026610
-0.020605
-0.007603
-0.005509
-0.012293
-0.004625
0.008097
0.004436
0.003679
0.000816
-0.007894
-0.005735
-0.006017
-0.008120
0.000863
0.012969
0.015015
0.014020
0.010248
0.000316
-0.002924
