-0.008180
0.002200
0.011878
0.012607
0.011952
0.009770
0.011728
0.014121
0.005702
-0.011491
-0.002781
0.009929
0.010482
0.008792
0.008176
0.011268
0.013548
0.007086
-0.009559
-0.004609
0.003295
0.005890
0.007202
-0.006297
-0.011311
-0.003332
0.005360
-0.007683
-0.004063
-0.002837
0.006731
0.015966
-0.022121
-0.053984
-0.038303
-0.001317
-0.005248
-0.000719
-0.001676
0.008065
0.040185
0.008092
-0.064322
-0.070811
-0.020002
-0.001275
0.004860
-0.000368
-0.000231
0.038834
0.063614
0.017456
-0.028587
-0.015926
-0.006765
-0.000511
-0.006618
-0.021601
-0.016024
0.028542
0.043861
0.014119
-0.004166
-0.007037
0.000370
0.004239
-0.005999
-0.040075
-0.034166
-0.004357
0.002775
-0.002742
-0.003877
0.003985
0.013097
0.018304
-0.003355
-0.019304
-0.014135
-0.012649
-0.004319
