0.000505
0.002231
0.003649
0.005251
0.007027
0.002689
0.000646
0.000381
0.001794
0.000499
0.003112
0.003995
0.003873
0.000496
-0.004956
-0.004617
-0.000178
-0.001268
0.002416
0.001645
0.000497
-0.000793
-0.005186
-0.006329
-0.000450
0.003173
0.000348
0.008985
0.004164
-0.005128
-0.011894
-0.010412
0.000103
0.010875
0.011748
0.003155
0.010818
0.002149
-0.014860
-0.027064
-0.020526
-0.001725
0.014243
0.011473
-0.002998
0.013329
0.005176
-0.011451
-0.021788
-0.014271
0.002314
0.017211
0.013279
-0.004795
0.012394
0.012082
0.003904
-0.003557
-0.005647
-0.000449
0.009139
0.009355
0.000632
0.007469
0.010383
0.008383
0.002642
-0.004823
-0.003908
0.001878
0.002731
0.003720
0.004157
0.004169
0.001140
-0.001696
-0.008039
-0.006168
-0.000423
0.001236
0.000063
