0.001806
0.009518
0.000925
-0.008321
-0.028589
-0.059530
-0.063871
-0.010324
0.052109
0.003451
0.008473
-0.002913
-0.008062
-0.023649
-0.064595
-0.073174
0.017390
0.039651
0.014185
0.024114
0.021223
0.005725
-0.030067
-0.061844
-0.028392
0.111639
-0.027973
0.019213
0.019933
0.017514
-0.021881
-0.060875
-0.049595
0.027242
0.159863
-0.069387
0.004785
0.007213
0.007715
0.008627
0.027814
0.041652
0.061366
0.090632
0.051031
0.000960
0.000042
-0.000157
0.001549
0.003266
0.008845
0.009970
0.012444
0.032011
-0.000496
-0.000840
-0.001259
-0.000405
0.002205
0.006831
0.010449
0.009135
0.020244
-0.000984
-0.001361
-0.002496
0.000148
-0.002037
-0.001375
0.005104
0.006597
0.041435
0.001649
0.000834
-0.001362
-0.000691
-0.004501
-0.003875
0.001094
0.004935
0.005542
