-0.005424
-0.007031
-0.005547
-0.001936
0.003628
0.010099
0.013592
0.011321
0.011054
-0.005300
-0.005614
0.000391
0.007967
0.013202
0.017015
0.016047
0.007872
0.003885
-0.002792
-0.000652
0.010999
0.024309
0.026795
0.016377
-0.000767
-0.012711
-0.010060
-0.001699
0.001666
0.016330
0.028792
0.013212
-0.016429
-0.033899
-0.026900
-0.013382
-0.001979
0.001801
0.010029
0.001541
-0.033549
-0.048933
-0.030911
-0.011983
-0.005513
-0.010677
-0.008273
-0.010863
-0.028092
-0.036101
-0.006111
0.020281
0.015124
0.006452
-0.011241
-0.011243
-0.011409
-0.003429
0.022825
0.039909
0.022869
0.003904
0.001298
-0.001973
0.000429
0.012951
0.036758
0.052005
0.021130
-0.014526
-0.014486
-0.004356
0.000951
0.004760
0.015975
0.024226
0.018700
-0.006600
-0.014783
-0.007503
-0.003745
