-0.008314
-0.000709
-0.001150
0.000515
0.000388
-0.010353
-0.007019
-0.003022
0.000386
-0.012137
-0.010622
-0.008246
0.002297
0.011562
-0.005410
-0.004867
-0.002138
0.001133
-0.006772
-0.017594
-0.017397
0.002340
0.030254
0.004074
-0.004220
-0.004800
0.000441
-0.000365
-0.006266
-0.014627
-0.004868
0.043891
0.005194
-0.011044
-0.010213
0.000607
-0.000431
0.004888
-0.013269
-0.021112
0.095135
-0.008561
-0.030672
-0.021760
-0.004476
-0.005536
-0.003379
-0.021292
-0.005073
0.105207
-0.016393
-0.037207
-0.023829
-0.003088
0.014590
-0.019926
-0.043031
0.005297
0.095136
-0.024978
-0.038611
-0.025443
-0.006222
0.015136
-0.038592
-0.046914
0.017815
0.086613
-0.013510
-0.021822
-0.015791
-0.004483
-0.017920
-0.031857
0.002704
-0.000052
0.021334
0.002968
-0.000228
-0.004180
0.000275
