0.005687
0.007361
0.010800
0.010281
-0.002155
-0.011836
-0.005258
-0.001669
-0.011558
0.007046
0.005347
0.005729
0.007248
-0.002345
-0.008619
-0.007353
-0.004851
-0.007517
-0.004040
-0.005187
-0.003929
-0.003105
-0.009383
-0.021171
-0.020565
-0.008467
0.002357
-0.015016
-0.013230
-0.006865
-0.008215
-0.008481
-0.011244
-0.003588
0.006873
0.010701
-0.018317
-0.014315
-0.007072
-0.002258
0.022939
0.033774
0.036243
0.032873
0.019732
-0.003147
-0.006256
-0.003235
0.011767
0.030943
0.030301
0.020880
0.015308
0.006072
0.005605
0.003101
0.011270
0.015308
-0.001483
-0.027927
-0.032653
-0.025659
-0.017376
0.004363
0.007767
0.010451
-0.006597
-0.029848
-0.042893
-0.036750
-0.033047
-0.022854
0.002587
0.006164
0.000075
-0.012764
-0.011973
-0.010557
-0.006389
-0.010421
-0.008854
