0.002273
-0.000290
-0.004020
-0.008456
-0.001166
-0.001978
-0.006493
-0.008760
-0.005930
0.003071
0.001576
0.002391
-0.000770
0.004476
0.007676
0.004003
0.000244
-0.001979
0.005272
0.004038
0.006893
0.006423
0.014698
0.022164
0.016936
0.011164
-0.000434
0.006158
0.005695
0.010791
0.017579
0.029519
0.044227
0.034219
0.025632
0.001367
0.007866
0.015008
0.027247
0.038565
0.069301
0.079558
0.059037
0.047052
0.016875
0.006079
0.011597
0.022429
0.035986
0.069935
0.078206
0.050686
0.036114
0.012423
0.006715
0.011116
0.023846
0.041132
0.072523
0.085609
0.058429
0.042262
0.016770
-0.001138
0.005238
0.021516
0.036429
0.059338
0.067217
0.047105
0.034812
0.013925
-0.001673
0.001931
0.007598
0.013562
0.014291
0.017194
0.015839
0.013703
0.013304
