0.002379
0.007245
0.001149
-0.000171
0.015475
0.001612
0.001685
-0.000575
-0.002213
-0.006112
0.003193
-0.000660
-0.001960
0.011499
0.000546
-0.000602
-0.001816
-0.003859
-0.010903
0.000219
-0.000523
-0.013497
-0.005347
-0.002902
-0.001506
-0.002420
-0.002261
-0.016306
0.000449
0.009170
-0.012929
-0.020698
-0.007198
0.000922
0.002390
0.002303
-0.011908
0.006310
0.029893
0.008595
-0.017733
-0.017128
0.000284
0.008149
0.002887
-0.009068
0.008843
0.031186
0.020164
-0.007859
-0.015762
0.005423
0.019734
0.004232
-0.005657
0.003395
0.006239
0.011719
0.011941
-0.011335
0.001699
0.018849
0.007688
-0.011401
-0.010525
-0.011546
0.002972
0.027217
-0.009830
-0.004669
0.012863
0.006662
-0.015397
-0.010836
-0.002974
0.007760
0.001760
-0.002539
-0.002856
0.004229
0.003710
