-0.005052
-0.003624
0.002797
0.007387
0.008642
0.004326
-0.003368
-0.005507
0.000365
-0.007080
-0.006363
0.003311
0.008489
0.008713
0.005184
-0.001738
-0.006121
-0.001876
-0.009546
-0.013070
0.001416
0.010300
0.007296
0.002125
-0.004229
-0.007920
-0.003899
-0.010060
-0.019221
-0.003486
0.015995
0.012296
-0.005497
-0.012556
-0.010591
-0.006127
-0.012585
-0.021029
-0.005855
0.027798
0.022901
-0.013934
-0.026040
-0.011625
-0.004341
-0.010133
-0.018324
-0.006103
0.026131
0.027940
-0.014999
-0.040210
-0.021618
-0.004055
-0.004298
-0.012313
-0.007886
0.012688
0.026177
0.011931
-0.014900
-0.016917
-0.003322
0.000703
-0.007462
-0.009522
-0.001492
0.014246
0.027848
0.018161
0.000358
0.001148
0.005286
-0.002013
-0.004416
-0.004560
0.002233
0.011815
0.010353
0.001501
0.000658
