-0.014206
-0.011390
-0.008983
-0.007733
-0.001004
-0.005161
-0.000850
0.002761
0.001674
-0.010520
-0.009650
-0.010017
-0.005147
0.004730
-0.004470
-0.006382
-0.004064
-0.001727
-0.006958
-0.007331
-0.005549
0.000426
0.004881
-0.014002
-0.018724
-0.021446
-0.010795
-0.009303
-0.007173
0.004733
0.015036
0.013695
-0.011935
-0.010939
-0.019681
-0.012037
-0.013765
-0.012976
-0.002503
0.020125
0.025380
0.010830
0.030157
0.019550
0.008273
-0.017404
-0.021065
-0.023091
-0.010144
0.016766
0.033391
0.064242
0.045822
0.022384
-0.019027
-0.020858
-0.035615
-0.030806
0.011420
0.050243
0.081604
0.054778
0.024348
-0.003805
-0.007425
-0.026301
-0.028316
0.006865
0.031747
0.052220
0.034600
0.013217
-0.004603
-0.003134
-0.009224
-0.008149
0.015909
0.018615
0.015190
0.009316
-0.003508
