0.001319
-0.000718
-0.001468
-0.001071
0.000865
0.004914
0.006403
-0.000387
-0.003423
0.001718
0.001733
0.000350
-0.000725
0.000116
0.008465
0.008665
-0.001815
-0.004110
0.003149
0.002913
-0.000626
-0.002933
0.000689
0.010405
0.006345
-0.007276
-0.005898
0.003400
0.000302
-0.003301
-0.006151
0.001106
0.012416
0.002619
-0.014699
-0.010953
-0.000394
-0.004644
-0.010554
-0.012787
0.008801
0.024718
-0.002829
-0.028892
-0.016738
-0.005615
-0.011618
-0.018607
-0.010156
0.027559
0.023982
-0.026479
-0.041233
-0.007601
-0.008302
-0.015791
-0.013336
0.015274
0.044865
0.006503
-0.039121
-0.023265
0.010399
-0.006511
-0.007699
0.006300
0.036743
0.038776
-0.007319
-0.023583
0.003690
0.015330
-0.004347
-0.001698
0.008748
0.023429
0.015154
-0.011475
-0.007526
0.011270
0.009868
