-0.003111
-0.005293
-0.007657
-0.011505
-0.017226
-0.017584
-0.010714
-0.005964
-0.007537
-0.001371
-0.001494
-0.001400
-0.005188
-0.011721
-0.011983
-0.009757
-0.006209
-0.004338
-0.002668
-0.000896
0.003673
0.004052
0.004714
0.004154
0.003568
0.001826
0.000864
-0.000941
0.000760
0.009628
0.018656
0.026426
0.025402
0.017164
0.009605
0.006449
-0.002825
0.002798
0.013439
0.019848
0.013601
0.003491
0.001271
0.011397
0.020741
-0.005344
-0.000043
0.006301
0.000677
-0.017524
-0.030623
-0.022882
0.002145
0.010625
-0.005603
-0.002233
0.000451
-0.004208
-0.012536
-0.017820
-0.013155
0.001761
0.006157
-0.006723
-0.004639
-0.000947
-0.001074
-0.001853
-0.001949
-0.002152
0.005904
0.002496
-0.001585
0.000621
0.004000
0.005358
0.002194
-0.000670
-0.001456
0.002098
0.000835
