0.004283
0.008153
0.007024
-0.000587
-0.004497
-0.003953
-0.008727
-0.006255
-0.000254
0.004249
0.009437
0.005782
-0.001994
-0.003601
-0.001473
-0.004961
-0.002463
-0.000996
0.003630
0.010760
0.005828
-0.006332
-0.008029
0.000587
0.006528
0.013982
0.008086
0.000394
0.005169
0.001913
-0.007378
-0.013885
-0.009210
0.010433
0.031869
0.024389
-0.005704
-0.000736
0.001810
-0.006620
-0.021263
-0.032357
-0.009171
0.035992
0.034001
-0.008494
0.000929
0.012093
0.007124
-0.010981
-0.032234
-0.029850
0.010381
0.025435
-0.013299
-0.004825
0.016139
0.022553
0.005049
-0.018323
-0.033912
-0.019368
0.005187
-0.016087
-0.009757
0.015662
0.035224
0.028247
0.003137
-0.021884
-0.022312
-0.005139
-0.008607
-0.006956
0.004168
0.023252
0.028790
0.014020
-0.001170
-0.004874
-0.000596
