-0.003699
0.003622
0.010013
0.009165
0.007331
-0.005531
-0.008900
-0.006975
-0.007779
0.000973
0.004361
0.008657
0.003502
0.001998
-0.008582
-0.011895
-0.011731
-0.006252
0.003846
0.005535
0.000160
-0.011869
-0.005803
-0.008123
0.003432
0.008496
0.006515
0.004877
-0.000202
-0.017852
-0.039104
-0.017733
-0.005063
0.012987
0.013169
0.018356
0.005734
-0.004986
-0.021929
-0.032188
-0.010311
0.015879
0.025217
0.014381
0.001454
0.007525
-0.001750
-0.015450
-0.013919
0.004568
0.024878
0.030248
0.001266
-0.014447
0.000282
-0.006562
-0.007126
0.009310
0.017252
0.013395
0.021903
-0.005692
-0.020236
-0.006067
-0.008238
-0.004358
0.013542
0.019096
-0.005992
0.013151
0.003305
-0.014203
-0.002983
-0.009830
-0.003364
0.008826
-0.001038
-0.007050
0.001901
0.002691
0.002360
