0.003488
0.001208
-0.004716
-0.004381
0.001798
0.006105
0.010536
0.010019
-0.000089
0.003339
0.001927
-0.002260
-0.000213
0.001676
-0.000993
-0.004800
-0.005146
-0.007706
0.002833
0.005812
0.004694
0.000177
-0.008224
-0.013994
-0.019154
-0.016097
-0.005396
0.006384
0.011456
0.008114
-0.013539
-0.028354
-0.001811
0.018391
0.007433
-0.002297
0.008366
0.015024
0.008845
-0.027455
-0.038421
0.023909
0.067964
0.031269
-0.007303
0.007212
0.013043
0.008487
-0.023522
-0.038111
0.013988
0.055022
0.019649
-0.016932
0.006764
0.012915
0.005450
-0.016031
-0.025354
-0.012904
-0.000961
-0.013154
-0.018409
0.009030
0.014710
0.004434
-0.010009
-0.007687
-0.011954
-0.017770
-0.015447
-0.011389
0.005967
0.007021
-0.001582
-0.010466
-0.007204
-0.004099
-0.003958
-0.004352
0.000319
