0.007913
0.008786
0.007581
-0.000012
-0.009234
-0.016373
-0.011214
-0.003222
-0.001257
0.006744
0.008909
0.005323
-0.002235
-0.011157
-0.011828
-0.006338
-0.002273
0.000082
-0.006227
-0.001654
0.001303
0.000027
-0.000562
0.005218
0.005194
0.000061
-0.000011
-0.017850
-0.010888
0.001994
0.010286
0.016149
0.021619
0.016135
0.006972
0.003413
-0.012889
0.005032
0.025291
0.032838
0.029844
0.018915
0.005958
0.003854
0.009592
-0.006824
0.019480
0.039746
0.033951
0.006966
-0.017357
-0.016265
0.004708
0.014265
0.008406
0.028893
0.025483
-0.006941
-0.038505
-0.044468
-0.019079
0.011071
0.013284
0.011957
0.013453
-0.015114
-0.057443
-0.067140
-0.038264
0.003454
0.024241
0.013248
0.006374
-0.004462
-0.027268
-0.046132
-0.039835
-0.008815
0.020750
0.024060
0.009267
