0.000418
-0.000442
0.003575
0.004716
0.003534
0.003846
0.003081
0.001367
0.000754
0.001857
-0.002321
0.001091
-0.000537
0.000209
0.003378
0.003283
0.002009
-0.001508
0.002275
0.003383
0.002053
-0.000057
-0.001436
-0.000040
-0.000992
0.001414
0.000527
0.005597
0.004769
0.004400
-0.000445
-0.003354
-0.003296
0.000074
0.001833
0.002088
0.001361
0.003160
0.001869
-0.002560
-0.005631
-0.000768
-0.004798
0.003091
0.005931
-0.002074
0.002000
-0.000259
-0.001754
-0.005767
-0.000493
0.000273
0.000736
0.002827
-0.002648
-0.001160
0.000885
0.000223
-0.001737
0.000734
0.000378
-0.002862
-0.001257
-0.001735
0.000170
0.003962
0.002500
-0.001671
0.000401
-0.001969
0.003501
-0.002661
0.002246
-0.000196
0.000315
0.005015
0.002958
0.003035
-0.002693
-0.001119
-0.002651
