0.002674
0.006871
0.003797
-0.001874
-0.002490
-0.007016
-0.009909
-0.012595
-0.004316
0.004710
0.002451
-0.001898
-0.002905
-0.006824
-0.007907
0.002525
0.001030
0.002342
0.003005
-0.003322
-0.010250
-0.008967
-0.021247
-0.022711
0.003952
0.016278
0.006331
0.000012
-0.003408
-0.006515
-0.004429
-0.028993
-0.025928
0.008401
0.030782
0.014329
0.003290
0.008699
0.002696
0.004721
0.005137
0.002474
0.029829
0.039785
0.029770
-0.011670
-0.010616
-0.014736
-0.016899
-0.011295
-0.007202
0.010919
0.008240
0.011992
-0.008638
-0.004989
-0.004673
0.001306
0.014626
0.019021
0.023340
0.004269
0.005793
-0.002725
0.003060
0.004338
0.006895
0.013880
0.006372
-0.001301
-0.019472
-0.008127
-0.001689
0.000212
0.003477
0.006395
0.012404
0.003239
-0.009958
-0.019458
-0.011799
