-0.001021
-0.000697
-0.001532
-0.001217
-0.001699
-0.003869
-0.000687
-0.001234
-0.001533
-0.004258
-0.003811
-0.002972
-0.003500
-0.005632
-0.007620
-0.003207
-0.002245
0.000017
-0.002745
-0.000199
0.001049
0.000337
0.001139
0.000596
0.001075
-0.000446
0.000974
0.000591
0.004728
0.008301
0.011482
0.014854
0.012778
0.005300
0.001659
0.003078
0.003077
0.007314
0.012898
0.019064
0.025674
0.022859
0.009631
0.000223
-0.006631
0.000629
0.003930
0.009424
0.014008
0.022534
0.019422
0.007772
-0.001697
-0.004855
-0.000158
0.000558
-0.000758
-0.002406
-0.003302
-0.010296
-0.012881
-0.010831
-0.006746
-0.001823
-0.002439
-0.007422
-0.013052
-0.013721
-0.024678
-0.025431
-0.018102
-0.009904
-0.003947
-0.003908
-0.005467
-0.007958
-0.009670
-0.016251
-0.017465
-0.014817
-0.010522
