0.000948
-0.003457
-0.007761
-0.004561
0.006779
-0.001443
-0.005952
-0.005967
0.004771
0.000431
-0.002032
-0.007792
-0.006541
0.003125
-0.005844
-0.016889
-0.020529
-0.003563
0.001623
0.000393
-0.000121
0.003523
0.009553
0.002856
-0.018643
-0.030424
-0.018186
0.000825
0.003766
0.005601
0.004785
0.010105
0.022433
0.015352
-0.009042
-0.024105
-0.004585
-0.004466
-0.006846
-0.015446
-0.020426
0.007923
0.050801
0.042947
-0.006509
-0.004652
-0.008711
-0.006297
-0.016137
-0.043396
-0.045692
0.003910
0.038315
0.008324
-0.003775
-0.004060
0.014869
0.024491
-0.013469
-0.052481
-0.037467
0.005225
0.012356
-0.001266
-0.002819
0.016042
0.034515
0.019342
-0.017573
-0.033430
-0.015879
0.004415
0.002618
-0.002463
-0.001640
0.006406
0.011382
0.004536
-0.006557
-0.002705
0.005439
