0.005990
0.006261
0.003913
0.001387
-0.000854
-0.003483
-0.002507
-0.003564
-0.000127
0.000742
0.001449
0.003667
0.004238
0.002571
-0.000356
-0.003613
-0.006587
-0.003718
0.001088
0.003739
0.010330
0.013962
0.016976
0.011394
0.003278
-0.002767
-0.000519
0.000928
0.002345
0.009496
0.016220
0.024048
0.022637
0.014129
0.002153
0.010687
0.007901
0.005577
0.014582
0.031010
0.057518
0.054321
0.027549
0.015421
-0.005118
0.017345
0.018069
0.021724
0.038022
0.092244
0.086383
0.051655
0.034278
0.010603
0.008240
0.000211
-0.001167
0.013093
0.051955
0.057580
0.035189
0.017774
0.004001
0.002765
-0.004770
-0.006774
0.004782
0.030444
0.034817
0.032417
0.023365
0.002167
0.002265
0.001633
0.001661
0.008714
0.012717
0.014339
0.015920
0.016495
0.008426
