-0.000338
0.002179
0.006028
0.008541
0.003588
0.002879
0.002635
0.000289
0.001303
-0.005968
-0.004152
-0.001136
0.001490
0.002956
0.002352
-0.002782
-0.009739
0.003771
-0.008644
-0.005109
0.000811
0.005252
0.008091
0.007799
-0.000371
-0.014768
0.003099
-0.009927
-0.003493
0.005545
0.014247
0.016627
0.009489
-0.002787
-0.029321
-0.006225
-0.011301
-0.002573
0.008631
0.023833
0.034140
0.026843
0.014463
-0.025117
-0.013836
-0.008894
0.002271
0.019267
0.044964
0.058980
0.055134
0.040722
-0.016368
-0.008933
-0.004070
0.008088
0.021508
0.040568
0.063025
0.062474
0.040468
-0.019711
-0.019141
-0.001433
0.007437
0.018421
0.033694
0.086647
0.093486
0.051525
-0.013509
-0.010541
-0.004749
-0.001697
0.000054
0.004651
0.037040
0.042198
0.025053
-0.017942
0.002357
