0.002872
0.003966
0.004111
0.003483
0.002121
0.006552
0.011761
0.013183
0.009855
0.001134
0.002541
0.003130
0.004669
0.002188
0.002743
0.006040
0.010110
0.005822
0.001831
0.003956
0.005083
0.000354
-0.008990
-0.010660
-0.000520
0.009543
0.004850
0.002307
0.007567
0.007014
-0.010211
-0.031574
-0.031175
-0.003437
0.015249
0.005304
0.003693
0.006419
0.000502
-0.023474
-0.042784
-0.027868
0.011090
0.022572
0.005213
0.009300
0.007886
0.002630
-0.008479
-0.009164
0.007943
0.025301
0.019598
0.001750
0.011632
0.011304
0.006305
0.000686
0.009232
0.017329
0.010689
0.000036
-0.005210
0.009326
0.010333
0.002532
-0.008193
-0.005192
0.000870
-0.004298
-0.007683
-0.004058
0.002755
0.000899
-0.005770
-0.012843
-0.008573
-0.005828
-0.004640
-0.004397
-0.001555
