0.002396
0.002891
0.004531
0.006029
0.006452
0.004346
0.006766
0.009738
0.007074
0.001777
0.002073
0.002892
0.002061
0.003600
0.004448
0.009406
0.011281
0.007966
0.003067
0.000755
-0.003239
-0.004809
-0.000512
0.001573
0.004803
0.004512
0.004887
0.000956
-0.004645
-0.007707
-0.005359
-0.004779
-0.014155
-0.020638
-0.015249
-0.001461
0.001451
-0.002640
-0.001374
0.005804
-0.003964
-0.032975
-0.040609
-0.023655
-0.007247
0.004408
0.002280
0.007400
0.010555
-0.009072
-0.033778
-0.011969
0.020923
0.012869
0.002638
0.003571
0.010118
0.005073
-0.022713
-0.024185
0.028221
0.064382
0.028360
0.001903
0.005173
0.010001
0.001991
-0.025235
-0.020869
0.020327
0.049581
0.021310
0.000683
0.002873
0.005523
0.003258
-0.010946
-0.012915
-0.003122
0.010257
0.006013
