0.004218
-0.000204
-0.003217
-0.001963
0.003732
0.003825
0.004922
0.006796
0.003477
0.003950
0.001068
-0.003745
-0.003807
-0.000098
-0.000479
0.002359
0.006782
0.004176
0.004425
0.000793
-0.003505
-0.007539
-0.006553
-0.001523
0.000895
0.003213
0.003912
0.009873
0.006722
0.000274
-0.010877
-0.008931
0.002262
0.004143
-0.004887
-0.002225
0.008530
0.009255
0.000968
-0.012461
-0.015195
0.006038
0.008506
-0.008725
-0.007157
0.004849
0.004997
0.000087
-0.020903
-0.021889
0.010232
0.014182
-0.014720
-0.015889
0.007527
0.009906
0.007728
-0.018405
-0.020915
0.019727
0.035221
0.000328
-0.014487
0.009536
0.009879
0.001292
-0.021100
-0.020720
0.007153
0.034388
0.020458
-0.000609
0.003372
0.001706
-0.003069
-0.010929
-0.008523
-0.004942
0.005300
0.008933
0.001261
