-0.001108
-0.001162
0.001355
0.005638
0.007486
0.008868
0.006934
0.003515
0.001634
-0.003503
-0.004051
-0.000938
0.004365
0.005684
0.005623
0.005600
0.003801
0.001869
-0.006882
-0.007108
-0.002005
0.005591
0.004558
0.002111
-0.005328
-0.007315
-0.001354
-0.009036
-0.007954
-0.000462
0.007979
0.006559
-0.000711
-0.021402
-0.031556
-0.015279
-0.007858
-0.008953
0.001980
0.010597
0.010728
0.000815
-0.027025
-0.049072
-0.029076
-0.007273
-0.007805
0.005275
0.022983
0.027939
0.014872
-0.007811
-0.031870
-0.024742
-0.004503
-0.007829
-0.000134
0.022901
0.038847
0.021542
0.003477
-0.010728
-0.012965
-0.007525
-0.011628
-0.012569
0.001642
0.027712
0.023060
0.008652
-0.004394
-0.006812
-0.005374
-0.007691
-0.010080
-0.008793
0.005566
0.012616
0.005912
-0.005354
-0.006436
