0.003297
0.001300
0.002192
0.005553
0.005664
0.012994
0.006709
0.002110
-0.000391
0.006105
0.005412
0.001505
-0.000422
0.001479
0.007889
0.003886
0.001831
-0.001576
0.014865
0.008210
-0.006057
-0.011590
-0.008751
-0.002471
-0.000172
0.001823
-0.001630
0.014657
0.002071
-0.022130
-0.028289
-0.006756
-0.005571
-0.002688
0.000324
-0.002219
-0.001682
-0.021478
-0.042465
-0.032983
-0.011891
-0.005091
-0.005947
-0.004048
-0.001715
-0.006072
-0.024549
-0.026753
-0.000929
0.009456
0.008237
-0.005596
-0.010111
-0.008020
-0.009854
-0.018523
-0.002884
0.022596
0.030484
0.019063
-0.004517
-0.014038
-0.005686
-0.007536
-0.005308
0.015018
0.037106
0.034860
0.017800
-0.005328
-0.014520
-0.004884
-0.002059
0.002990
0.014198
0.023693
0.019029
0.005473
-0.005943
-0.009117
-0.003466
