-0.002012
-0.001905
-0.004733
-0.006556
-0.008438
-0.004554
-0.003755
-0.003674
-0.000623
-0.000659
-0.000305
0.000151
0.001559
0.000428
0.004341
0.000468
-0.002447
0.003321
0.001289
0.005168
0.009599
0.013690
0.013139
0.016354
0.007192
-0.000117
0.003392
0.000753
0.005948
0.010966
0.014499
0.015307
0.023287
0.014569
0.001796
0.000387
0.001420
0.004395
0.011947
0.013786
0.010935
0.015611
0.007114
-0.007809
-0.009699
0.000730
0.002727
0.003523
-0.000100
-0.015300
-0.017073
-0.011037
-0.015402
-0.008226
-0.002749
-0.002882
-0.006741
-0.012503
-0.026341
-0.033965
-0.024475
-0.023729
-0.013383
-0.004264
-0.007836
-0.010671
-0.006480
-0.003929
-0.005042
0.000348
-0.007935
-0.009124
-0.003606
-0.005832
-0.008338
-0.004082
0.006143
0.008966
0.010174
0.002684
-0.000580
