0.005157
0.005809
0.008244
0.007823
0.000848
0.002017
0.001040
-0.001395
-0.004906
0.002421
0.003307
0.005117
0.007033
0.000198
0.001494
0.005948
0.006294
-0.000171
-0.003306
-0.002707
-0.002195
0.000421
-0.001183
0.001091
0.011152
0.016695
0.009021
-0.011565
-0.009576
-0.005417
-0.003143
-0.009441
-0.010472
-0.003185
0.007416
0.009912
-0.016552
-0.013161
0.000565
0.008773
-0.001197
-0.016875
-0.024377
-0.016782
-0.000056
-0.016302
-0.012325
0.003308
0.019688
0.021072
0.003452
-0.021773
-0.029360
-0.009371
-0.012746
-0.011561
0.001036
0.022681
0.032621
0.020188
-0.007196
-0.027631
-0.011495
-0.007361
-0.009532
-0.004372
0.010453
0.027193
0.026974
0.006389
-0.020529
-0.011486
-0.000776
-0.005896
-0.008298
-0.003481
0.009934
0.016727
0.011165
-0.009206
-0.009477
