-0.012331
-0.010436
-0.006794
-0.002545
0.009893
0.008686
0.014035
0.014157
0.006424
-0.011440
-0.011561
-0.008717
-0.006777
0.005277
0.004303
0.010136
0.012137
0.005092
-0.003237
-0.005360
-0.003863
-0.005865
-0.002511
-0.011253
-0.002954
0.003105
0.001546
0.011269
0.009493
0.012562
0.004196
-0.004506
-0.019156
-0.015558
-0.009614
-0.003936
0.016847
0.014455
0.005375
-0.008676
-0.000418
-0.005920
-0.005221
-0.002293
-0.002958
0.013581
0.007382
-0.009988
-0.023803
0.001860
0.009300
0.004346
0.001100
-0.006399
0.013148
0.005691
-0.006764
-0.013381
0.016137
0.030104
0.012418
-0.002629
-0.010169
-0.003810
-0.006102
-0.006155
-0.009356
0.018103
0.021927
-0.003504
-0.016894
-0.017657
-0.001624
0.003104
0.010398
0.010346
0.014325
0.008498
-0.015631
-0.023010
-0.017205
