-0.004773
-0.005461
-0.006239
-0.005772
0.000939
-0.000938
-0.001523
-0.002323
-0.009471
-0.000507
-0.001911
-0.000752
0.002532
0.008530
0.006251
0.006414
0.002621
-0.007361
0.001805
0.000341
0.004053
0.013901
0.020993
0.019294
0.013261
0.004477
-0.007728
-0.000563
0.003356
0.009102
0.014614
0.015331
0.011113
0.001614
-0.002954
-0.008256
0.000325
0.007489
0.005779
-0.016490
-0.028626
-0.024740
-0.026164
-0.021407
-0.011647
0.006157
0.009180
-0.005483
-0.036670
-0.033866
-0.008179
-0.017144
-0.032168
-0.018365
0.005816
0.000554
-0.014922
-0.027141
0.006938
0.045518
0.012507
-0.034380
-0.023583
0.003064
-0.002340
-0.005627
0.001584
0.033994
0.057417
0.026324
-0.018145
-0.017368
-0.001166
-0.001342
0.003018
0.005705
0.008273
0.008678
0.004302
-0.007180
-0.005160
