0.003114
0.004046
0.004567
0.006027
0.008099
0.009878
0.012653
0.013915
0.009245
0.003103
0.002653
0.001439
0.003490
0.006488
0.008758
0.012739
0.013786
0.007753
-0.000840
-0.002570
-0.005687
-0.007561
-0.008534
-0.004724
0.003794
0.006328
0.004883
0.000549
-0.003430
-0.010805
-0.022681
-0.031999
-0.027917
-0.013605
-0.004789
-0.000300
0.002529
0.000700
-0.007532
-0.017510
-0.029419
-0.036473
-0.025272
-0.016203
-0.005844
0.000714
0.003344
0.004089
0.003630
-0.001985
-0.010204
-0.013070
-0.014015
-0.007335
-0.001755
0.005369
0.010662
0.016259
0.026077
0.028673
0.022930
0.014322
0.005620
-0.002920
0.001560
0.004818
0.008884
0.019272
0.028430
0.031425
0.030351
0.017661
-0.000007
0.000968
0.001583
0.001227
0.001026
0.004991
0.008988
0.015899
0.012018
