0.004445
0.003592
0.005634
0.010781
0.011022
0.006391
0.002073
0.001333
-0.002934
0.006155
0.000900
0.001848
0.007362
0.007507
0.004706
0.000975
-0.000740
-0.002923
0.000381
-0.007247
-0.002728
0.004366
0.002740
-0.000349
-0.004383
-0.001993
0.000448
-0.008651
-0.013888
-0.006919
0.002611
0.003528
-0.004104
-0.009869
-0.004165
0.004372
-0.010054
-0.009891
-0.001532
0.007738
0.003562
-0.004151
-0.011463
-0.005993
0.001442
-0.008372
-0.004125
0.006344
0.012004
0.003262
0.002374
0.003152
-0.002346
-0.004688
-0.008656
-0.006641
0.009411
0.015452
0.007748
0.003289
-0.004374
-0.012465
-0.010028
-0.010239
-0.005271
0.017662
0.027571
0.016231
-0.005626
-0.021393
-0.019672
-0.006659
-0.008930
0.001986
0.015999
0.018436
0.005318
-0.016802
-0.020279
-0.009480
0.002618
