-0.005868
-0.006034
-0.008294
-0.013114
-0.014852
-0.016059
-0.017675
-0.011957
-0.010212
-0.005120
-0.005513
-0.008762
-0.013256
-0.014058
-0.023624
-0.026150
-0.012163
-0.009232
0.003126
0.001184
-0.001643
-0.005488
-0.008648
-0.014544
-0.005539
0.007962
0.005206
0.009662
0.007908
0.009252
0.017025
0.024715
0.031632
0.036685
0.028524
0.015118
0.002806
0.007456
0.015105
0.033456
0.052986
0.052391
0.041798
0.025181
0.011462
0.001122
0.000184
-0.000281
0.003341
0.004550
0.001766
-0.003799
-0.006065
0.000227
0.002235
-0.002634
-0.008566
-0.016052
-0.026908
-0.030950
-0.026150
-0.017213
-0.004969
0.001183
-0.006917
-0.015952
-0.022636
-0.026991
-0.025311
-0.015282
-0.005925
-0.001711
-0.000267
-0.003754
-0.007016
-0.007173
-0.006445
-0.003655
-0.000179
0.002708
0.000132
