0.000119
-0.000627
0.000032
0.001624
0.000688
0.001331
0.000724
-0.000492
-0.003951
-0.002937
-0.003079
-0.001807
-0.000433
-0.000639
-0.000052
0.000914
0.003026
-0.002350
-0.004678
-0.003750
0.000160
0.004262
0.006147
0.009256
0.012914
0.016494
0.004385
-0.004225
-0.001337
0.005440
0.015091
0.020674
0.029828
0.038147
0.042162
0.019973
-0.003971
0.000926
0.011452
0.024777
0.041165
0.057630
0.073098
0.083125
0.033153
0.000068
0.006440
0.017338
0.033362
0.055409
0.074222
0.094908
0.111563
0.042400
0.000857
0.006546
0.013991
0.025764
0.048021
0.062438
0.076004
0.089693
0.039409
-0.000691
0.002372
0.006402
0.013755
0.036500
0.049148
0.054716
0.063085
0.023121
-0.000621
0.000528
-0.000026
0.001659
0.011673
0.018888
0.024125
0.027428
0.010955
