-0.004830
-0.007296
-0.010690
-0.004798
0.002421
0.009943
0.015278
0.015634
0.013232
-0.004150
-0.006545
-0.010693
-0.008037
-0.005583
-0.001522
0.004594
0.006808
0.011058
-0.000508
0.000252
-0.004620
-0.007575
-0.018010
-0.024545
-0.021691
-0.015317
-0.001495
0.006269
0.010006
0.008513
0.008940
-0.000595
-0.018527
-0.028503
-0.031878
-0.017485
0.006554
0.009429
0.008586
0.010819
0.014465
0.015341
0.011791
-0.006505
-0.022279
-0.000376
0.000382
-0.001924
-0.006893
-0.001868
0.013122
0.034372
0.024213
-0.005152
-0.000606
-0.000136
-0.004964
-0.015642
-0.017465
-0.011885
0.016961
0.028225
0.008364
0.004197
0.006028
0.002183
-0.007332
-0.012509
-0.021303
-0.008130
0.012220
0.006979
0.001981
0.004047
0.005977
0.001619
-0.002532
-0.009789
-0.007714
0.005296
0.008317
