0.001101
0.000233
-0.002918
-0.007584
-0.009304
-0.009759
-0.013329
-0.017701
-0.009282
0.006282
0.004553
-0.001378
-0.005806
-0.005450
-0.002418
-0.006031
-0.013424
-0.010074
0.009960
0.008244
-0.001345
-0.006648
-0.001891
0.007347
0.012369
0.006958
-0.004795
0.008503
0.008340
-0.002140
-0.009270
-0.007276
0.006719
0.028984
0.034423
0.010715
0.008889
0.009012
-0.001157
-0.011566
-0.020632
-0.000552
0.034157
0.054782
0.029635
0.007462
0.009452
0.000121
-0.014257
-0.029740
-0.018420
0.012553
0.043194
0.033134
0.000888
0.007058
0.000346
-0.017129
-0.032365
-0.027972
-0.009588
0.014384
0.021292
0.002429
0.010644
0.007141
-0.008561
-0.023817
-0.026376
-0.019900
-0.007728
0.005333
0.002958
0.007867
0.006760
0.002767
-0.004881
-0.009748
-0.008620
-0.002733
0.001836
