-0.000437
-0.001413
-0.002620
-0.000768
0.005613
0.002447
0.004494
0.003663
0.004734
-0.002111
-0.003579
-0.004890
-0.005111
0.000630
-0.000407
0.006509
0.007692
0.006214
0.004273
0.001191
-0.002146
-0.005116
-0.001034
-0.005204
-0.000614
-0.000554
0.001039
0.013137
0.006470
-0.003316
-0.010612
-0.000772
-0.006654
-0.004290
-0.003022
-0.001875
0.014062
0.004281
-0.006064
-0.006441
0.004966
-0.005967
-0.010955
-0.013945
-0.006888
0.006375
-0.001763
-0.006879
0.001161
0.015302
0.002253
-0.005305
-0.009484
0.007040
-0.005057
-0.010971
-0.009276
0.003543
0.006436
-0.002527
0.006655
0.012969
0.012115
-0.009656
-0.011145
-0.009161
-0.002526
0.001183
-0.001638
0.018115
0.027729
0.017147
-0.004322
-0.006083
-0.005421
-0.003788
-0.001666
0.007248
0.017574
0.022660
0.013272
