-0.002696
-0.002285
0.000073
0.001509
0.003813
0.005849
0.008596
0.010047
0.007025
-0.005463
-0.005232
-0.004491
-0.000836
0.009478
0.011513
0.008074
0.005690
0.003086
-0.006005
-0.003363
-0.001654
0.002822
0.007691
0.003253
-0.008973
-0.017131
-0.009739
-0.005290
0.001875
0.006608
0.007784
-0.000037
-0.014437
-0.034806
-0.039322
-0.016205
-0.008306
-0.000402
0.008982
0.006828
-0.003617
-0.015038
-0.032827
-0.034232
-0.015695
-0.011284
-0.003257
0.007241
0.006657
-0.003903
-0.004999
-0.006472
-0.006839
-0.003911
-0.008280
-0.000921
0.006191
0.009789
0.006494
0.008547
0.015660
0.019185
0.007598
-0.005932
0.000624
0.004116
0.006720
0.010386
0.007987
0.010751
0.018056
0.009762
-0.005140
-0.001944
0.000395
0.002671
0.002617
0.004221
0.003719
0.007785
0.005653
