0.001039
-0.003132
-0.004638
0.001324
-0.007574
-0.007120
-0.012676
-0.017628
-0.020076
0.000722
0.001674
-0.000601
-0.001598
-0.016652
-0.017679
-0.024167
-0.023065
-0.012095
0.001064
0.003552
-0.006670
-0.020158
-0.020765
-0.006200
-0.002224
-0.004711
0.003523
0.001264
0.001819
-0.009534
-0.017219
0.019121
0.045666
0.025322
-0.008312
0.002531
0.005376
0.000743
-0.001474
0.022711
0.088270
0.068504
0.015606
-0.002748
0.013779
0.011356
0.010495
0.013613
0.036717
0.057752
0.017287
0.000584
0.009738
0.006890
0.009913
0.010262
-0.001081
-0.004073
0.003772
-0.000832
-0.005600
-0.024386
-0.020424
-0.006165
-0.017516
-0.039330
-0.046947
-0.009134
-0.009107
-0.046768
-0.071563
-0.032242
-0.013279
-0.014998
-0.019774
-0.011238
0.006027
-0.010545
-0.041306
-0.040730
-0.001128
