-0.001843
-0.002296
-0.003327
-0.005012
-0.005369
-0.003981
-0.002458
-0.000928
0.001086
-0.001152
-0.002190
-0.002367
-0.001646
-0.001499
-0.001746
-0.000063
0.003101
-0.002177
0.001308
-0.000541
-0.001469
0.000619
0.003732
0.002948
0.003850
0.007983
-0.000487
0.004343
0.002446
0.001742
0.003924
0.006034
0.012070
0.013480
0.016965
0.010254
0.007083
-0.002397
-0.008372
-0.007187
-0.004017
0.004898
0.000869
0.002467
-0.003555
0.005936
-0.001955
-0.007020
-0.008515
0.000516
0.012776
0.011028
0.019438
0.008611
0.002223
-0.002436
-0.001833
0.004647
0.024407
0.041811
0.043994
0.050143
0.023617
0.004439
0.007044
0.017109
0.039995
0.081214
0.109175
0.117415
0.116688
0.044231
0.004378
-0.000122
-0.006097
-0.018729
-0.024025
-0.004970
0.017096
0.052788
0.017218
