0.000037
-0.007896
-0.009053
-0.004309
-0.003338
-0.011437
-0.009196
-0.005249
-0.000072
0.000954
-0.006768
-0.006126
0.000545
0.000041
-0.008375
-0.005743
-0.003237
0.003429
-0.001647
-0.009373
-0.005789
0.007279
0.010749
0.006377
0.002916
-0.002226
0.000009
0.000422
-0.009527
-0.008161
0.011919
0.023748
0.026642
0.014453
-0.003886
-0.008299
0.008897
-0.005605
-0.010853
0.009171
0.037353
0.039764
0.026409
-0.004605
-0.014162
0.008958
-0.007727
-0.019395
-0.002017
0.019770
0.024357
0.021625
-0.001684
-0.012886
0.011476
-0.006140
-0.025310
-0.016394
-0.008279
-0.001175
0.005638
0.001582
-0.008954
0.009663
-0.007948
-0.026987
-0.029082
-0.033968
-0.019994
-0.009199
-0.002466
-0.006487
0.003978
-0.001249
-0.009100
-0.013010
-0.013692
-0.015609
-0.008755
-0.000123
-0.002149
