109.794891
110.525101
110.816093
112.424728
113.445923
114.324356
113.736916
111.980057
108.175346
105.249069
101.444351
96.761215
91.638855
88.125145
86.368279
85.193405
86.653824
88.701675
92.654602
99.978485
106.572166
112.139183
115.510139
116.827782
108.916458
109.498444
109.789436
111.255310
112.276505
113.445923
113.006714
111.392624
108.175354
105.249062
101.883568
97.200424
92.665512
89.003571
87.685928
86.950272
87.971466
89.580109
93.533035
100.417702
106.720383
112.139191
115.070923
116.976006
105.841949
106.720390
107.011383
108.180801
109.641212
110.958862
111.249847
109.783981
107.736130
105.249062
102.322784
98.518074
94.565140
91.199646
90.321213
89.585556
90.167534
91.776184
95.438110
101.883575
107.598816
112.726624
114.928154
116.976006
100.867821
101.889023
101.889023
103.497658
105.545509
107.445145
108.175346
108.027122
106.857704
106.127495
104.370636
101.444359
98.518074
96.321999
95.443573
94.856140
95.147125
96.168320
99.100060
104.376091
108.773689
112.732079
115.224594
116.542244
94.718811
95.158028
95.888237
97.645096
99.983948
102.322784
103.640427
105.100845
105.688278
106.127495
105.836502
104.958069
103.349442
101.740799
101.740799
101.005142
101.296135
101.587128
103.931419
107.598816
110.536003
113.176750
115.230049
115.669266
88.278816
88.718033
89.744682
91.496094
93.983162
96.909439
99.248283
101.883568
104.079643
105.836502
106.714935
107.302368
107.154144
107.011383
107.011383
106.863159
106.714935
106.857704
108.032578
110.382324
112.150093
114.351616
115.087280
115.526497
84.913315
85.352539
85.939972
87.839600
90.178452
92.956497
95.152573
98.518066
101.005142
103.349442
104.667084
106.423935
107.302368
107.598816
108.329025
108.620018
108.471794
109.202003
110.376877
111.996414
113.467743
114.939056
115.674713
116.113930
82.865471
83.156464
84.183121
85.204315
87.400391
89.448242
91.496086
93.983154
96.618446
98.375305
100.423157
102.328239
104.085098
105.550964
107.159607
107.889809
108.620018
109.789436
111.403526
113.314064
115.224594
116.695915
117.431580
117.870789
81.987030
81.696045
82.426254
83.595673
84.474106
86.082733
87.400391
89.157242
90.765884
92.670959
94.279602
96.475670
99.110962
101.158821
103.794106
105.402740
107.450592
109.059227
111.990967
113.901497
116.690460
118.452774
119.188438
120.066864
81.256828
80.817619
81.987030
81.696045
82.865463
83.743896
84.183121
84.770554
85.939972
87.257614
88.866257
91.353317
93.988602
96.914886
99.550179
102.037247
104.963524
107.598816
110.821541
113.462288
116.542244
118.743767
119.918640
120.797073
80.378403
79.939186
80.817612
80.817612
81.405052
81.844269
81.844269
82.431702
83.161911
83.601128
85.209763
87.696838
89.744682
92.819183
95.597244
98.523529
101.598030
104.524307
107.747040
111.266212
114.346169
116.690468
117.865341
118.743767
79.939194
79.499969
80.087410
80.235626
81.114059
80.823067
81.262283
80.971298
81.553276
81.553284
82.722694
84.331329
85.939972
87.839600
90.326668
93.252953
96.618439
99.401955
102.476456
106.286621
109.657578
112.441086
113.906952
114.494392
79.648193
79.357193
79.796417
80.235634
80.532074
80.971298
80.971283
80.680298
80.823067
80.532074
80.965836
81.405060
81.987030
83.156464
84.765091
87.252167
90.178444
93.252945
96.327454
100.428612
104.090553
106.874062
107.900719
109.218361
79.357208
79.357208
79.357208
79.505417
80.092865
80.680305
80.680305
80.241081
80.241089
79.801880
79.505424
79.208977
78.912529
79.203522
80.224731
82.420807
85.198868
87.834152
90.617661
94.570595
98.232529
101.158813
102.185471
103.063896
78.478775
78.478775
78.478775
79.066216
79.653641
80.092865
80.092865
79.362656
79.362656
78.923447
78.775223
78.039558
77.594894
77.007446
77.885880
79.494522
81.833359
84.029434
86.664719
90.178436
93.543938
95.888237
97.496872
98.375305
77.600342
77.600342
77.600342
78.478775
78.626999
79.066208
79.505424
78.923439
79.362656
79.071671
78.484238
77.748566
77.303894
77.155670
77.007446
78.325096
80.372948
81.981583
83.738441
86.664726
89.151794
91.347870
92.226295
92.956497
76.134476
76.282700
76.282700
77.161125
77.600342
78.478775
78.917984
78.626999
79.214432
78.923431
78.484222
78.336014
77.891335
77.743118
78.034111
78.325104
79.642746
80.812164
81.981583
83.590218
84.907867
86.516495
87.246712
87.537704
75.256050
75.695267
75.695267
76.573685
76.864685
77.743111
78.621536
78.478775
79.066216
79.362656
79.071655
78.775208
78.917984
78.769760
78.769760
78.621552
79.351753
79.790970
80.372948
81.394150
81.394150
82.563568
83.293777
83.145554
75.256050
75.256050
75.256050
76.134476
75.986259
76.864685
77.743111
77.891342
78.478775
78.775215
78.775215
78.626991
78.917992
78.769768
78.917984
78.769760
78.621552
79.060753
79.203529
79.785507
79.637291
80.367493
80.219269
80.949478
75.986252
75.547035
75.547035
75.986259
75.838028
76.277245
77.155670
76.864685
77.452126
77.896790
77.896790
78.187790
78.478775
78.769760
78.917992
78.769760
78.478775
78.330551
78.621536
78.764313
79.198074
79.637283
79.489059
79.631836
76.425461
75.986252
75.547035
75.986259
75.838028
76.129028
76.129028
76.277245
76.864677
76.721909
77.600342
78.039558
78.330551
78.478775
78.917984
78.626991
78.478775
78.330551
78.769760
78.912537
79.055298
79.637291
79.489067
79.489067
77.155678
76.716461
76.277252
76.277245
75.689804
75.250595
75.689804
75.689804
76.277252
76.425461
77.303894
77.891335
77.891335
78.478775
79.357201
79.066216
78.626991
78.478775
78.478775
78.912537
79.346298
79.637283
79.928284
79.928284
77.155678
76.716461
76.277252
76.277245
75.689804
75.250595
75.250595
75.250595
75.398819
75.547028
76.864677
77.452118
77.891335
78.478775
79.357201
79.066216
78.626991
78.478775
78.478775
79.060760
79.494522
79.637283
79.637283
79.637283
77.155678
76.716461
76.277252
76.277245
75.689804
74.811378
74.811378
74.811378
75.689804
75.838028
76.716461
77.303894
77.452118
78.478775
79.357201
79.214432
78.775215
78.478775
78.478775
79.060760
79.494522
79.637283
79.637283
79.637283
