111.562653
112.001877
112.583855
112.732079
113.753281
114.922699
115.070923
115.361916
115.652908
115.065468
114.774475
113.456833
113.017616
111.990967
109.652122
107.456047
104.529762
101.603485
98.968201
96.190140
93.851288
92.385422
91.073242
90.925011
110.684227
111.123444
111.414436
112.001877
112.583855
113.753281
114.631706
114.774475
114.774475
115.065468
114.335258
113.456833
113.017616
112.139191
109.652122
107.747040
104.968979
102.481918
99.994843
97.068573
95.020714
93.703079
92.390884
91.951660
108.636375
109.075592
109.366577
109.954018
110.975220
112.144638
112.874847
112.874847
113.605057
113.605057
113.456833
112.578400
112.578400
111.699974
109.652122
108.334480
106.286621
103.799561
102.042694
99.555634
97.216782
96.338364
95.317162
95.168945
105.122658
105.561867
106.001083
106.588524
107.900711
108.779144
110.096786
110.826996
111.557205
111.996422
111.996414
111.848198
112.287407
111.848198
110.678772
109.652122
108.482697
106.725838
105.556419
103.508560
102.339142
101.460716
101.169724
100.439514
100.439514
100.439514
101.317947
102.344597
103.514023
104.974434
106.001083
107.461502
108.927368
110.239555
110.387779
110.678772
111.705429
111.557205
111.266212
110.969765
110.678772
109.948563
109.509354
108.630920
108.339935
108.191711
107.900719
107.461502
95.756378
95.756371
96.195587
97.513229
98.830879
100.587738
101.757164
103.514023
105.122650
107.022278
107.900711
109.070137
109.948563
110.826996
111.266212
111.557205
112.435631
112.435631
112.874847
112.874847
113.023071
113.462280
113.462280
113.462288
91.803436
91.655228
92.242661
93.708527
94.877945
96.195587
97.952454
100.000305
101.317947
103.365799
104.535217
105.704636
107.022278
107.900711
109.070137
109.948570
110.678772
111.557205
112.435631
113.314064
114.192490
114.631706
114.922699
114.631706
88.141495
88.141502
88.580711
89.607368
90.485794
91.803436
93.560303
94.877945
96.634796
98.534439
99.412857
101.021500
102.190918
103.360352
104.386993
105.847412
106.874062
108.043488
108.921913
110.239555
111.408981
112.287407
112.726624
112.287415
84.770546
84.918770
85.209770
85.797203
86.384636
87.850510
88.728935
90.337570
91.803436
93.412079
94.290512
95.899139
96.629349
97.798767
98.825424
99.994843
101.751709
102.630135
104.238770
105.408188
106.577621
107.895264
108.186249
108.186256
81.987038
81.987038
81.987038
82.574478
83.310135
84.188560
84.776001
85.945419
87.411293
88.728943
89.898361
90.776794
91.506989
92.676422
93.994064
94.724266
96.332901
97.798782
98.968201
100.576836
101.746254
102.915680
103.354897
103.354889
80.230179
80.521179
80.521179
81.108612
81.405052
81.992493
82.431702
83.310135
85.215218
85.654434
86.532852
87.702286
88.432495
89.162689
90.041138
91.210556
92.237198
93.845840
94.576050
96.184685
97.354103
98.523529
98.671745
98.671745
78.764313
79.203537
79.203537
79.790962
80.526627
81.114059
81.553268
82.431702
83.897568
84.336792
84.776001
85.654427
85.797203
86.966621
87.405838
88.136047
89.014481
89.601913
90.771332
91.501541
92.379967
93.401169
93.840385
93.549393
78.616089
79.055298
79.055298
79.351746
79.939186
80.965836
81.114059
81.992493
82.579933
83.458359
83.897575
84.188568
84.040344
84.770546
85.209763
85.061539
85.939972
86.379189
86.818405
87.257614
87.696831
88.278809
88.427040
88.278816
79.494522
79.494522
79.494522
79.790970
79.939194
80.526627
80.965843
81.992493
82.431702
82.870911
82.870911
82.870911
82.722702
82.574478
83.013687
82.865463
83.013687
83.013687
83.452911
83.452896
83.452904
83.595673
83.743896
83.304688
81.103149
80.663940
80.372955
80.521179
80.669395
80.669395
80.669395
81.256828
81.553284
81.992493
81.553284
81.553284
81.405060
81.256836
81.405060
81.108604
80.965836
81.256836
80.817612
81.256828
80.965836
80.669403
81.108612
81.108612
83.447449
82.860016
82.860016
82.129807
81.251373
80.521179
80.081963
80.669395
80.378403
80.669395
80.817612
80.087418
80.526627
80.087410
79.648193
79.499977
79.648193
79.648193
79.648193
79.939194
79.939194
79.499969
79.939194
79.790970
86.812943
86.373734
85.495300
84.177666
81.981583
80.812157
79.785507
79.933739
79.494522
79.351746
79.642746
79.060760
79.208984
78.917984
78.769760
78.769760
78.769760
79.060753
78.769768
79.060760
79.060760
79.499969
79.499969
79.499969
90.474899
89.448242
88.569809
87.103943
84.029434
81.833359
80.076508
80.076500
79.346298
79.346298
78.907089
78.764313
78.621536
78.478775
78.478775
78.039558
78.039551
78.330551
78.330551
78.769760
79.060760
79.499969
79.499969
79.499969
94.576050
93.840385
92.231743
90.178444
86.664734
84.320435
82.272575
81.833366
80.806709
80.076508
79.785522
79.203522
79.060760
78.917984
78.478775
78.039558
78.039558
78.330551
77.891335
78.330551
79.060760
79.499969
79.499969
79.499969
99.555634
99.259186
97.502319
95.158028
91.496094
88.421585
86.516495
84.759644
83.881210
83.151009
82.420807
81.251373
81.108612
80.378403
80.087418
79.208984
78.769768
78.769768
78.330551
78.769768
79.499969
79.499969
79.499969
79.499969
104.974426
104.677986
102.921127
100.137619
96.475677
92.813736
90.617661
88.712585
87.246712
86.225510
85.347076
84.029442
83.156464
82.426254
81.547829
80.378403
79.499969
79.208977
79.208977
78.769768
79.499969
79.499969
79.499969
79.499969
108.927368
108.488152
106.583069
103.947777
100.137619
96.327446
93.692162
91.347870
90.030212
88.712578
87.103943
86.225517
85.204315
84.325882
83.156464
81.987038
80.669388
79.939194
79.499977
79.060753
79.939178
79.939194
79.939194
79.939194
111.271667
110.684227
108.779144
106.143852
102.333694
98.523529
95.449020
93.543945
91.638855
90.030228
88.421585
87.103943
86.082748
85.204308
83.595673
81.987038
80.669388
79.939194
79.499977
79.060753
79.939178
79.939194
79.939194
79.939194
112.298317
112.001869
109.657578
107.461502
103.212120
99.401962
96.327454
94.274155
92.517288
90.908646
88.860794
87.543159
86.521957
85.495300
84.325882
82.717239
80.960388
79.939194
79.499977
79.060753
79.939178
79.939194
79.939194
79.939194
