105.556412
106.143860
107.609726
109.223816
112.155548
113.917862
114.505295
113.330421
112.155548
109.081039
105.419098
99.709312
93.851288
88.437943
84.924225
83.167358
82.728149
82.728149
82.728149
83.167366
84.045792
85.215218
85.215218
85.215218
104.677986
105.265427
106.731293
108.636375
111.716331
113.626869
114.796288
113.330421
111.716331
109.081039
106.297531
100.148529
94.290504
88.728943
85.654434
83.606583
83.167358
82.728149
82.728149
83.167366
84.045792
84.776001
84.776001
84.776001
103.360344
103.947784
105.413651
107.757942
110.837906
113.478645
114.357071
113.330421
112.594757
109.959473
106.736748
101.026962
95.168930
90.485794
86.532867
84.485016
83.167358
82.728149
82.728149
83.167366
84.045792
84.776001
84.336792
84.336792
100.873276
101.751709
103.217575
106.001083
109.520256
112.891205
114.208847
113.769638
113.473190
111.568108
108.054390
103.223038
97.804230
92.242661
88.728935
86.093651
84.045807
83.167374
82.728149
82.288933
82.728149
83.458359
83.458359
83.458359
97.798775
98.237984
100.873276
103.805008
107.906166
112.155548
113.621414
114.351624
114.203400
113.324966
110.250465
105.858315
100.291290
94.877945
91.216003
88.141495
85.802650
83.315598
82.288940
81.849724
81.849724
81.992485
81.992485
81.553268
94.724274
95.163490
97.359558
101.460709
105.710098
110.689682
113.033974
114.351624
115.081825
114.642616
112.007324
108.493607
103.074799
98.243439
94.290504
90.776794
87.120300
84.045792
82.728149
81.410500
80.823074
81.114059
80.674850
80.235634
91.649765
92.967407
94.724266
98.825424
103.514023
108.932816
111.277115
113.912407
114.642609
115.081825
113.324966
110.250465
105.710098
100.878738
96.925797
92.824646
88.877159
85.802658
83.606583
81.992493
80.823074
80.674850
79.796417
79.357208
88.866257
89.892914
92.528191
96.190140
101.169724
106.588524
109.372032
112.885757
114.203400
115.081833
113.764183
111.568108
107.466949
103.365799
99.561089
95.608154
91.512451
87.559517
84.924225
83.019150
81.262283
80.235634
80.087410
79.357193
86.379181
87.257622
89.892899
93.845840
98.973648
103.953239
107.466949
110.980667
113.033974
114.642616
113.912407
112.446541
109.811249
106.149307
102.635590
98.534439
94.438728
90.046585
86.681091
84.188568
81.992493
81.114059
79.796417
79.357193
84.034897
85.500748
87.696838
91.210556
96.190140
101.169724
105.122650
108.784599
111.716331
113.764183
113.912407
113.764183
111.128891
108.345383
105.270874
101.317947
97.074020
92.533646
88.728935
85.506210
82.870918
81.553284
80.235641
79.796417
82.278030
83.304688
85.500763
88.866257
93.554848
98.534439
102.487366
107.027740
110.398689
113.033974
113.912407
114.203400
112.885757
110.541458
107.466949
103.514023
99.121872
94.729721
90.046585
86.823853
83.749352
81.553284
80.235641
79.796417
80.081955
81.108612
83.304688
85.939972
90.480339
95.459930
99.852074
104.392456
108.641830
111.716331
113.621414
114.351624
114.203400
112.737534
110.541458
105.710091
100.878731
96.047363
91.803444
87.702286
84.627785
82.431702
80.526627
80.087410
78.473328
78.912537
81.108612
84.183105
87.845047
92.824646
97.216789
102.196381
106.884972
110.546906
113.330421
114.790833
115.230049
114.933601
112.298317
108.345383
102.635590
97.513237
93.121086
89.019928
85.215218
82.870918
80.965836
80.526627
76.716461
77.155670
79.790962
81.987030
85.648972
90.041138
94.290512
100.000305
105.128105
108.790054
112.451996
114.499847
116.108482
115.812035
114.055176
110.102242
104.392448
98.830872
94.877945
90.046577
86.532867
83.749352
81.844269
81.256836
75.838036
76.129013
78.034103
80.669388
84.183113
88.284271
92.237198
97.365005
102.783813
107.033188
110.546906
113.182198
115.230049
115.812035
114.933601
110.980675
105.710091
101.026947
97.074020
92.094437
88.141495
84.627777
82.722702
82.574478
75.398819
75.689804
77.446671
79.203537
82.865463
86.379181
90.041122
95.459930
100.148529
104.688889
107.911621
111.277115
113.473190
114.933609
114.203400
111.419884
107.466957
103.662247
100.000305
94.729721
90.189346
86.675629
84.770554
83.892120
74.811386
75.250587
77.007454
78.616089
81.838814
84.913322
88.575256
93.115631
97.365013
101.466171
105.567322
108.641830
111.277115
112.885757
112.885757
111.859100
109.075592
106.588524
102.926582
97.656006
92.385422
88.723480
86.527405
85.209763
75.102371
75.541580
76.420013
78.325104
80.812164
83.886658
87.109390
90.771332
95.020721
99.121872
102.344597
105.567322
108.932816
110.689682
111.568108
111.859100
110.832443
108.636375
106.001083
100.730515
95.020714
90.480347
88.723480
86.966614
75.541588
75.541580
76.420013
77.737656
79.933731
82.569016
85.352539
88.866257
92.385429
96.338364
99.852074
103.223030
106.588524
108.932816
110.689682
111.710876
112.150093
110.832451
108.488159
103.069351
97.507782
92.967407
90.919556
89.601913
75.832581
75.980804
76.711006
77.737656
79.494514
81.251381
83.886673
86.818398
90.041122
93.703072
97.216789
100.148521
103.953232
106.736740
109.372032
111.710876
112.880302
112.880302
110.975220
106.143852
99.703857
95.163483
93.406624
91.797989
76.271790
76.711006
76.859222
78.028648
78.907074
80.372948
82.278030
84.913330
87.845062
91.067780
94.581497
97.804230
101.757156
105.122658
108.197159
111.123444
113.758728
114.928154
113.171295
108.630920
102.190918
97.798782
95.602699
93.994064
76.711014
76.711014
77.150223
77.737656
78.616089
79.494522
81.399597
83.595680
86.527405
88.871712
91.946213
95.459930
100.000298
103.805008
107.027740
111.123444
114.488937
116.097572
114.779930
110.387787
103.947784
99.555634
97.359558
96.041916
77.150223
77.150223
77.150223
77.737656
78.028656
79.055305
80.521172
82.717255
85.209763
87.993279
91.067780
94.433281
98.973648
103.365799
106.440300
110.826996
114.488937
116.976006
115.658356
111.266205
105.265427
100.725052
98.237984
96.920341
77.589439
77.589439
77.150223
77.737656
78.467865
79.055298
80.521164
82.717255
84.770554
87.405838
90.189346
94.142288
98.534424
102.926582
106.440308
110.975220
114.779930
117.266998
116.097572
111.705429
105.704636
101.455261
98.677200
97.359558
