119.929550
119.929550
120.225998
120.665215
120.670662
121.406326
120.824341
120.533348
119.512146
118.781937
119.072937
118.337273
118.189049
117.892601
117.596161
117.447937
116.712280
116.415833
116.119392
115.531944
114.944511
114.505302
114.648064
114.499847
120.220543
120.220543
120.516991
120.665215
120.670662
121.406326
120.824341
120.533348
119.803139
119.072937
119.072937
118.776489
118.189049
118.183594
117.596161
117.447937
116.712280
116.855049
116.267609
115.680176
115.235504
114.944511
114.648071
114.499840
120.220543
120.220543
120.516991
120.665215
120.670662
121.406326
120.824341
120.533348
119.803139
119.363922
119.072937
119.215698
118.628265
118.622818
118.474586
117.887154
117.590706
116.855042
116.267609
115.680168
115.531952
115.092735
115.235504
114.648064
121.538185
121.538185
121.247192
121.104424
121.109879
120.967110
120.385124
120.385124
120.533348
119.803139
119.803139
119.797691
119.358475
119.353020
118.913803
118.326370
117.738937
117.881699
117.003265
116.415825
116.119385
115.240952
115.240959
115.531960
122.707611
122.268394
122.564842
121.982857
121.400871
121.258102
119.945908
120.824341
120.972565
120.972565
120.676117
120.967110
120.527893
120.231445
120.083221
119.495789
119.056572
118.469139
117.590714
117.003273
116.564056
115.976624
115.685631
115.976616
123.289597
122.998604
122.707611
122.273849
121.691864
120.818886
120.236900
121.115334
121.554550
121.554550
121.406326
121.697319
121.258102
121.109879
120.961655
120.374222
119.935005
119.495789
118.617355
117.738937
117.299713
116.421280
116.421288
116.421288
122.844925
122.553932
122.262939
121.977402
121.395416
120.818886
120.236900
121.115334
121.993759
122.432976
122.284752
122.427521
122.136528
121.988304
121.691864
121.104431
120.813438
120.374222
119.495796
118.326363
118.178146
117.299721
117.008720
116.860504
120.786171
120.934387
121.082611
120.797073
120.950752
121.252647
120.818886
121.845535
122.284752
122.723969
122.723969
123.454178
122.866737
122.866737
122.570297
121.982857
121.543640
120.813431
119.786781
119.056572
118.617363
117.738930
117.738930
117.447937
118.721954
119.018402
119.023857
120.055962
120.506081
120.956200
121.549095
122.136536
122.723969
122.872192
123.163185
123.893387
123.745163
124.036163
123.300499
122.861282
122.273849
121.395416
120.956207
119.786789
118.908348
118.178146
118.029922
118.178146
116.075760
116.223984
116.816872
118.436417
120.061417
121.098969
122.131081
122.866737
122.723969
123.163185
123.311409
123.893387
124.184380
124.475372
124.178932
123.152275
122.564835
121.247192
121.538185
120.368767
119.929550
118.908348
118.908356
118.469139
112.551132
113.577789
114.170677
116.086670
118.738319
120.802528
121.834633
122.866737
122.723969
122.872192
123.311409
124.041611
124.184380
124.475372
123.887939
123.591492
123.004059
122.125626
121.977402
120.659760
119.929558
119.490334
119.051117
119.051125
108.290848
109.026512
110.937042
113.149483
116.827782
120.066864
121.395416
122.427521
122.284752
122.141983
123.020416
123.459625
123.602402
124.332603
123.887939
123.448723
122.713066
121.834625
121.538193
120.659760
120.072319
119.484879
119.045670
119.045670
103.448578
104.914444
107.121429
110.212296
114.626251
118.452774
120.807983
121.840088
121.554550
121.850990
122.290207
122.729424
122.872192
123.311401
123.305954
123.157730
122.422073
121.834633
121.977402
120.802528
120.066864
119.918640
119.040222
119.331207
100.072182
101.247055
103.454041
107.423332
112.863945
117.717117
120.220543
121.400871
120.824341
121.120789
121.850990
121.559998
122.432976
122.872192
122.723969
122.575745
122.279297
122.273849
121.686409
120.802528
120.209641
119.622200
119.034760
119.034760
97.727882
98.902756
101.548950
105.814690
111.546295
116.838684
119.342110
120.522438
120.236900
120.824341
121.263557
121.411774
121.702766
122.581200
122.141983
122.284752
121.988312
122.131081
121.834633
120.802528
120.357864
119.913193
119.177528
119.325752
97.294128
98.468994
101.115189
105.232704
110.376877
115.669266
118.463684
119.786781
119.792236
120.231445
120.527893
121.263550
121.263557
121.411781
121.411781
121.993759
122.136528
121.840088
121.834633
120.950745
120.357864
119.913193
119.034760
119.325760
97.744232
98.479904
100.977875
104.798943
109.943115
114.499847
117.437027
118.760132
119.056572
120.077774
120.083229
120.527893
120.676117
120.972565
120.972565
121.411774
121.993759
121.549095
121.691864
121.098969
120.215088
119.622200
118.743774
119.182983
98.633575
99.078239
101.427994
105.100845
109.509354
114.208847
116.558601
118.172691
119.051125
119.193893
119.638557
120.083229
119.797684
120.094131
120.681572
121.120781
121.702766
121.697319
121.549095
121.247192
120.072311
119.627655
119.040215
119.331207
100.253128
100.697784
102.169113
106.132942
109.954025
114.066078
116.415833
117.733475
118.315460
118.458229
119.342117
119.495789
119.501244
119.945908
119.803139
120.681572
121.702766
121.406326
121.258102
120.956207
120.368767
119.775879
118.749222
119.188438
103.047546
103.343987
105.106300
107.752495
111.425346
114.510750
116.564056
117.442482
117.876251
118.019012
118.315460
118.760132
118.913803
119.797691
119.654915
120.681572
121.263557
121.554550
121.845543
120.961655
120.225998
119.781326
119.193893
119.193893
105.693733
106.429390
107.752495
109.811256
113.187645
115.394630
116.569504
117.590706
117.437027
117.140587
117.728027
118.024467
118.178146
119.210251
119.506699
120.533348
120.972565
121.554550
121.845535
121.109879
120.522446
120.077774
119.051125
119.490341
107.752487
108.779144
109.372040
111.134346
114.071533
116.569504
117.156944
117.151497
116.997818
116.701370
116.701370
117.876251
118.178146
118.913803
119.358475
120.385124
120.972565
121.702766
121.993759
121.406326
120.670670
120.083221
119.786781
119.638557
109.075592
109.811249
110.986122
112.018234
114.807190
116.865944
117.305168
117.008720
116.997818
116.701370
116.262154
117.437027
118.029922
118.913803
119.358475
120.385124
120.972565
121.702766
121.993759
121.406326
120.670662
120.083221
119.786781
119.786781
109.372032
110.689682
111.573563
112.605667
115.246407
116.865959
117.453392
117.447937
116.849594
116.262161
116.553146
116.997818
117.590706
118.765579
119.210251
119.945908
120.972565
121.702766
122.141983
121.406326
120.379669
120.231445
119.935005
119.495789
