73.554703
73.554703
73.554703
72.967262
72.528046
71.940613
71.940613
71.501404
71.501404
71.062180
70.189209
68.580566
67.268387
66.098961
65.807968
65.516975
65.665199
66.104416
66.104416
66.104416
66.104416
66.104416
66.104416
66.104416
73.263718
73.263718
73.263718
72.237061
71.797852
71.210411
71.210411
70.771202
70.771194
70.331985
69.750000
68.580566
67.268387
66.098961
65.807968
65.516975
65.374207
65.813416
65.813416
65.813416
65.813416
65.813416
65.813416
65.813416
71.512306
71.512306
71.512306
71.215866
70.776649
70.189209
70.189209
69.750000
70.189209
69.750000
69.168015
67.998589
66.686401
65.516975
65.225983
64.934990
65.083214
65.522430
65.522430
65.522430
65.522430
65.522430
65.522430
65.522430
69.469910
69.469910
69.469910
68.882469
68.443253
68.146805
68.146805
68.146812
68.146812
68.146812
67.855820
66.686394
65.813416
64.643997
64.353004
64.353004
64.501236
64.940445
64.940445
64.940445
64.792221
64.792221
64.792221
64.792221
65.818878
65.818878
65.818878
66.109863
65.670647
65.522430
65.522430
65.813423
66.691849
66.252632
65.961639
65.670647
64.940445
64.210236
63.919250
63.919250
63.480026
63.919235
63.919235
63.919235
63.919235
63.919235
63.919235
63.919235
63.337265
63.337265
63.337265
63.628250
63.189034
63.480034
63.480034
63.771027
64.358459
64.358459
64.358459
64.067459
63.337265
63.046265
63.046265
63.046265
62.898041
62.898041
62.898041
62.898041
63.189041
63.189041
63.189041
63.189041
61.876839
61.876839
61.876839
62.167839
61.728630
62.019615
62.019615
62.019615
62.898041
62.898048
62.898048
62.607048
62.316063
62.464287
62.464287
62.464287
62.607056
62.607056
62.607056
62.607056
62.898041
62.458832
62.458832
62.458832
60.559196
60.559196
60.559196
60.850197
60.559204
61.141182
60.701965
60.701965
61.289406
61.728615
61.728615
61.437630
61.585854
61.734077
62.025070
62.025070
62.025070
62.316063
62.316063
61.876846
62.167839
62.167839
62.167839
62.167839
60.410980
60.701973
60.701973
60.701965
60.262749
60.553749
60.114532
60.262756
60.701965
59.971764
60.119987
60.268211
60.707428
61.294861
61.294861
61.585854
61.734077
62.025070
62.025070
61.585854
61.437630
61.437630
61.437630
61.437630
61.283958
61.283958
61.283958
61.283958
60.992966
61.283951
60.405525
60.553749
60.114532
59.680771
59.971756
60.119987
60.559204
61.146637
61.146637
61.437630
61.585854
61.876839
61.876839
61.437630
61.437630
60.998413
60.998413
60.998413
64.358452
64.358452
64.358452
64.210236
63.480026
63.480034
62.601601
62.162392
60.992958
60.410980
60.410980
60.410973
60.850189
61.437630
61.437630
61.437630
61.585854
61.728615
61.728615
61.289406
61.289406
60.850189
60.850189
60.850189
69.041603
69.041603
68.602386
68.163170
67.284737
66.845520
65.527885
64.358459
63.480026
61.871399
61.283966
61.432175
61.432182
61.580406
61.580391
61.723167
61.580391
61.432175
61.432175
60.992966
60.844742
60.405525
60.405525
60.405525
75.190605
75.042381
74.603165
73.433746
72.555313
71.528671
69.920029
68.163177
66.697311
64.210236
63.622795
63.183586
62.744370
62.305153
62.305153
61.865936
61.865936
61.426720
61.574944
60.987511
60.548286
60.109077
60.109077
60.109077
81.487839
81.048622
80.461182
79.291763
78.561554
76.947472
75.190605
72.703545
70.798454
68.014946
66.549080
66.109871
65.231438
64.792221
63.913795
63.765564
63.474579
62.596146
63.035355
62.156937
61.569496
61.130280
61.130280
61.278496
87.642303
87.642303
86.324654
85.885437
84.276802
83.250153
81.493301
78.858002
76.074493
73.730194
71.825111
70.507462
69.920029
68.602394
68.014946
67.136520
66.697304
65.818871
65.818871
64.501228
63.913788
63.474571
63.035355
63.035355
94.532417
94.241432
93.362999
92.923782
92.193581
90.875931
89.119072
86.335564
83.991264
80.768532
78.863457
77.397583
76.079941
75.053291
73.735649
72.857216
72.121559
70.803909
70.216476
68.750618
67.284744
66.697304
66.258087
66.258087
101.279770
101.427994
100.988777
100.697784
99.967583
99.528366
98.210724
95.136215
92.643700
89.860184
87.515884
85.462585
84.144943
82.091644
80.773987
79.308121
77.990479
77.403038
75.937172
73.883865
72.269783
71.243134
70.216476
70.068253
106.709480
107.148697
106.857704
107.445137
107.154144
107.154144
105.545509
103.201218
100.417709
97.634193
95.289886
93.236595
91.479729
89.865646
87.960556
86.203705
85.028824
84.002167
82.097092
79.456345
77.842262
76.519165
75.201515
75.053299
110.964310
110.964310
111.260757
111.699974
111.848198
111.996414
111.266212
108.921921
106.868607
104.524307
102.328239
99.983948
98.227081
96.173782
94.416916
92.951050
91.627945
90.601303
88.547989
85.764481
84.002167
82.679077
81.361427
80.773987
113.023071
113.610504
113.610504
114.637161
114.785385
115.812035
115.372818
113.906952
112.150101
110.393234
108.636375
106.731285
105.413643
103.656784
102.190926
101.164268
99.550186
98.523529
96.909439
94.416916
92.072617
90.749527
89.722870
88.992661
114.055176
114.642609
114.642609
115.521042
116.695915
118.013565
118.161789
117.574356
116.256706
115.230049
114.060631
112.891212
111.721786
110.552368
109.234718
108.208069
107.324181
106.297531
104.392448
102.048149
100.285835
98.380753
97.793320
97.063110
114.208847
114.648064
115.526497
116.404922
117.870789
118.897446
120.215088
120.215088
119.188438
118.749222
117.728020
117.294266
115.976624
114.955414
114.076996
113.780540
113.044876
112.018234
110.404144
108.208069
106.302979
104.837120
104.249680
103.519470
114.944511
115.383728
116.262154
117.431580
119.045670
120.363312
121.389969
121.389961
120.950752
120.950752
120.368767
119.786781
118.765587
118.183594
117.305168
117.008720
116.273064
115.537399
114.219757
112.023682
109.970375
108.065300
107.477859
106.747650
115.531952
115.971161
116.262154
117.728027
119.633102
121.098969
122.268394
122.707611
121.977402
121.977402
121.834633
121.400871
120.083229
119.649467
119.210258
118.622810
117.887154
117.151497
115.685623
113.489555
111.436249
110.118599
109.531166
108.800957
