123.701538
123.119560
122.828568
122.537575
122.394806
122.103813
121.230835
121.379059
120.066864
119.336655
117.728027
117.140587
115.526497
114.499847
114.939056
115.526497
116.992363
117.876251
118.172691
119.051125
118.611908
119.347565
119.199341
118.760132
123.410553
123.119560
122.389351
122.098358
122.103813
121.664597
121.082611
120.939842
119.918640
119.336662
118.019012
117.140587
115.817490
114.499847
114.499840
115.378273
116.992363
117.585251
118.463684
119.051125
118.611908
119.199341
119.199341
119.199341
122.532120
122.241127
121.950134
121.659149
121.516373
121.516373
121.082611
120.939842
119.770424
119.336662
118.019012
117.140587
115.526497
114.499847
114.499847
115.087280
116.113930
117.288811
118.024467
118.463684
118.611908
119.199341
119.199341
119.490334
121.362701
121.071709
120.780716
120.341499
120.780716
120.489723
119.907738
120.055962
119.622200
119.188438
117.870796
116.992363
115.235504
114.208847
113.769638
114.648064
115.235504
115.971161
116.849594
117.876244
118.024467
119.051125
119.051117
119.490334
119.314850
119.463074
119.463074
119.314850
119.314850
119.314850
119.023857
119.029312
119.034760
119.040215
118.310005
116.553146
115.235504
113.917862
113.478645
113.478653
113.917862
114.796288
115.822937
117.140587
118.167236
119.193893
119.342110
119.781326
118.293648
118.293648
118.584641
118.145424
118.288193
118.288193
118.288193
118.881088
118.886536
119.331207
118.310005
116.844139
115.235504
113.917862
113.187653
113.478645
113.039429
113.769638
114.796295
115.971161
117.876244
119.633102
119.781326
120.511536
118.590096
118.590096
118.441872
118.293648
118.436417
118.727409
118.727417
118.881088
119.325752
119.918648
119.336662
117.579803
115.822945
114.505295
113.187653
113.039429
113.478638
114.208862
114.648071
116.701370
118.606453
120.072319
120.807983
121.389961
119.913193
119.913193
119.913193
120.055962
119.759514
119.611290
119.611298
120.495178
120.648849
121.093521
120.363312
118.606453
116.849594
115.383728
114.505295
113.917862
114.357071
114.648071
116.113937
118.167236
120.072319
122.125626
122.273849
123.152275
121.675507
121.675507
122.114716
121.818275
121.230835
121.082611
121.082611
121.527283
122.411163
122.855835
121.977402
120.220543
118.315460
116.410378
115.383728
115.235504
115.822937
116.553146
117.431580
119.633102
121.686409
123.591492
124.327148
125.496574
123.289597
123.141373
123.289597
122.844925
122.844925
122.109268
121.818275
122.702156
123.437820
123.882484
123.152275
121.247192
118.754677
117.431580
116.553146
116.404922
116.701370
117.579803
118.897446
121.098969
123.152275
125.496574
125.793015
127.110664
122.987694
123.426910
123.426910
122.839470
122.400261
121.961044
121.812820
122.844925
123.289597
123.882484
123.295044
121.389969
118.600998
117.426125
116.547699
116.108482
117.283356
117.870796
119.336662
121.977402
123.591492
126.084015
126.380455
127.258888
122.092911
122.383896
121.801910
121.653687
120.923485
120.193275
120.341499
121.373604
121.966492
122.702156
122.262939
120.209641
117.420670
115.658356
115.658356
115.515594
116.690460
118.013565
119.336662
121.538185
123.739716
125.353806
126.967896
126.967896
121.044441
120.753448
120.462456
119.732246
119.150261
118.568283
118.573730
119.605835
120.786171
121.230835
120.791618
118.590096
116.092117
114.620804
113.890594
114.626251
115.806580
117.717117
119.188438
121.389969
123.300499
124.914589
126.089462
126.528679
119.265770
119.413994
119.271225
118.101807
117.377045
117.091507
117.245178
117.986298
119.166626
120.050507
119.172081
116.970551
114.472580
112.853035
112.853035
113.594147
115.213692
117.129677
118.452774
120.363312
122.713058
123.887939
125.062813
125.502029
119.243958
119.101189
118.519203
117.794449
117.069695
116.641388
116.795059
117.245178
118.134521
119.018402
117.700760
116.229439
113.292252
112.111923
111.381714
112.562042
114.620796
116.685013
118.156334
119.918640
121.389969
122.713058
123.739716
123.739716
119.809586
120.106033
119.084831
118.508301
117.349785
116.482254
116.641388
117.091507
117.541626
117.256088
116.816879
114.906342
112.699356
110.640602
110.349609
112.260147
113.736916
115.943893
117.124222
118.595551
120.066864
120.654305
121.538185
121.538185
120.666199
121.110870
120.386108
119.370369
118.360077
117.498001
116.778702
116.937836
117.096962
116.372208
115.493774
113.583244
111.376259
109.756714
109.465729
111.228043
113.144028
115.202782
116.234894
117.415222
118.299103
118.595543
119.331207
119.040215
121.967484
121.972931
121.248184
120.528885
119.079376
118.217300
117.355240
116.784157
116.943283
116.218529
115.049110
112.990356
110.931595
109.312042
109.169281
110.783371
112.990356
114.758118
116.081215
116.674103
116.679558
116.097572
116.685013
116.394020
122.983231
122.988678
122.554924
121.544632
120.243347
119.381271
118.370987
117.948128
117.668037
116.504074
115.334648
113.863327
111.952797
110.333252
110.042267
111.513580
114.011551
115.191879
115.636551
115.641998
114.911797
113.890594
113.890594
113.599602
124.295425
124.300873
123.724342
123.296036
121.846527
120.984459
119.974167
119.694077
118.974777
117.668037
116.937836
115.175522
113.852417
112.381104
112.090111
113.561432
115.471970
116.504074
116.361298
114.752663
113.435020
111.529938
110.651505
110.799728
125.761292
125.618515
125.184753
124.317230
124.037155
123.026855
122.307556
121.149040
120.868950
119.853210
118.832008
117.366142
115.900276
114.725403
114.725403
116.048492
117.228828
118.112701
117.234276
114.450768
111.810020
109.317505
107.708862
107.269653
126.639725
126.348724
126.211411
125.486656
125.206573
124.487274
123.619743
122.752220
122.032921
121.456390
119.704987
119.265770
117.948128
116.773254
116.921478
117.953575
118.837463
118.842911
117.816261
114.297089
110.629692
107.549736
105.644653
105.205437
127.518143
127.227158
126.941620
126.216866
125.936783
125.069260
124.201729
123.334206
122.614906
122.038376
120.726181
119.847755
119.117546
117.942673
117.799904
118.832008
119.567665
119.721344
117.816261
114.439857
109.894035
106.517632
104.612549
104.025116
127.518150
127.518150
126.941620
126.216858
125.788559
125.508469
124.492722
123.625198
122.905899
122.329369
120.726181
120.286972
119.408539
118.530106
118.239120
119.271225
120.006882
119.721344
118.107254
113.852417
109.306602
105.781967
103.585899
102.998459
