112.748436
112.309219
111.430794
109.086494
106.742203
105.567322
105.567322
107.324188
109.959473
112.594757
115.378273
116.701370
119.490334
121.104424
123.009506
124.475372
124.771820
125.941238
126.232239
125.496574
124.327148
123.887939
123.739716
123.300499
112.748436
112.309219
111.579010
109.964920
107.181412
106.445755
106.006538
107.763397
109.959473
112.594765
114.939056
116.701370
119.342117
120.956200
123.300499
124.036163
124.623596
125.353806
125.793022
125.057358
124.178932
123.300499
123.152275
122.713058
113.187653
113.187653
112.309227
110.404144
108.059845
106.884972
106.445755
107.763397
109.959473
112.594757
114.939056
116.553146
119.193893
120.956200
122.713058
123.739716
124.178932
125.057358
124.618141
123.882484
122.855835
121.977402
121.829178
121.389969
114.066086
113.626869
113.039429
111.282570
108.938278
108.202614
107.763397
108.641830
110.398682
112.155548
114.060631
116.553146
118.606453
120.511536
121.977402
123.295044
123.734261
123.734261
123.734261
122.850380
121.532730
120.506081
119.918640
119.627655
115.235504
114.944511
113.917862
112.451988
110.546906
109.520264
109.081047
109.520256
110.837906
112.155548
113.473190
115.965714
117.870789
120.506081
121.680954
122.411163
122.850380
122.993149
122.114716
120.939842
119.764969
118.008110
117.420670
117.272446
116.404922
115.822937
115.526497
114.208847
112.451996
111.277115
110.398689
110.837898
111.277115
112.155548
113.033981
115.378281
117.574341
120.209641
120.797073
121.230835
121.230835
120.791618
119.616745
118.150879
116.536789
114.631706
114.044266
113.896049
117.135132
116.992363
116.404922
115.378273
113.912407
113.033981
112.155548
112.155548
112.155548
112.594757
113.473190
115.378273
117.277901
119.473976
119.913193
119.616745
119.029312
118.150879
116.245796
114.192490
112.139191
110.234108
109.355675
108.916458
117.865341
118.013565
117.574348
116.986908
116.108475
114.790833
114.499840
113.912407
114.060623
114.060623
114.351624
116.547699
117.717117
119.325752
118.886536
117.711662
116.245796
114.192490
111.996414
109.212906
106.281174
104.085098
103.058441
102.619232
118.595543
118.595551
118.595551
118.156334
117.426125
116.986908
116.695923
116.108482
116.256699
115.669266
116.108475
116.986908
118.447327
118.886536
117.711662
115.658356
113.314064
109.652122
106.868607
103.354889
99.692947
97.496872
95.740021
95.591797
119.177528
118.886536
119.325752
118.886536
119.034760
118.743767
118.452774
118.304550
117.574348
117.426125
116.986908
117.717117
118.299103
117.711662
115.219147
112.435631
109.212906
104.963531
101.598030
97.496872
93.692169
91.056877
89.739235
88.860794
119.177528
119.029312
119.325752
119.325752
119.764969
119.622200
118.891991
119.182983
118.595543
118.304558
117.568893
117.420670
116.685013
115.219147
112.287407
108.186256
104.085098
99.544724
95.740013
92.226288
88.860794
86.225510
84.907867
84.029434
119.029305
119.029305
119.616745
119.177528
119.473976
119.622200
119.331207
119.473976
118.595551
118.008110
116.833237
115.658356
114.044266
111.112534
107.889809
102.910225
98.227081
93.247498
89.882004
86.516495
84.029434
81.981583
81.103149
80.372955
118.881088
118.590096
118.738319
119.177528
119.034760
119.473976
119.182983
119.034760
118.590096
117.563438
115.949348
113.456833
110.376877
106.714935
102.904770
96.903984
91.781624
86.807495
83.442001
81.394142
79.637283
78.467865
78.176872
77.737656
118.293648
118.293648
118.150879
118.590096
118.447327
118.743774
118.304550
118.595551
118.441872
116.976006
114.483482
111.255302
107.296913
102.317329
98.216171
92.067162
86.362831
80.949478
78.171417
76.271790
76.271790
76.420013
76.129028
75.838028
117.266998
117.557983
117.854431
117.563438
118.299103
118.447327
118.304550
118.008110
118.002655
116.679558
114.187035
110.080429
104.804398
99.528366
94.697006
88.257004
82.261673
76.996544
74.366714
74.075714
74.954147
75.541580
75.250595
75.398819
116.822327
117.261543
116.970551
117.266998
118.002655
117.859886
117.568893
117.859886
117.854431
116.679558
113.456833
109.053780
103.190308
97.184067
91.765266
85.034279
79.038940
74.652245
72.609856
72.758072
74.663162
76.129021
76.716454
76.716454
116.668655
116.377663
116.377663
116.822327
117.266998
117.124229
116.981453
117.272446
117.415215
116.240341
113.456833
107.736130
101.576218
95.130768
89.272751
83.129196
77.282089
72.604401
71.292206
72.318863
75.541588
77.446663
78.473312
78.764313
115.784775
115.932991
115.641998
116.525879
116.092117
116.536789
116.833237
116.833237
117.563438
115.949356
113.017616
107.296921
100.549568
94.104111
87.955109
81.811554
75.525223
71.725967
70.562004
72.467087
76.129021
79.203522
80.669403
80.960388
115.488327
115.345551
115.345551
115.790222
115.795677
115.801125
115.806580
116.245796
117.124229
115.949348
113.017616
107.296921
100.110352
93.368454
86.928452
81.075890
75.086014
70.847534
69.683578
72.467079
76.568237
79.790970
81.256836
81.547821
115.488327
115.636543
114.906342
115.351006
114.769020
114.335266
114.631706
115.658356
116.685013
115.658356
113.017616
107.736130
100.549568
93.807671
87.658661
81.515106
75.377007
71.577744
70.413788
72.467087
76.568237
79.351753
81.256836
81.547821
115.197327
114.906342
114.906342
114.472580
113.890594
113.308609
113.605057
114.631706
115.806580
115.658356
113.165840
107.884354
101.576218
94.686096
88.828079
82.245316
76.107208
71.868744
70.265549
72.318863
76.716461
79.499977
80.965836
81.256821
115.197334
114.906342
114.615349
114.033363
113.160385
112.430176
113.017616
113.901497
115.806580
115.658356
113.314064
107.884354
102.163658
95.712753
90.145729
83.562958
76.837418
72.456177
70.995758
72.758072
76.568237
79.060760
80.526627
80.526627
115.197334
114.906342
114.467125
114.033363
112.572952
112.281952
112.139191
113.753273
115.367363
115.367371
113.314064
108.323570
102.163651
96.003738
90.584938
84.002167
77.567619
72.747162
70.995758
72.758072
76.568237
79.060760
80.526627
80.526627
115.197334
114.906342
114.467125
114.033363
112.863937
111.842743
112.139191
113.314056
115.367371
115.367371
113.314064
108.762787
102.602867
96.003738
90.145721
83.562958
77.715843
73.038162
71.286743
72.758072
76.568237
79.060760
80.526627
80.526627
