86.461975
86.901184
86.901192
86.604736
86.747513
88.207924
91.584335
97.606926
103.338531
108.773689
110.393234
109.366585
106.583069
103.794106
102.476456
101.307037
99.841171
99.110962
101.301590
104.667084
109.641212
113.594147
114.763573
116.372208
86.313751
86.752960
86.752960
86.456528
87.038506
88.356148
91.732544
97.606926
103.777748
109.212906
110.832443
109.366585
106.583069
103.503113
102.476456
100.867828
99.401947
98.671753
100.862366
104.376091
109.350220
113.445923
114.472580
115.641998
86.165527
86.604744
86.604752
86.456528
87.038506
88.356148
91.732544
97.606926
104.216965
109.652115
111.271667
109.366585
106.583069
103.212120
101.598030
99.989395
98.084312
97.354111
99.253738
103.497665
108.180801
112.715721
114.181587
115.351006
85.429863
85.869080
86.308296
86.599289
87.477715
89.234573
92.610977
98.633575
105.095390
110.091339
111.710876
109.805801
106.583069
102.624680
100.719604
98.380760
96.475677
95.306259
97.205887
101.449806
107.450592
111.842743
113.451378
114.769028
85.276192
85.424408
85.863625
86.011848
87.620483
89.673782
93.637634
99.512009
105.831055
110.678772
112.150093
109.663025
105.852859
101.894478
99.110962
96.475670
93.549393
92.670959
94.718811
99.401962
105.550964
109.943115
112.578400
113.747826
84.540527
84.688751
85.858170
86.593834
88.350693
90.261230
94.225075
100.099442
107.000473
111.557205
113.028519
110.102242
105.852859
101.164268
98.380753
94.427826
91.353317
90.474884
91.644318
96.914886
103.651337
108.043488
111.117989
111.996414
84.826073
84.974297
86.000946
86.445618
88.350700
90.700447
94.664284
100.538658
107.148697
111.996414
113.467735
110.541458
106.292076
101.603485
97.941544
93.549393
90.035675
88.278816
89.596466
94.427826
101.603485
106.143852
109.218361
110.096786
85.995491
85.995491
86.582924
87.466812
88.789917
91.139664
94.521515
100.247673
107.296921
111.414429
113.028526
110.689682
106.440300
102.190918
98.380753
93.549393
88.718033
86.521957
87.400383
92.379967
99.116417
103.656792
106.440300
107.466949
87.159462
87.455910
87.752350
88.048798
89.080902
91.139664
94.521515
100.395889
106.857704
111.414429
112.737534
111.128891
106.879517
103.069351
98.819977
93.549393
88.569809
85.204315
85.495300
90.183899
96.338364
100.878731
103.223022
104.101456
88.619873
88.768097
88.773552
88.779007
89.371887
91.139664
94.230522
99.956673
106.418488
111.414429
112.737534
111.128891
107.757950
103.947784
99.698395
93.988609
88.421585
84.177666
83.738449
88.136047
93.263855
97.952446
100.444969
100.884186
89.201866
89.350082
89.355530
89.360985
89.371895
91.578873
94.521515
100.247665
106.709473
111.705429
113.028526
111.568108
108.197159
104.386993
100.137619
93.988609
87.543152
83.002792
82.124352
86.082741
90.919556
95.317154
96.931252
98.248894
89.635620
89.932068
89.789299
89.942970
89.953880
91.430649
94.812508
100.538658
106.561256
111.996414
113.028526
112.298317
108.927368
104.826210
100.576828
93.840385
87.246704
82.267120
80.949478
84.177658
88.575256
92.676422
94.147736
94.877945
89.778389
89.926613
90.371277
90.085739
90.684082
92.012634
94.955276
101.268867
107.143242
112.139191
113.610504
112.441086
109.218361
105.265427
100.576828
93.983154
87.098480
81.531464
79.774612
81.976135
86.082748
89.744675
91.067780
91.797989
90.360374
90.217606
90.514053
90.667725
90.826851
92.303627
95.537262
101.559860
107.434235
112.721169
113.901497
112.732079
109.366585
104.826210
101.016052
93.983154
86.802040
80.795807
79.329941
80.801254
84.320435
87.252167
88.427032
88.866257
91.381577
91.238800
91.244255
91.106941
91.408836
92.885612
95.537262
101.263412
107.137787
112.424728
113.605057
112.732079
109.657570
105.704636
101.455261
94.422363
86.802032
80.795807
78.890724
80.065598
82.415344
85.198860
86.373734
86.082733
91.820786
91.820786
91.826241
91.397934
91.699829
92.007187
95.389038
100.675980
106.989563
112.276505
113.165840
112.583855
109.948563
105.704643
101.455261
94.570587
87.389481
81.235016
78.890724
79.478157
81.679688
83.584763
84.759644
84.320427
92.841988
93.138428
93.143890
92.128143
91.699829
92.007187
94.949829
100.236763
106.111137
111.249847
112.869392
111.996414
109.948570
106.292076
102.042694
95.449020
88.267914
82.113449
79.329941
79.478165
80.653030
82.267120
82.706329
82.267120
94.159637
94.159637
93.874092
92.419136
91.551605
91.858963
94.214165
99.210106
105.814690
110.662415
112.721169
111.848190
110.387787
106.583069
102.481911
96.036453
88.855347
82.700882
79.917374
79.329941
80.065598
81.092255
81.240463
80.801254
95.038063
95.038055
94.752525
93.001122
92.133591
91.562515
94.214165
98.913666
105.227257
110.365967
112.133736
111.848190
110.678772
107.461494
103.360344
96.914902
89.733780
83.579315
79.917374
79.329941
79.038940
79.335388
79.335388
78.896179
96.646698
95.916489
95.482727
93.292107
92.424583
91.705292
93.769493
98.178001
104.491592
109.339317
111.837288
111.699966
110.969765
108.339928
104.238770
98.084312
90.612206
84.457748
80.647583
78.451508
78.308739
77.578529
77.139313
76.700104
97.376907
97.085915
96.212936
94.022316
92.276367
91.408836
93.473053
98.172546
103.316719
108.894653
111.249847
111.403526
111.408981
109.070137
105.556419
98.962746
91.781624
85.039734
80.647583
78.451508
76.700104
76.260880
75.091461
74.652237
98.403557
97.964340
96.652153
94.461533
92.419136
91.551605
93.028381
97.585114
103.459488
108.158989
110.953400
111.694519
111.699966
109.948570
105.995636
100.132164
92.072617
85.627167
81.377792
78.012283
76.260895
75.091461
73.922043
73.482834
98.694550
97.964340
96.943146
94.752525
92.419136
91.551605
93.028381
97.288666
102.872047
107.719772
110.805183
111.694519
111.990967
110.239555
106.434845
100.132156
92.951050
85.918152
81.377792
78.012283
75.382462
74.213036
73.043617
72.604401
99.133766
98.403557
97.234138
95.043518
92.710129
91.842598
92.880165
97.288666
102.872055
108.010765
110.805183
111.694519
111.699974
110.678772
106.874062
100.571381
92.802826
86.357376
81.668777
77.573074
75.382462
73.773819
72.604401
72.165192
