79.357201
78.917984
78.478775
77.600342
77.012909
76.134476
76.573692
77.012909
77.743103
78.621536
79.499969
80.230179
81.256836
82.426254
83.304688
84.913330
86.230957
87.548615
89.305466
92.522736
95.449020
97.496880
98.666290
99.105515
79.357208
78.917992
78.917992
78.478775
77.452118
76.573692
76.573692
77.452118
78.182327
78.621536
79.499969
80.230179
80.817619
81.987038
83.304688
84.474106
85.791748
87.109398
88.866257
92.231750
94.861588
96.618446
97.936096
98.375305
81.114059
80.674843
79.796417
79.505417
78.769768
77.452118
77.452118
77.891342
78.182327
78.621536
79.499969
80.230179
80.378403
81.547821
82.426254
83.595680
84.913315
85.791756
87.987823
90.474884
93.252945
94.422371
95.449020
96.327454
82.870926
82.870918
81.992493
81.114059
80.087410
79.357208
78.478775
78.769760
78.621536
78.621536
79.060753
79.499969
79.939194
80.378403
80.817612
81.987038
82.865463
83.743896
85.352531
87.987823
89.887451
90.765884
92.083527
92.522743
85.654434
85.215218
84.627777
83.749359
82.431702
80.823067
80.235626
79.796417
79.208977
79.060753
78.621536
78.621544
78.769760
79.060760
79.499969
79.790962
80.965836
81.547821
82.574471
84.183113
85.791748
86.230957
87.109390
87.548615
89.019928
88.728935
87.411285
86.823853
85.215218
83.167358
82.140717
81.114059
79.796417
78.769768
78.330551
77.891335
77.891335
77.891335
77.891335
78.182327
78.769760
79.499969
79.939194
80.817619
81.696045
81.696045
82.426254
82.865471
92.390869
92.242661
90.634018
89.607368
87.850502
85.511673
83.897568
82.870926
80.823067
79.648193
78.330551
77.891335
77.891335
77.452118
77.452118
77.743111
77.891335
78.182327
79.060760
79.060760
79.939194
79.648193
79.939186
80.378403
96.783020
96.634804
95.026169
93.708527
90.634018
87.707733
85.802658
83.606583
81.262283
79.796417
78.478767
78.039551
78.039551
77.891335
77.891335
78.182327
78.621544
78.621544
79.499969
79.060760
79.499977
79.060753
79.060760
79.499969
101.466171
101.175171
99.270096
97.222244
93.856750
90.491249
87.559517
85.072449
82.728149
80.092865
79.066208
78.478767
78.917992
78.330551
78.769768
78.769768
79.060760
79.790970
79.939194
79.790970
79.790962
79.060760
79.351746
79.351746
105.858315
105.567322
103.223022
100.884186
97.079468
93.126541
89.903809
86.977539
84.194016
81.410507
80.092865
79.505417
79.796417
79.499969
79.499969
79.499969
80.230179
80.230179
80.230179
79.790970
80.230179
79.499969
79.351746
79.351746
109.520256
109.081039
106.593979
104.397903
100.593185
96.788483
93.417526
90.052032
87.268517
84.045799
82.288940
81.262283
80.674843
80.669395
80.378403
79.939178
80.230179
79.790970
79.790970
79.351746
79.351746
78.912537
78.912537
78.912537
112.303772
111.864555
109.668480
108.059845
104.106911
101.032410
97.518684
94.295959
91.221451
87.850502
85.363449
83.749359
82.431702
81.256828
80.817612
79.790970
79.790970
79.351753
78.912537
78.912537
78.621536
78.473320
78.473320
78.473320
114.939056
114.208855
112.891205
110.695129
108.059845
105.424553
102.201828
99.127319
95.904602
92.681870
89.898361
87.554062
84.918777
82.426247
80.817619
79.790962
78.473320
78.034103
77.594887
77.743118
77.743103
77.743118
77.743118
77.743118
116.404922
115.965714
114.796288
113.917862
111.425339
109.816704
107.033188
104.249687
100.587738
97.074020
94.142288
90.919556
87.114853
84.622330
82.426254
80.081963
78.912537
77.594887
76.716461
76.864685
76.864677
77.303894
77.303894
77.303894
117.579803
116.701370
116.262154
115.383728
113.769638
112.891205
110.546906
107.763397
104.540672
101.317947
98.095215
94.433273
90.480347
87.257614
83.743896
81.838821
79.351746
78.034103
76.716461
77.303902
76.864677
77.303894
77.303894
76.864685
117.437027
117.288811
117.288811
116.701370
116.113937
115.526497
113.621414
111.568108
108.932816
106.001083
102.778358
98.677200
94.285049
90.183899
86.670181
84.183105
81.108612
79.351746
78.034103
77.743118
76.864685
77.303894
76.864677
76.864677
117.146042
116.997818
117.146042
117.437035
117.579803
117.722572
116.695923
115.081825
113.176743
110.245010
107.022278
103.069351
98.677200
94.285049
89.892906
87.257622
83.743896
81.547821
78.912537
78.621536
77.743118
77.303894
76.573685
76.425476
115.976616
116.267609
116.706825
116.997818
118.458229
119.188438
118.452774
117.717117
116.103027
114.197945
110.975220
106.583069
102.630142
97.798767
93.845840
90.332123
86.818398
83.743896
81.547821
79.939194
79.060760
77.743118
77.012909
76.573700
114.510750
114.071533
114.801743
116.119385
117.579803
118.749222
118.743767
118.595543
117.420670
115.954803
113.171295
109.657578
106.143860
101.312500
97.798767
93.845840
90.332123
86.818405
84.183113
82.135262
80.378403
79.060760
78.330551
77.891342
111.579018
111.139801
112.309219
113.626869
114.796288
116.404922
116.986908
117.129677
116.981453
115.954803
114.488937
111.853645
109.218361
105.265427
102.190918
98.237991
94.724274
91.210548
88.575256
85.648972
83.452896
81.256836
80.087402
79.648193
108.647278
108.499054
109.377487
110.255920
111.864555
113.621414
114.351624
115.372818
115.372818
115.515587
114.488937
113.171295
111.853645
109.218353
106.143852
103.069351
99.116425
96.041916
92.528198
89.162697
86.088196
83.892120
82.283485
81.844269
106.006538
105.715546
106.884964
108.202621
109.811249
110.986122
112.007324
113.615959
114.494392
114.785385
114.488937
114.197945
113.319511
111.414429
109.218361
106.143860
103.069351
99.116417
95.602699
91.797989
88.284271
86.088188
83.601128
83.161911
104.540672
104.540680
105.567322
106.884972
108.493607
109.959473
111.128891
112.737534
114.055176
114.785385
115.367371
115.076370
114.637161
113.171295
111.414436
108.339935
104.826218
101.312485
97.798775
93.115631
90.041122
86.966614
84.918777
84.479553
103.662247
104.101456
104.979889
106.297531
107.906166
109.081047
110.689682
112.737534
113.764183
114.785385
114.928154
115.515594
115.515587
114.049721
112.292862
109.218361
105.704636
102.190918
98.677200
93.994064
90.041122
87.405838
85.357986
84.479553
