102.954834
102.224625
100.901535
98.118019
95.043518
92.260002
93.149338
96.970413
101.823586
105.798332
108.889198
110.953407
112.721169
112.732079
109.366577
103.360344
95.740013
88.558899
82.700882
78.896179
75.678902
73.631042
71.583199
70.852997
103.542274
102.812065
101.197975
98.705460
95.334511
92.699219
93.001114
96.679420
101.384369
105.501892
108.592751
110.514191
112.430176
112.583855
109.805801
103.799561
96.179230
88.849884
83.579315
79.335388
76.118111
74.070259
72.022415
70.704773
105.304581
104.426155
102.521072
99.441116
95.921951
92.699219
93.001114
96.091980
100.796936
104.475235
107.566093
109.926758
112.133736
112.583855
109.805794
104.238770
97.057655
89.876541
84.896957
80.213821
76.557335
74.509476
72.461624
71.583199
107.072350
106.193924
104.431610
100.764214
96.657608
93.138435
93.143890
95.647308
99.182846
102.861145
105.952003
108.751877
111.107086
112.583855
110.536003
105.117203
98.814514
92.072624
86.802040
81.970673
77.435760
74.948685
72.900841
71.874191
110.305984
108.988342
106.786812
102.822975
98.271698
93.577652
92.556450
94.472443
97.859749
100.368622
103.750481
106.698578
110.371422
112.435631
110.975220
106.874062
101.158813
94.565140
89.437332
84.023987
78.753403
75.827118
73.631042
72.604401
113.539612
112.073746
109.723999
105.172722
99.885788
94.604301
93.138428
93.884995
96.097435
98.167099
101.400726
104.788040
109.196548
111.848190
111.414429
108.191711
102.915672
97.200432
92.511841
86.511047
80.949478
76.996552
74.361259
73.482826
115.741142
114.275276
111.486313
106.786812
101.060661
96.509384
93.725868
93.736778
95.070778
96.404785
99.638412
103.613167
108.021667
111.551750
111.557205
108.773689
104.233322
99.396500
94.416916
88.416138
81.827911
77.874985
75.239685
73.773819
117.207008
115.741142
113.391396
108.400902
102.971191
97.980698
95.048965
93.884995
94.335121
94.933472
97.727882
101.702629
106.550354
110.519646
111.260757
109.064682
105.402740
101.005142
96.173782
89.733780
82.997337
78.753410
75.969894
74.361259
118.228210
117.201561
115.148254
110.305984
105.024498
99.891235
96.081070
94.472435
94.186897
93.901360
95.526352
100.522301
105.666466
110.074974
110.816086
109.207451
105.545517
102.322784
97.200424
90.903198
84.314972
79.192627
76.557327
74.800476
119.688629
118.370979
116.608665
112.502060
106.638588
102.092766
97.843384
95.499092
93.599457
93.017471
94.346024
99.050980
104.195152
108.312668
109.932205
108.911011
106.275719
103.931427
98.957291
92.369064
85.632614
80.510262
77.435760
76.118118
121.291809
119.534950
118.360077
114.253464
109.125656
105.019043
100.330460
97.546944
94.181442
92.721031
93.462143
97.727882
102.723831
107.280563
108.757332
108.614563
107.154144
104.958076
100.862366
94.125931
87.098488
81.536919
78.462418
76.996544
122.598549
121.429123
120.254250
116.586853
112.046486
107.648880
102.960289
99.007355
95.202644
92.715576
93.017471
96.695778
101.400734
105.518250
107.725227
108.318115
108.032578
106.863159
102.915680
96.179230
89.151794
83.002785
79.928276
78.610641
124.196274
123.317848
121.851982
118.772026
114.670868
110.860703
106.468552
101.488968
96.954048
93.736778
92.869247
95.960121
99.929413
104.046928
106.111137
107.582451
109.201996
108.916458
105.408195
98.232536
90.765884
84.907867
81.394150
80.076508
125.354797
124.476364
123.158722
120.957191
117.004257
113.781532
109.098389
104.118805
98.414459
94.757980
93.303017
95.515450
98.606316
101.845398
104.788040
106.995018
109.789436
110.091339
107.313278
100.285835
92.819191
86.812943
83.151001
81.833366
125.783104
125.201126
123.735245
122.121155
119.485870
116.411362
111.728226
106.457649
100.462318
96.075623
94.472443
95.219009
97.722427
100.374084
102.438293
105.820145
109.492996
110.530548
109.070137
101.751709
94.576050
88.569809
85.056091
83.738449
125.920418
125.190216
124.311783
123.285126
120.946281
118.310997
114.506287
109.383926
102.949379
98.123474
95.641861
95.800987
96.256561
97.881561
100.384979
104.206055
108.905556
111.260757
110.239563
103.360344
96.041916
90.035675
86.961166
85.643524
125.766739
125.036537
124.597321
123.718887
122.258476
120.358849
116.702362
111.580002
106.023888
101.049751
97.837936
96.240204
95.229904
95.828247
98.035233
102.443741
108.169891
111.403526
110.821541
104.677986
97.650543
92.083527
89.157242
87.400383
124.882858
124.591866
124.152649
124.300873
123.427902
121.528267
118.607445
113.924301
108.368179
103.394051
100.034012
96.970413
94.933464
93.774948
95.542717
100.829651
106.846802
111.398071
111.112534
105.847412
99.259186
93.549393
91.353317
89.596458
124.295425
124.004425
123.713440
124.300873
124.015335
122.703140
119.782318
115.686615
110.712479
106.034790
102.526527
97.848839
94.494247
92.160858
93.489410
98.776344
105.232712
110.074974
110.816086
106.429398
100.428612
95.597252
93.549393
92.670959
123.274216
123.274223
123.131454
123.867111
123.729797
122.565826
120.814423
117.306152
113.210449
108.823761
104.437057
99.171936
94.494247
91.425201
91.727097
96.426598
103.173950
108.312668
109.053772
106.423943
101.889023
98.375305
97.354103
96.475677
121.962036
122.549469
122.406700
122.851364
123.444260
122.428513
121.116325
118.634705
115.269211
110.882515
106.935036
100.786026
94.642471
90.837761
90.113007
94.664284
100.533203
105.962914
107.143242
105.979279
103.349434
101.301590
100.280380
99.989395
121.380051
121.676498
121.824715
121.978394
122.571281
122.291199
120.979004
119.375824
116.301315
112.941277
108.697350
101.960899
95.081688
89.811111
89.377342
93.050194
98.770889
104.200600
105.968369
105.682831
104.370636
102.910225
103.058449
102.915680
120.649841
121.385498
121.242729
122.126617
122.137520
122.148422
121.275452
119.672264
117.476189
113.967926
109.433006
102.548340
95.081688
89.811111
88.498917
91.875320
98.035233
103.173950
105.232704
105.386383
104.661629
104.227867
104.815308
104.672531
120.798065
121.385498
121.242729
121.983841
122.576736
122.148422
120.984459
120.259705
117.772636
114.264366
110.311432
102.696564
95.081688
89.662888
88.350693
91.875320
97.156799
102.877502
104.645264
105.386383
105.391838
104.958069
105.106300
105.111748
