118.738319
118.150879
117.711662
117.124222
115.510132
114.187042
112.281952
109.207451
105.984726
103.058441
101.592583
101.153366
101.592583
102.180016
102.762001
103.931427
104.958076
106.127495
106.127502
107.005928
107.302368
107.450592
107.598816
107.011375
119.034760
118.447327
118.299103
117.563438
115.949348
114.187042
112.281952
109.646667
106.423943
103.349434
102.180016
101.740799
102.031792
102.619232
102.910225
104.079643
105.249069
105.979271
106.566711
107.154152
107.302368
107.450592
107.598816
107.450592
120.061409
119.473976
119.325752
118.299103
116.245796
114.483482
112.578400
109.943108
107.159599
104.815308
103.206673
102.767448
102.910225
103.497658
103.788651
104.958069
105.836502
106.566711
106.714935
107.154152
107.302368
107.450592
107.598816
107.450592
121.823723
121.236290
121.088066
119.622200
117.568893
115.367371
113.462288
111.117989
108.625473
106.429398
104.963531
104.524307
104.815308
105.254517
104.815308
105.984726
105.984726
106.275719
107.154152
107.302368
107.450592
107.450592
107.747040
107.598816
123.734261
123.295044
122.998604
121.093521
119.040215
116.399475
114.346169
112.441086
110.239563
108.773689
107.456047
106.868607
106.429398
106.868607
106.720383
107.011383
107.011383
106.863159
106.863159
107.450592
107.450592
108.038033
107.598816
107.598816
125.935791
125.496574
124.760910
123.004051
120.072319
117.431580
115.230049
114.203400
112.441086
111.266212
110.239555
109.652122
109.212906
109.064682
108.334480
108.477249
108.038033
107.159607
107.450592
107.598816
107.598816
108.038033
108.038033
108.038033
126.819672
126.380455
125.644798
123.300499
120.077774
117.288811
115.674713
114.499847
113.615959
113.319519
112.292862
111.705421
111.557205
111.117989
109.800339
109.652122
108.625473
107.747040
107.747040
107.895264
107.895264
108.625465
108.625465
108.625465
127.116119
126.528679
125.062813
123.009506
119.786781
117.146042
115.092735
114.796288
115.081833
115.224594
114.637161
114.197945
113.319519
113.171295
111.853645
111.266205
109.361130
108.334473
108.043480
108.043480
108.043488
108.773697
108.482697
108.921913
126.825127
126.237686
125.062813
122.279305
118.617355
115.685623
114.658974
115.383728
116.404922
116.838684
117.129677
116.542236
115.663811
115.224594
113.467735
112.150093
110.096786
108.779144
108.339928
108.191704
108.339928
109.070137
109.070137
109.070137
126.237686
125.359261
123.893394
121.549095
117.447937
114.516205
113.341331
114.801743
117.431580
118.891991
119.034760
118.447327
117.277901
116.986908
115.521042
113.324966
110.980667
109.514801
108.197159
108.488152
108.927368
109.509354
109.218361
109.218361
125.211037
123.893387
122.575745
119.792236
115.542854
113.198563
112.171906
114.362526
117.431580
119.770424
120.061417
120.061417
118.891991
118.161789
116.695915
114.499847
111.568108
109.811249
108.636375
108.488152
108.927368
110.096786
109.657578
109.657578
123.157730
122.279297
120.522438
117.738930
113.198555
110.854263
110.266823
113.044884
116.701370
119.918640
120.648849
121.088066
119.918648
118.749222
117.431580
115.087280
112.155548
110.250465
108.932823
108.636375
109.075592
109.657578
109.657578
109.805801
120.956200
119.638557
118.320915
115.246414
110.706039
108.070747
108.070747
111.579018
116.262154
119.918648
121.675507
121.236290
120.506081
119.336662
117.728027
115.674721
112.451996
110.107697
109.372040
108.784592
109.366577
109.805801
109.657578
110.096786
119.342117
118.024467
116.706825
112.902115
109.240173
106.456657
106.604881
110.261368
115.674721
119.918648
121.823730
121.971947
121.532730
119.633102
118.315460
116.262154
112.891205
110.695137
109.520256
109.372040
109.514809
109.954018
109.805794
110.096786
118.172691
117.585251
116.267609
112.753891
108.800957
106.313889
107.044098
110.848808
116.410378
120.654305
122.850380
122.998604
121.829178
120.659760
119.193893
116.997818
113.917862
111.721786
110.398689
110.398682
110.393234
110.541458
110.684235
110.975220
118.320915
117.442482
116.564056
113.780540
110.563271
107.927979
108.367195
112.023682
117.146034
121.389969
123.295044
123.734261
122.855835
121.247192
120.220543
117.437035
114.944511
112.891205
111.716331
111.568115
111.419891
111.710876
111.710876
112.001877
119.347565
118.469139
117.738930
115.103638
112.764793
110.420502
110.859718
114.664429
118.908356
122.273849
124.321701
124.321701
123.443268
122.713058
121.247192
118.902901
116.262154
114.357071
113.473190
113.033981
112.737534
112.737534
113.028519
113.028519
119.940460
119.353020
118.913803
116.278511
114.818100
113.209465
113.648682
116.426743
120.231445
123.448723
124.766365
125.057358
124.178932
123.300499
121.834633
119.929550
117.728027
116.113930
115.087280
114.790833
114.642609
114.494392
114.494392
114.494392
119.940460
119.649467
119.210251
117.892609
116.871407
115.844757
116.283966
118.919258
121.845535
124.623596
125.502029
125.353806
124.475372
123.596947
122.713058
120.956207
118.902901
117.728027
116.992363
116.404930
116.256706
115.669266
116.108482
116.108482
119.945908
119.506699
119.797684
119.358475
119.067482
119.067482
119.506691
121.554550
124.041611
125.211037
126.089462
125.650253
124.332603
123.893387
122.718513
121.691864
120.665207
119.638557
119.633102
118.754677
118.458229
118.310005
118.161789
117.870789
119.363922
120.094131
120.094131
120.094131
121.263550
121.702766
122.581200
124.189835
125.507477
125.798470
126.676903
125.798470
124.480827
123.750618
123.163185
122.575745
122.136536
121.840088
121.691864
120.956200
121.098976
120.072319
120.363312
120.363312
119.072929
119.803139
120.094131
121.120789
122.729424
124.047066
125.216492
125.946693
126.676903
126.385910
126.676903
125.655701
124.338058
123.607849
122.872192
123.311401
123.750626
123.750626
123.745171
123.157730
122.713058
122.273849
121.977402
121.977402
119.072929
119.951363
120.390579
121.999214
123.316856
124.925499
126.094917
126.825127
127.264343
126.973351
126.825127
125.655701
124.338058
123.607849
123.020416
123.459625
124.338058
124.629051
124.920044
124.332603
123.739716
123.152275
122.855835
122.855835
119.072929
120.099586
120.681572
121.999214
124.047066
125.364708
126.973343
127.264343
127.264343
127.264343
126.973351
125.655701
124.047066
123.316856
123.168640
124.047066
124.486282
125.216492
125.068268
124.480827
124.327148
123.739716
123.443268
123.443268
