114.939056
114.648064
114.648064
114.357071
114.066078
113.335876
113.335876
114.357071
114.499840
114.499847
115.081825
115.230049
115.669266
115.817490
116.113930
115.674721
115.822945
115.971161
116.410378
116.410378
117.288811
117.579803
117.579803
118.019012
114.939056
114.648064
114.648064
114.357071
113.626869
113.775085
113.775085
114.066078
114.208855
114.939056
115.521042
115.669266
115.817490
115.817490
116.113930
115.674721
115.971169
115.971161
116.262154
116.701370
116.849594
117.579803
117.140587
117.579796
114.939056
114.648064
114.648064
114.357071
114.214302
114.214302
114.214302
114.653519
114.796288
115.526497
116.108482
115.965706
116.113930
116.113930
116.410378
115.971169
116.119385
115.971161
116.410378
116.410378
116.849594
117.140587
116.701370
117.579803
115.087280
115.087280
115.235504
114.944511
115.092735
114.801743
115.240952
115.680176
115.822937
116.410378
116.701370
117.140587
117.437027
116.997818
117.294266
116.706825
116.706825
116.119385
116.558601
116.119385
116.410378
115.822937
116.262154
116.262161
115.526497
115.235504
115.674713
115.383728
116.119385
115.976616
116.415833
116.706825
117.146042
117.294258
118.024467
118.172691
118.320915
118.320915
118.029922
117.881699
117.003273
116.855049
116.267609
115.828392
115.971161
115.092735
114.944511
114.944511
115.087280
114.796288
114.796288
115.531952
116.119385
116.415833
117.003265
117.003265
118.172691
118.029922
118.760132
118.908348
119.495789
119.204796
119.204796
118.326370
117.590706
117.442482
115.976616
115.537399
115.240952
114.214310
114.066086
114.505302
112.891205
112.600220
113.330421
113.626869
114.801743
115.389175
115.976616
116.564056
117.733475
118.029922
118.469139
119.056572
119.644012
119.353020
119.792236
119.204796
118.178146
117.442482
116.855049
115.828392
115.240959
114.066086
113.917862
114.066086
109.668480
109.377487
109.816704
110.552361
112.309219
113.044884
114.071533
114.949966
116.267609
116.855042
117.881699
118.469139
119.644012
119.792236
120.083229
119.644012
118.908348
118.320915
117.146042
116.267609
115.531952
114.214310
113.917862
114.357071
105.128113
105.128113
106.006538
107.181412
108.647278
110.113144
111.430794
112.457443
114.214302
115.240959
116.706825
117.733475
119.199341
119.786781
120.374222
120.225998
119.199341
118.320915
117.585251
116.997818
115.971161
114.944519
114.648071
114.357071
100.587738
101.026947
101.905380
103.080261
104.985336
107.181412
108.208069
109.964928
111.721786
112.600212
114.653519
116.119385
118.463684
119.342117
120.077774
120.077774
119.490334
118.463684
118.167236
117.288803
116.262161
115.674721
115.087280
114.648071
96.486572
96.925797
97.952446
99.270096
101.175171
103.371246
104.837112
107.033188
108.790054
110.107697
112.160995
114.505295
116.706825
118.315460
118.902901
119.342117
118.902901
118.315460
118.019012
117.288803
116.992371
115.674721
115.378273
115.526497
92.533646
92.972870
93.851295
95.317162
96.783020
99.270096
101.175179
102.783813
104.540665
106.297531
108.790054
111.134346
113.917862
116.262161
117.288811
118.167236
118.458229
118.167236
117.870789
117.579803
116.992363
116.113937
116.404922
116.113930
88.728943
88.728935
89.898354
91.067780
92.681870
94.729721
96.486580
98.243439
100.439514
102.635590
104.831665
107.763397
110.546906
113.330421
114.796288
116.553146
117.431580
117.431580
117.870796
117.579803
117.431580
116.992363
116.992363
116.701370
85.066994
85.506210
86.384644
87.554062
89.019928
90.628571
92.094429
93.994064
96.190132
98.386215
100.730499
103.805008
106.884972
110.107697
112.303772
114.060631
115.817490
116.404922
116.992363
116.992363
117.431580
117.431580
118.019012
117.140587
83.310135
83.310135
83.749352
84.918770
85.945427
87.405838
89.310921
90.919563
92.967407
94.724266
96.920341
100.143066
103.223022
106.884964
109.081039
111.425339
113.182198
114.648071
115.526497
116.553146
117.431580
117.431580
118.019012
117.728027
81.992493
81.992493
82.431702
83.161911
84.188560
84.918777
86.236412
87.554062
89.162704
91.358780
93.554848
96.338356
99.561089
102.932037
105.419098
107.911621
110.107697
112.451996
113.769638
115.235504
116.262161
116.701370
118.019012
117.288811
81.553276
81.553276
81.701492
81.844269
82.431709
83.161911
84.188568
85.357986
86.236420
87.993279
89.750137
92.533646
95.317154
98.688110
101.614388
104.397903
106.742203
109.377487
111.573563
113.478653
115.383728
116.262154
117.437027
117.288811
81.114059
81.114059
81.114059
81.114059
81.553284
81.992493
82.431709
82.870911
83.749344
84.918777
86.823853
88.728935
91.364227
94.735168
97.661453
100.593185
103.376701
106.890427
109.086502
111.430786
114.066086
115.531952
116.558601
116.997818
81.114059
81.114059
81.114059
80.674850
80.965851
80.235626
80.674850
81.114067
81.553268
82.283478
83.749359
86.093643
88.437943
91.660675
94.735168
97.666908
100.741409
104.403351
107.038651
109.822159
112.896660
114.214310
115.680176
116.119385
80.965836
80.965836
80.526627
79.796417
80.235626
79.357201
79.796417
79.796417
79.796417
80.526627
81.553268
83.606583
85.363449
88.295181
91.221451
94.883392
98.254341
101.916283
104.842567
108.065292
110.700592
112.896660
113.923309
114.801743
80.817619
80.526619
80.526619
79.648193
79.939186
79.357201
79.357201
78.769760
78.330551
78.478767
79.796417
81.701500
83.754807
85.950874
88.734390
92.396332
95.619057
99.280998
102.794716
106.308434
109.091949
111.139801
112.605667
113.484093
80.378403
80.378403
80.378403
79.648193
79.499969
78.769760
78.769760
78.330551
77.891327
77.600342
78.478775
80.092865
82.437164
84.342239
87.125748
90.639473
94.010422
97.963364
101.186081
104.699799
107.774307
109.970375
111.288025
112.166451
80.669403
80.378403
80.378403
79.648193
79.499969
78.769760
78.769760
77.452118
77.012901
76.721909
77.600342
79.214432
81.119507
82.733597
85.808105
89.470047
93.132004
96.502945
100.307648
103.969597
106.895874
109.091949
110.409592
111.727242
80.521164
80.230179
80.230179
79.208969
79.060760
78.330551
78.330551
77.452118
77.012901
76.282700
77.600342
78.775223
80.680298
82.585388
85.077896
89.030838
92.401779
96.354729
99.868431
103.530380
106.895874
109.091949
110.409592
110.848808
