115.098183
115.098190
116.706833
117.585251
119.484886
121.532738
121.241745
119.775871
117.728027
115.389175
115.098190
115.685623
116.712280
117.299713
118.035378
119.506699
120.972565
120.978012
121.417229
121.411774
121.258102
120.813431
120.665207
120.665207
115.976616
115.685631
117.146042
117.585251
119.633102
121.532730
120.950752
119.775871
117.437035
115.389175
115.098183
115.685623
116.712280
117.299713
118.183594
119.797684
120.972565
121.269012
121.708221
121.702766
121.258102
120.813431
120.665207
120.665207
116.415833
116.415833
117.585251
118.463684
119.633102
121.241745
120.950752
119.193893
117.146042
115.389175
114.807190
115.685623
116.712280
118.029922
118.913803
120.236900
121.263557
121.559998
121.999214
121.993759
121.258102
120.813431
120.665207
120.665207
118.024467
118.024467
118.754669
118.902893
119.781326
120.220543
119.929550
118.172691
116.124840
114.367981
114.367981
115.685623
117.442490
118.908356
120.374222
121.109879
121.993759
122.290207
122.438431
122.284752
121.988312
121.691864
121.543640
121.395416
120.072327
119.924095
120.072319
119.781326
120.368767
119.929550
119.347565
117.442490
115.394638
113.346786
114.225204
115.394638
118.172691
120.368767
121.543640
122.279297
123.014961
123.020416
123.311409
123.014961
122.279297
122.422073
122.273849
122.125626
122.120171
122.120178
121.389969
121.098969
120.077774
119.638557
118.617363
116.569511
114.521652
113.204010
113.934219
115.982071
119.051117
121.686409
123.152275
123.448723
123.305954
123.602402
123.602402
123.454178
123.009506
122.861282
122.713058
122.564842
123.295044
122.998604
122.707611
121.686417
120.665207
119.347565
118.474594
117.008720
115.400085
114.230659
114.960869
116.860497
119.929550
122.564835
123.443268
123.739716
123.157730
123.014961
123.305954
123.305954
122.570290
122.422073
122.713058
122.564842
124.321701
124.173477
123.443268
122.713058
121.543640
119.935005
119.204796
118.326370
117.596161
116.717728
116.865952
118.765579
121.104424
122.422073
123.300499
123.448715
122.718513
122.136528
122.427521
121.988312
122.131081
121.691864
121.982857
121.834633
124.618149
124.618149
124.178925
123.448723
122.131073
120.374222
120.522438
120.083221
119.792236
119.501236
119.940460
120.379669
121.840088
122.718521
123.157730
122.427521
121.549095
121.258102
120.670662
120.961655
120.961655
120.813431
120.813431
121.104424
125.205582
124.914589
124.766373
123.596947
122.279297
121.252647
121.252647
121.252647
121.400871
122.279297
122.136536
122.136536
122.575745
122.284760
122.136536
121.845543
120.670662
120.379669
119.792236
119.644012
119.935005
119.935005
119.935005
119.935005
124.475372
124.623596
124.036163
123.157730
121.982857
120.956207
120.956207
121.686409
121.982857
122.570290
123.157730
122.427521
122.575745
122.284752
121.845535
120.967110
119.940460
119.204796
118.765579
118.765579
118.908348
119.056572
119.056572
119.056572
123.305954
123.157730
123.157730
121.691864
120.807983
120.363312
119.924095
120.802528
121.389969
121.977402
122.422073
122.570297
121.845535
121.554550
120.676117
120.088676
119.353020
118.469139
118.029922
117.738930
118.029922
118.029922
118.029922
118.178146
121.549095
121.840088
121.252647
120.077774
119.484879
118.891991
118.743774
119.182983
120.357864
120.945297
121.098976
121.395416
121.258102
120.967110
120.676117
119.501244
118.326370
117.881699
117.003265
117.003265
117.003265
117.003265
117.003273
117.151489
120.374222
120.083229
119.786781
118.902901
118.161789
118.008110
117.859886
117.859886
119.034760
119.770424
119.775879
120.659760
120.379669
120.967110
119.797684
119.062027
117.738930
117.146042
116.706825
116.267609
116.267609
116.415833
116.564049
116.564056
118.908356
118.908348
118.611908
117.728020
117.426125
116.981461
117.124229
117.272453
118.008110
118.743774
118.897446
120.072319
120.231445
120.527893
119.797684
119.062027
118.029922
117.146042
117.146042
116.267609
116.267609
116.415833
116.267609
116.267609
117.876244
117.585251
117.728027
116.992363
116.838684
116.394020
116.394020
116.394020
117.277901
118.452774
118.167236
119.342117
119.792236
120.379669
119.649467
119.353020
118.178146
118.024467
117.437027
116.997826
116.997818
117.146034
116.997818
116.997818
116.992363
116.553146
116.695915
116.108475
116.251251
115.812035
116.103027
115.960258
116.695915
117.870789
118.167236
119.051117
119.495789
120.379669
120.088676
119.792236
119.056580
118.902893
118.315460
117.876244
117.728020
117.728027
117.728020
117.728027
116.547691
115.960258
115.960251
115.521042
115.521042
115.081833
115.521042
115.817490
116.553146
117.728027
118.024467
118.760132
119.204796
120.379669
120.379669
120.083221
119.786781
119.490341
119.193886
119.045677
118.606445
118.458229
118.458229
118.458229
116.399475
116.399475
115.960258
115.669266
115.230049
115.378273
115.965714
116.262154
117.288803
118.172691
118.760124
119.495789
119.792236
120.527893
120.527893
120.961655
120.225998
119.929550
120.072319
119.924095
119.484886
118.897446
119.336655
119.336655
117.426125
116.695915
116.695923
116.404922
116.113937
116.410378
116.558601
117.733475
118.760132
119.935005
119.792236
120.379669
120.818886
120.676117
120.527893
120.522446
120.665207
120.368759
120.072327
120.363312
120.363312
119.924103
120.215096
120.215088
118.161789
117.870789
117.870789
117.728027
117.146034
117.442482
117.738930
118.765579
119.940460
121.406326
121.406326
121.554550
121.115334
121.115334
120.967110
121.109879
120.665207
120.807976
120.511536
120.511536
120.802528
120.802528
120.802521
121.241745
118.897446
118.897446
119.045670
118.463684
118.029922
117.887154
118.183594
120.236900
121.554550
122.729424
122.729424
122.729424
122.141983
120.972565
121.115334
121.109879
120.665207
120.368767
120.659760
120.950745
120.950752
121.389969
121.829178
122.120171
119.775879
119.045670
119.633102
118.760124
118.178146
118.183594
118.628265
120.824341
122.290207
123.756073
123.465080
123.316856
122.438431
121.411774
121.115334
121.109879
120.665207
120.807983
120.659760
120.950752
121.389961
121.538185
122.268394
122.707611
119.484879
119.633102
119.342117
118.760124
118.765579
118.622810
118.776489
121.120781
122.147438
124.052521
123.904297
123.025864
122.877647
121.559998
121.115334
121.109879
120.665207
120.807983
120.659760
120.950752
121.829178
121.977402
122.268394
122.707611
