116.273064
116.712280
117.299713
117.299713
117.590706
118.029922
118.617355
120.083229
120.670662
121.400871
121.697319
120.967110
120.236900
119.797684
118.628265
118.919250
118.480042
118.183594
117.596161
116.865959
116.717728
116.717728
116.717728
116.717728
116.273064
116.712280
117.151489
117.151489
117.590706
118.320915
118.617355
119.644012
120.231445
121.109879
121.258102
120.967110
120.236900
119.797684
118.919258
118.480042
118.331818
118.183594
117.596161
117.156944
117.008728
117.008720
116.569511
116.717728
116.564056
116.712280
117.151489
117.151489
117.590706
118.029922
118.617355
119.353020
119.940460
120.818886
120.818886
120.676117
120.236900
119.797684
118.919266
119.062027
118.331825
118.183601
117.596153
117.447929
117.299713
116.860504
116.860504
116.860497
116.415833
116.564056
117.151489
117.151489
117.590706
118.029922
118.326370
118.913803
119.501244
120.088684
120.088676
120.088684
119.797684
119.797684
119.210251
119.062027
118.474586
118.035378
117.738930
117.151497
117.151489
117.151489
116.712273
116.712273
116.415833
116.706818
117.003265
117.003265
117.881699
118.029922
118.326370
118.474594
119.210251
119.210251
119.358475
119.797691
119.797684
119.797684
119.501244
118.913803
118.765579
118.178146
117.881699
117.733475
116.855049
117.146042
117.146042
116.706825
116.558601
116.706825
116.855049
117.003273
117.590706
117.738930
118.035370
118.622810
118.771034
118.480042
118.628265
119.067482
119.649460
119.649467
119.501244
119.204796
118.908356
117.881699
117.876244
117.437035
117.288811
116.997810
116.997818
116.849602
116.558601
116.558601
116.855049
117.003273
117.590706
117.738930
117.744385
117.892609
118.919258
118.628265
119.067482
119.067482
119.649460
119.940460
119.644012
119.786781
119.051117
118.172691
118.167236
117.728027
117.579803
117.579803
117.288803
117.140587
116.706818
116.706825
116.855049
116.273064
116.860504
117.156944
117.744385
118.183594
119.210251
119.649467
120.088676
120.379669
120.083229
120.374214
120.225998
119.490341
118.754677
118.315460
117.728027
118.019012
117.288803
117.288803
117.288811
117.579803
116.558601
116.415833
116.415833
115.833847
116.130295
116.426743
117.305168
118.331818
119.649467
120.818886
121.988312
121.691864
121.104424
120.807983
120.220543
119.633102
118.606453
118.315460
117.728027
118.019012
117.728027
117.876244
117.876244
117.728027
116.706825
116.267609
116.267609
115.833847
115.839302
116.426735
117.014175
118.771034
120.527893
122.427521
123.009506
122.273849
121.538193
120.802528
119.924095
119.775879
118.897446
118.167236
117.728027
117.579803
117.876251
117.876244
118.315460
118.315460
116.410378
116.267601
116.119385
115.833847
116.130295
116.865952
117.453392
119.210251
120.818886
121.988312
123.009506
121.834633
121.247192
120.363312
119.484879
118.897446
118.019012
117.876244
117.437027
117.876244
118.315460
118.315460
118.315460
118.315460
116.844139
116.992355
116.701370
116.706825
117.151489
117.447937
118.183594
119.210251
120.379669
121.258102
121.549095
120.813431
120.077774
118.902901
118.463684
117.876251
117.437035
117.733475
117.585251
117.876244
118.315460
118.754677
118.754677
118.754677
117.277901
117.277901
117.135132
117.579803
118.172691
118.617363
119.353020
119.649460
120.088684
119.797684
119.940460
119.353020
118.178146
117.442482
117.003265
117.003265
117.003265
117.003273
117.442474
118.172691
118.463684
118.606453
119.045670
119.045670
116.833237
116.542236
116.838684
117.722565
118.754677
119.786781
120.083229
119.649460
119.358475
119.067482
118.189056
117.892609
117.156952
115.982063
115.982071
115.982071
115.982071
116.860497
117.447937
117.881699
118.463684
119.045670
119.336655
119.188438
114.922699
114.779930
115.515594
116.986908
118.897446
120.516991
120.961655
120.527893
119.797684
118.628265
118.189049
117.310623
117.014175
115.400085
115.400078
115.400093
115.839302
116.717728
117.156944
117.733475
118.167236
118.749222
119.479431
119.040215
111.112534
111.848198
113.023071
114.933609
118.749222
121.247192
122.279297
121.697311
120.967110
119.067482
118.776489
117.898056
117.162399
115.696533
116.135742
115.696533
116.135742
116.426735
117.156944
117.733475
118.019012
118.743774
119.325752
119.034760
106.714935
107.889809
109.212906
113.028526
117.870789
121.834633
123.596947
123.305954
122.284752
120.385124
119.067482
118.337273
117.458847
116.871407
116.432190
116.283974
116.283958
116.135750
117.156944
117.585258
118.013565
118.738312
118.881088
119.172073
103.343979
104.227867
106.868607
110.975220
117.574348
122.564842
124.475372
124.184380
122.723969
120.824341
120.236900
118.924713
118.337273
117.458847
117.167854
116.432198
116.432198
116.574966
117.447937
117.437035
117.865341
118.732864
118.436417
119.166626
101.878113
103.052994
105.254517
110.096786
117.135132
122.416618
124.914589
124.623596
122.866737
120.967110
120.236900
119.215706
118.628265
118.189049
117.749840
117.162399
117.162399
116.574966
116.860497
117.437027
117.865341
118.293655
118.436417
118.727409
101.878120
103.052994
105.545509
109.948563
116.547699
121.538185
123.887939
123.596947
121.840088
120.670662
119.792236
119.501244
119.062027
118.913803
118.474594
118.035378
117.305168
116.717728
116.860504
117.437035
117.283356
117.711662
117.563446
118.145432
103.047539
104.222412
106.423943
110.678772
116.108475
120.950745
122.861282
122.279305
120.813431
119.935005
119.495789
119.347565
119.347565
119.199341
119.199341
118.469139
117.738922
116.860504
117.003273
117.146042
117.431580
117.277908
117.568893
117.420670
103.777740
104.952621
106.714935
111.117989
115.960258
120.072319
121.834633
121.252647
119.935005
119.199341
118.908356
119.051117
119.633110
120.363312
119.924103
118.902893
118.320915
117.151489
116.855049
116.706825
116.849594
117.135132
117.135132
116.986908
104.656174
105.831055
107.154152
111.117989
115.960258
119.924095
121.834633
121.252647
119.786781
119.199341
118.760132
119.193893
120.215088
120.066864
119.627655
119.484879
118.172684
117.442490
116.855049
116.706825
116.849594
116.553146
116.553146
116.404930
104.216957
105.391838
107.154144
111.117989
115.521042
119.775871
121.686409
121.104424
119.638557
119.051117
118.611908
119.193893
120.066864
120.797073
119.918640
119.484886
118.463676
117.733475
116.706825
116.706825
116.558601
116.992363
116.553146
116.404922
