107.670692
107.961685
108.977432
109.696732
111.140785
112.733063
112.870377
112.864929
112.568489
111.695511
110.388771
108.653717
106.775909
105.337303
104.036018
103.168495
102.734734
102.009979
101.427994
101.433449
101.729889
101.729889
101.878113
101.147911
108.840118
109.131111
109.707642
110.575165
111.580002
112.733063
112.870377
113.304146
112.716705
111.695511
110.388771
108.801941
106.924126
105.337311
104.036018
103.168503
102.882957
102.158203
101.576218
100.994232
101.438904
101.581673
101.729897
101.438904
110.157761
110.448753
110.877060
111.305374
112.897652
113.611496
113.748810
113.743362
112.864929
111.991959
110.685211
109.098389
107.220573
105.633751
103.893250
103.316719
102.882957
102.158203
101.576218
101.433449
101.729889
101.872665
102.020889
101.729897
112.496605
112.639374
113.215912
113.353226
114.067070
115.077362
114.775467
114.479019
113.600594
111.997406
111.129883
109.103844
107.226028
106.078423
104.337921
103.761383
103.179398
102.015434
101.285233
101.581673
101.581673
101.581673
101.581673
101.290680
115.856644
115.856644
116.142181
116.131279
116.263145
116.686005
116.241333
115.214684
114.045258
112.293854
111.135330
109.696732
107.670692
106.083870
104.634361
103.618622
102.745636
102.454651
101.872665
101.581665
101.872665
101.724442
101.724442
101.872665
119.073921
118.925697
119.359467
118.909340
118.459221
118.591080
117.707199
116.389557
114.929138
112.738518
111.728226
110.141403
108.554581
106.967751
105.079025
104.354279
103.333076
102.454651
102.311874
102.311874
101.724442
102.306427
102.306427
102.306427
121.851982
121.703758
121.698303
121.544632
120.507072
120.347939
118.882072
117.416206
115.664803
113.622406
112.024673
110.728836
109.142014
107.555191
105.957458
105.232712
104.211502
103.184853
102.893860
103.333076
102.888412
103.179405
102.888412
102.888412
124.778259
124.339050
123.894379
123.592484
122.412155
121.374596
119.908730
118.300087
115.961250
114.209839
112.612106
111.168053
109.872223
108.576385
107.417877
106.544899
105.375473
104.645264
104.645264
104.497047
104.200600
104.491592
104.782585
104.782585
127.265327
127.117104
126.381439
125.201111
123.729797
122.549469
120.496162
119.178520
116.839676
115.088272
113.342316
111.898262
110.454208
109.449371
108.730072
107.708870
106.539444
105.809235
105.809242
105.952003
105.655563
106.385765
106.237549
106.237549
129.022186
128.873962
128.138306
126.666992
125.047440
123.285126
121.671036
119.765961
117.427116
115.966698
114.072525
112.919456
111.475403
110.761559
109.603043
109.163826
107.994400
107.703415
107.264198
107.406967
107.258743
108.131721
108.422714
108.131721
130.339828
130.191605
129.016724
127.545410
126.074097
123.872566
121.671036
119.914185
117.427109
115.966698
114.363510
113.501442
112.639374
111.925522
111.348991
110.618790
109.010155
109.449371
109.010147
109.152924
109.004700
109.586678
109.877678
109.586685
130.927277
130.339828
129.164948
127.693634
126.222321
124.020790
121.528275
120.062408
117.427109
116.257690
114.506287
113.495995
113.364136
112.793045
112.216522
112.216522
111.047096
111.189865
110.898872
111.041649
111.041641
111.184418
111.623627
111.184410
130.197067
130.197067
129.022186
127.402641
125.640335
123.581573
121.237274
119.914177
117.569885
115.961243
114.649055
114.220741
114.088882
113.808792
113.375031
113.375038
112.935822
113.078590
113.078590
112.930367
112.930367
113.221359
113.369583
112.930367
129.615082
129.466858
128.291977
126.820663
125.058350
122.999588
120.946289
119.623184
117.278893
115.813019
115.231041
114.363518
114.813637
114.824539
114.533554
115.120987
114.533554
114.676323
114.676315
114.967316
114.967316
114.967316
114.676315
114.676323
128.593872
128.884872
127.270782
125.947678
124.476364
122.417603
120.364304
119.041199
116.987900
115.961243
115.379265
115.093719
115.395622
115.549301
115.697517
116.136734
115.988510
116.131287
116.131287
116.131287
116.131287
116.279510
115.988510
115.549301
127.281693
127.133469
126.397812
124.926483
123.603394
121.253639
119.491325
118.607437
116.993355
115.966698
115.527481
115.093727
115.686615
116.131287
116.131287
117.009712
116.570496
117.152481
116.861488
117.152481
116.861488
117.300705
116.570496
116.570496
125.821274
125.673050
124.937393
123.614288
122.291199
120.380661
119.057564
117.882690
117.147026
116.411369
115.532936
115.681160
116.416824
117.152481
116.713272
117.591690
117.591690
117.591698
118.030914
117.591690
117.739914
117.739914
117.448929
117.300705
124.509079
123.921646
123.625198
122.302101
121.418221
119.507683
119.063011
117.888138
117.152481
116.416817
116.416817
116.707809
117.295250
117.443466
117.882690
118.321899
117.882690
118.030914
118.470123
118.470123
118.179131
118.179131
117.888138
117.739914
124.069870
123.339661
123.043213
121.720116
121.275452
119.655907
118.920250
118.623802
117.739914
117.443474
117.443474
118.025452
118.464668
118.612900
118.903885
118.903885
118.761124
118.909348
118.909348
118.909340
118.618347
118.618347
118.618347
118.618347
123.778877
123.778877
123.043213
122.307556
121.714661
120.391571
119.798676
119.502228
119.057564
119.348557
119.052109
119.343102
120.221527
120.221527
119.930542
120.221527
119.639542
119.057564
119.057564
119.348557
119.057556
119.057556
119.057556
119.057556
124.218094
124.218094
123.630653
122.746765
122.593094
121.560989
121.264542
121.110870
120.666199
120.957191
120.808968
121.390953
121.830170
121.978394
121.539177
120.808975
120.666199
119.496780
119.496780
119.057556
119.205780
119.205780
119.205780
119.205780
124.657303
124.657303
123.921646
123.185989
123.471519
122.587639
122.142975
121.989296
121.983841
122.126617
122.417603
122.708603
123.147812
122.856819
122.565826
122.126617
121.253639
120.084213
120.084213
119.645004
119.793228
119.645004
119.645004
119.645004
124.657303
124.657303
124.360863
123.625198
123.471527
122.587639
123.021400
122.867722
122.862274
122.565826
123.147812
123.587036
123.587029
123.735245
123.444260
122.126617
121.253639
120.084213
120.084213
119.645004
119.793228
119.645004
119.645004
119.645004
124.657303
124.657303
124.509079
123.625198
123.910736
122.587646
122.730408
122.867722
123.301491
123.005043
123.735245
124.026245
124.317230
123.735252
123.444260
122.565826
121.692856
120.523438
120.523438
120.084213
120.232437
120.084213
120.084213
120.084213
