119.161171
119.452164
119.748611
119.896828
121.362701
121.801910
122.537575
123.416000
123.712448
124.157120
124.305344
124.892776
124.601784
125.189224
124.750008
124.892776
125.331993
125.035545
124.590881
125.024643
125.458405
125.601173
125.601173
125.452950
118.579193
118.870178
119.896835
119.896835
120.923485
121.510925
122.098358
123.125015
122.982239
124.157120
123.866127
124.892776
124.162567
124.750008
125.189224
124.601784
125.041000
125.183769
124.887329
125.612076
125.897621
126.040390
126.040390
125.892166
118.288193
118.579185
119.166626
119.314850
120.050507
120.928940
121.516373
122.394806
122.691254
123.278687
123.426910
124.453568
123.871582
124.310791
124.459015
124.310791
124.750008
124.892776
124.744553
125.617531
125.612076
126.194061
126.194061
126.045837
117.124222
117.415222
118.002655
118.441872
119.177528
120.055962
120.495178
121.373611
121.961044
122.257492
122.987694
123.575134
123.284142
123.871582
124.019806
124.019806
124.898232
125.337448
125.189224
125.480217
125.913979
126.204971
126.204971
126.056747
115.960251
116.399475
116.399475
116.547699
117.865341
118.452774
119.182983
120.061417
120.209641
121.379059
121.966492
122.405708
122.553932
122.553932
123.141373
123.728806
124.903687
125.342896
125.491119
125.930336
126.512321
126.073105
126.073105
126.073105
114.505295
114.944504
114.944511
115.383728
116.262154
117.140579
118.310013
118.749222
119.479431
119.918640
120.797073
121.236290
121.527283
122.114716
121.971954
123.146828
124.321701
125.787567
125.644798
126.232239
126.523224
126.671448
126.671448
126.671448
114.214302
114.653519
114.362518
114.801735
115.680176
116.558609
117.140579
118.019012
118.458229
119.479431
119.918640
120.357864
120.797073
121.675507
121.532730
123.146820
124.321701
125.057358
125.793022
126.528679
126.528679
126.676903
126.676903
126.676903
113.923309
113.923309
113.923309
114.362526
114.801735
116.119392
116.410378
117.140587
117.870789
118.310013
119.188431
119.627655
119.918640
120.797073
121.384514
122.411163
123.734261
124.909134
125.935791
126.232239
125.941238
126.528679
126.528679
126.676903
113.775093
114.214302
114.214302
114.214302
114.653519
115.680176
116.410378
116.701370
117.140587
118.019012
118.749222
118.749222
119.479431
120.209641
121.236282
122.262939
123.728806
124.903687
125.491119
125.787567
125.935791
126.232239
126.232239
126.380455
114.066078
114.066086
114.066086
114.357071
114.214310
115.383728
115.971169
116.262154
116.992371
117.579803
118.310005
118.310013
119.040215
119.918640
120.797073
121.823730
123.432365
124.168022
124.755463
125.491119
125.348351
125.496574
125.496574
125.644798
114.648071
114.648071
114.648064
114.648064
114.505295
115.383728
115.822945
116.262161
116.992363
117.579796
118.310005
118.019012
119.040215
119.918648
120.357864
121.675507
122.993149
123.580582
124.168022
124.903687
124.760910
125.057358
125.057358
125.205582
115.669266
115.669266
115.669266
115.230049
115.378265
115.817490
116.404922
116.553146
117.431580
118.019020
118.019020
118.310013
119.188438
119.627655
120.215088
121.384514
122.262939
123.289597
123.728806
124.173477
124.321701
124.327148
124.178925
124.475372
116.542244
116.690468
116.542244
116.542236
116.251251
116.690460
116.986908
117.135132
117.722565
118.458237
118.458229
118.458229
119.045670
119.924095
119.924103
120.654305
121.532730
122.411163
122.998604
122.855835
123.300499
123.448723
123.448723
123.596947
117.563446
117.563446
117.563446
117.563446
117.420670
117.420670
117.717117
117.865341
118.161789
118.749222
118.897446
118.606453
119.193893
119.342117
119.633102
120.072319
120.802528
121.389969
121.977402
122.125626
122.422073
122.570290
122.570290
122.718513
118.441872
118.441872
118.441872
118.590096
118.150879
118.150879
118.447327
118.447327
118.743767
119.040215
119.188438
118.606453
118.754677
119.342117
118.902893
119.781326
120.072319
120.950752
121.538185
121.247192
121.543640
121.691864
121.691864
121.840088
119.034760
119.034760
119.034760
119.325752
119.177528
119.177536
119.325760
119.473976
119.182983
119.479431
119.188438
118.606453
118.754677
118.463684
118.463684
119.193893
119.193893
120.072319
120.220543
120.368767
120.516991
120.813431
120.813431
120.813431
119.918648
119.918648
119.918648
120.209641
120.500626
120.204185
120.204185
119.913193
119.622200
119.331207
119.479431
118.310005
118.606453
117.876244
117.876244
118.315460
118.315460
119.342110
119.342117
119.781326
119.638557
119.638557
119.935005
120.225998
120.215088
120.215088
120.215088
120.357857
120.939842
120.643394
120.643394
120.791618
120.352402
119.770416
119.331207
118.310013
118.019012
117.288803
117.437027
117.437035
118.167236
118.315460
118.463684
119.342117
119.051117
119.490334
119.786781
119.638557
119.034760
119.473976
119.473976
119.764969
120.346954
120.637947
120.786171
120.495178
120.204185
119.473976
119.331207
118.600998
118.019012
117.288811
117.288803
117.437027
117.728027
117.876244
118.315460
118.754677
118.463684
118.902893
119.199341
119.051125
116.959641
117.547081
117.695305
117.843529
118.721954
119.161171
119.605843
119.463074
119.320297
119.034760
118.743774
118.452774
118.310013
117.579803
117.579803
117.876251
117.728027
118.315460
118.463684
118.902901
118.611908
119.342117
119.490341
119.342110
114.593536
115.180969
115.477417
116.064857
116.509521
117.393402
117.986298
118.430969
118.732864
118.738312
118.595551
118.601006
118.600998
117.870789
117.579796
117.876244
118.167244
118.315460
118.902901
119.193893
119.342110
119.633102
119.781326
120.220543
112.523872
113.111313
113.407753
114.291634
114.884529
116.213081
116.954193
117.256088
117.997208
118.299103
118.743774
118.452774
118.600998
118.310005
118.310005
118.606453
118.167236
118.754677
118.754677
119.342110
119.490334
119.781334
119.781334
120.220543
111.195320
111.782761
112.227425
113.550522
114.291634
115.329193
116.657745
116.959641
117.997200
118.150879
118.595543
118.452782
118.601006
118.600998
118.310013
118.606453
118.606445
118.754669
119.193893
119.633102
119.781319
120.072319
120.072319
120.511543
111.189865
111.777306
112.221970
113.254082
113.704201
115.471970
116.509521
116.811424
117.557991
118.150879
118.156334
118.452774
118.600998
118.310005
118.600998
118.606445
118.606445
118.754677
119.193886
119.633102
119.781326
120.072319
120.072319
120.511536
