121.269005
121.559998
121.559998
120.972565
120.967110
120.818886
120.818886
120.231445
120.225998
119.786774
119.199341
118.320908
117.151489
115.537399
114.362534
112.891205
111.859100
111.117981
110.667862
111.090721
111.661804
112.238327
113.111313
112.375648
121.708221
121.120789
121.411774
121.263557
120.676117
121.258102
120.670662
120.522446
120.225998
120.225998
119.199341
118.320915
117.003265
115.685623
114.362526
112.600212
111.710876
111.117996
110.519646
111.090721
111.222580
112.529320
112.523872
112.666641
121.411774
121.702766
121.702766
121.115334
120.818886
121.109879
120.670662
120.813431
120.516983
120.077774
119.199341
118.611908
117.003265
115.389183
114.653519
112.891205
112.001877
110.530548
110.371414
110.794281
111.365356
112.232880
112.666641
112.370193
121.702766
121.845535
121.554550
121.406326
121.549095
121.400871
120.813431
120.665207
120.368759
120.220543
119.051117
118.611908
117.294266
115.828392
114.505295
112.742981
111.562653
110.673325
110.074982
110.497833
110.920685
111.639984
112.364746
112.068298
121.697311
121.549095
121.549095
121.691864
121.691864
121.104431
120.956207
120.956207
120.368759
120.511536
119.342117
118.463684
117.437027
115.971161
114.357071
112.446533
111.266205
110.376877
110.069519
110.053162
110.767014
111.777298
112.211060
112.205612
121.840088
121.691864
121.543640
121.543640
121.543640
120.807983
120.807983
120.659760
120.659760
120.511536
119.484879
118.315460
117.728027
115.822937
114.499847
113.028519
111.408981
109.789436
109.624863
109.899490
111.052551
111.475403
111.760948
111.903717
121.543640
121.104424
121.395416
120.956200
120.956207
120.807983
120.220551
120.220535
120.072319
120.363312
119.775871
118.897446
117.579803
116.404922
115.081825
113.171295
111.551743
110.223198
110.058617
110.481476
111.486313
112.348381
112.633919
112.776688
120.665207
120.225998
120.077774
120.077774
119.638557
119.199348
119.490341
119.342117
119.633102
119.924095
119.336662
119.188438
117.870796
116.695915
115.812035
113.901505
112.572952
111.244400
111.228043
111.793671
112.798508
113.369583
113.946114
114.088882
119.056572
118.908356
118.908356
118.908356
118.178146
118.029922
118.320915
118.611908
119.193893
119.336662
119.627647
119.040215
118.161789
117.426125
116.245796
115.213692
113.445923
112.556587
112.101013
112.814865
114.258919
115.269211
116.284958
115.549301
118.178146
117.447937
117.738930
117.447937
116.860497
116.860504
117.151489
117.442482
118.315460
118.897446
118.749222
119.182983
118.595551
118.008110
116.976006
116.234894
114.615349
113.577789
113.270439
114.566269
115.719330
116.438629
117.454376
117.448929
117.299713
116.860504
116.860497
117.008728
115.982079
115.982063
116.273064
116.564056
117.437027
118.019012
118.452774
118.304550
118.008110
117.711670
116.679558
115.938446
115.049110
114.159775
114.143417
115.148254
116.597763
117.608055
118.475578
118.327362
117.151489
116.564056
116.712273
115.982071
115.542854
115.542854
115.394638
115.685623
116.119385
116.701370
116.986908
117.129684
116.542244
116.976006
116.383110
115.932991
114.752670
114.741760
114.873619
115.878464
116.888756
118.047272
119.063019
118.766571
116.855042
116.415825
116.564049
115.685631
114.955421
114.955421
114.807190
115.098190
115.092735
115.674713
115.669266
115.812035
115.367371
115.361908
115.356461
115.197327
114.456223
114.884521
115.455605
115.878464
117.767181
118.925705
119.502228
119.354004
117.146042
116.267616
116.267616
115.537399
115.103638
114.664429
113.928764
114.071533
114.214302
114.208847
114.494392
114.488937
114.044266
114.038818
114.324356
113.874237
114.450760
115.318291
115.598373
116.608673
117.767181
119.364914
119.650452
119.941444
116.706825
116.267609
116.267616
115.389183
114.955421
114.516205
113.928764
113.923309
113.478645
113.324966
113.319519
113.314064
113.160385
113.297699
113.583237
114.011551
114.588081
116.043045
116.032135
117.042435
118.058174
119.364914
120.089668
120.380661
116.267609
116.267616
115.976616
115.537399
115.246414
114.807190
114.219765
113.484100
112.303772
111.710884
111.848198
111.694519
111.980057
112.556587
113.133118
113.561432
114.725403
116.180359
116.756889
118.063629
118.491936
119.946899
120.089668
120.380661
116.706833
116.706825
115.976616
115.976616
115.833839
115.246407
114.219757
112.896660
111.568108
110.826996
110.085884
110.514191
110.942497
111.519028
112.243790
113.550522
115.005486
116.608673
117.481644
118.349167
119.364914
120.237885
120.380661
120.232437
116.855049
116.855049
116.564056
116.415840
115.833847
115.685623
114.658974
112.891205
111.123444
109.943115
109.344772
109.773071
110.201385
111.359901
112.084656
113.830612
115.582016
116.745987
118.058174
119.073921
119.507683
120.089668
120.523438
120.523430
117.003265
117.003265
117.003273
117.003265
116.712280
116.124840
114.949966
113.182198
110.826996
109.350220
108.460884
109.031967
109.751266
110.909782
111.925529
114.258911
116.010323
117.613510
118.634705
119.507683
120.380661
120.084221
120.666199
120.666199
118.469131
118.029922
118.029922
117.738930
117.151489
116.124832
115.240959
112.885757
110.821541
109.344772
108.598206
109.169281
109.592140
111.041641
112.205612
114.539001
115.999420
118.190041
119.359459
120.084213
120.957191
120.808968
121.539177
121.539177
119.353020
119.204796
119.056572
118.765579
117.738930
116.564056
115.092735
113.176743
110.964317
109.191093
108.735519
108.867386
109.729454
111.030739
112.485703
114.967316
116.427727
118.327362
119.935989
120.808968
121.242729
121.242729
121.972946
121.972939
119.940460
119.792236
119.644012
118.913803
118.326370
117.003265
115.383728
113.467735
110.958862
109.333862
108.730072
109.443916
110.014992
111.607269
112.771240
114.813637
116.713264
118.761116
120.369751
120.951736
121.385498
121.676498
121.967484
121.967484
120.818886
120.379669
119.792236
119.353020
118.474594
117.003265
115.383728
113.319519
110.958862
109.037415
109.312050
109.147476
110.300529
111.601814
113.205002
114.808182
117.295250
119.343102
120.803520
121.385498
121.967484
122.258476
122.549469
122.549469
120.967110
120.670662
119.940460
119.792236
118.765579
117.003265
115.383728
113.319519
111.249855
109.328407
109.163826
109.290237
110.300529
111.601814
112.908554
114.950951
117.147026
119.194885
121.094513
121.385498
121.528275
122.110260
122.401245
122.401245
