112.853035
112.853035
112.853035
112.562042
112.419273
111.540840
111.101631
110.223198
109.196548
108.609108
107.873451
108.010765
108.444527
109.317505
110.042259
110.476021
111.639984
112.512970
113.676933
115.719330
117.904503
119.655914
120.386108
120.528885
112.853035
112.853035
112.853035
112.562042
112.419273
111.540840
111.101631
110.223198
109.196548
108.609108
107.873451
108.158981
108.592751
109.465729
110.190475
110.624245
111.788208
112.661186
113.825157
115.867554
117.613510
119.364914
120.095123
120.237892
112.413818
112.413818
112.562042
112.562042
112.419273
111.540848
111.101624
110.223198
109.635757
109.048325
108.312668
108.598206
109.031967
109.904945
110.338699
110.772461
111.936432
112.809410
113.973381
116.015778
117.909958
119.661362
120.391571
120.534332
112.562042
112.562042
112.562042
112.562042
111.980057
111.831833
111.101624
110.662415
110.074974
109.487534
108.751877
109.037415
109.471176
110.492378
110.926140
111.211685
112.084656
113.248627
114.269821
116.312225
117.915405
119.227600
120.106033
120.248795
112.562042
112.562042
112.562042
112.710266
111.831833
111.540848
111.101624
111.101624
110.514191
109.487534
109.630310
109.773071
110.206841
110.788818
111.074364
112.386551
113.111313
113.984283
115.005486
116.317673
117.629868
118.651062
119.529495
120.111481
112.271049
112.271049
112.271049
112.419273
111.980057
111.540848
111.101624
111.101624
110.953407
110.514191
109.926758
110.799728
110.942497
111.524483
111.958244
112.682999
113.555977
114.137962
115.598373
116.471352
117.492554
118.661972
119.101196
119.540405
112.419273
112.419273
112.419273
112.128281
112.128281
111.689064
110.958862
111.398071
111.249847
110.223198
110.514191
111.096176
110.947952
111.529938
111.963699
112.984894
113.418655
114.291641
115.461060
116.043045
117.212463
117.503456
118.233658
118.821106
111.837288
112.276505
112.276505
112.276505
111.985512
111.694519
111.546295
111.255310
110.667870
109.789436
110.080429
110.371422
110.662415
111.244400
111.826385
112.260147
112.551140
113.572334
114.741760
115.471970
115.911179
116.350403
116.789612
117.228821
112.133728
112.133736
112.281960
112.281952
112.281952
111.990967
111.551750
111.112534
110.382324
109.794891
109.794891
109.794891
109.937660
110.667862
111.398071
111.980057
112.271042
112.562042
113.879684
114.170685
114.758118
115.197342
115.636551
115.784775
112.430176
112.430176
112.139191
112.139191
112.287407
111.996422
111.557205
111.557205
110.826996
109.800339
109.800339
109.800346
110.091339
110.382332
111.260757
111.551758
111.990967
112.721176
113.160385
114.038818
114.187042
114.187042
114.774475
114.922699
112.874847
112.874847
113.314056
113.314064
113.462280
113.171295
112.732071
112.292862
111.562653
110.684227
110.684227
110.684235
111.123436
111.414429
111.853653
112.583862
113.023071
113.462280
114.049728
114.779930
114.488937
114.637161
115.076370
115.224594
114.049721
114.049721
114.049728
114.488937
114.637161
114.346169
114.346169
113.467743
113.176743
112.737534
112.737534
112.885757
112.885757
113.176743
114.055176
114.494392
115.372818
115.372818
115.960251
116.690460
116.399475
116.547699
116.547699
116.986908
115.663818
115.224602
115.663811
116.103027
115.812035
115.521042
115.812042
115.521042
115.230049
115.230049
115.230049
115.087280
115.817490
115.817490
116.256699
116.986908
117.865341
118.013565
118.600998
118.891998
118.743774
118.749222
118.891991
118.891998
116.838684
116.838684
116.838684
117.129677
116.986908
117.135132
117.426125
117.283356
117.135132
117.431580
117.283356
117.579803
117.870796
118.019012
118.458229
119.188438
119.627655
120.654305
120.654305
120.945297
120.506081
120.654305
120.945297
120.797073
118.013565
118.013565
118.013565
118.452774
118.161789
118.600998
118.600998
119.188438
119.188438
119.336662
119.188438
119.484879
119.484879
119.775879
120.215088
121.093521
121.241745
121.829178
121.829178
122.120171
121.532730
121.680954
121.532730
121.384514
119.775871
119.924095
119.775879
120.215088
120.215088
120.363312
120.363312
121.241745
121.241745
121.532730
121.680954
121.241745
121.680954
121.680954
121.389969
121.829178
122.268394
122.416618
122.564842
122.855835
122.268394
122.416618
122.268394
122.120171
121.538185
121.538193
121.538185
121.686409
121.686409
121.977402
122.268394
122.707611
123.146820
123.586037
123.437813
123.146820
123.146820
122.707611
122.268394
122.998604
122.564842
123.004051
122.564842
123.004051
122.564842
122.564842
122.416618
122.416618
122.713058
122.713058
123.004059
122.713058
122.713058
123.004059
123.004059
124.173477
124.464470
124.464470
124.464470
123.877029
123.877029
123.437820
122.850380
122.998604
122.416618
122.416618
122.416618
121.977402
121.977402
121.977402
121.977402
121.977402
123.443268
123.443268
123.443268
123.443268
123.152275
123.004051
123.295044
124.025253
124.316246
124.607239
124.459015
123.871582
123.141373
122.702156
121.675507
121.675507
121.093521
121.093521
120.945297
120.215088
119.918640
119.918640
120.357857
120.357857
122.998604
122.998604
122.707611
122.559387
122.559387
121.971947
122.262939
122.553932
122.696701
122.696701
122.548477
121.521828
120.791618
120.055962
119.177528
118.738312
118.008110
117.859886
117.563438
116.685013
116.827782
116.240341
116.240341
116.240341
122.553932
122.405708
122.114716
121.966499
121.088066
120.939842
120.939842
120.643402
120.786171
120.346954
120.050507
119.172081
118.293648
117.557991
116.388565
115.652908
114.774475
114.478027
113.890594
113.594147
113.149483
113.001259
112.562042
112.413818
122.109268
121.670052
121.670052
121.082611
120.204185
120.346954
119.907738
119.320297
119.314850
118.436417
118.139969
116.822327
115.943901
114.917244
114.038818
113.303154
112.419273
112.271049
111.387169
110.360519
109.915848
109.910393
109.910393
109.762169
121.961044
121.521828
121.521828
120.934387
120.055962
119.320297
118.881088
118.293648
118.288193
117.409767
116.965096
115.647453
114.769020
113.594147
112.715721
111.980057
110.805183
110.799728
109.915848
108.889191
108.296303
107.999863
107.851639
107.703415
121.812820
121.373604
121.373604
120.346954
119.759514
119.463074
119.023857
117.997200
117.991753
117.113319
116.816872
115.208237
114.181587
113.006714
112.567497
111.683609
110.217743
109.773071
108.889191
108.444527
107.708870
107.264198
107.115974
106.967758
