103.475845
102.158203
99.083694
93.664894
87.373123
80.784897
76.985641
75.821671
75.541580
75.113281
75.700706
77.166580
78.626991
80.235641
81.114067
81.405060
81.844269
82.574471
83.743896
85.209763
87.405838
89.162704
89.892906
90.919563
103.915062
102.597420
99.522911
94.104111
87.373123
81.224106
77.715843
75.969894
75.393364
75.404266
75.700706
77.018356
78.626991
80.235641
81.114067
81.405060
81.405060
82.135254
83.304688
85.209763
86.966629
89.014473
89.601913
90.480347
105.380928
104.063286
100.988785
95.278992
88.690765
82.102539
78.885269
76.551880
76.271790
75.404266
75.552490
76.870132
78.626991
80.235641
81.114067
81.405060
81.405060
82.135254
83.304688
84.331329
85.648987
87.405838
87.993271
88.723480
107.582458
106.116585
103.481300
97.475067
90.738617
83.711174
80.202911
77.573082
76.414558
75.398819
75.404266
76.870132
78.626999
80.235641
81.114067
80.965843
80.817619
81.256828
81.987038
83.013687
83.892120
85.209763
85.648979
86.088196
110.953407
109.196548
106.413033
100.258575
93.664902
86.489243
82.102539
78.742500
77.144760
75.541580
75.547028
76.721909
78.917984
80.087418
80.965836
81.256828
80.817612
80.230179
80.669403
80.817612
81.696045
82.135262
82.135269
82.283478
113.885139
112.276505
109.783981
103.629524
96.887619
89.563744
85.028824
80.642120
78.605179
76.271790
75.398819
76.864685
79.060760
80.378403
80.817612
81.108612
79.939178
79.351746
79.351746
79.499969
79.060753
78.769768
79.208977
79.208977
116.234886
114.478027
111.985512
106.561256
100.258575
93.522125
88.690765
84.304070
80.653030
77.874969
76.271790
77.298447
79.055305
80.081955
80.372940
80.081955
79.351753
78.473320
78.473320
78.182327
77.303894
77.452118
77.452118
77.452118
118.145424
116.827782
114.626251
110.376877
105.100838
99.385597
94.406006
88.844437
83.431091
79.626381
77.578537
77.287544
78.314194
78.901627
79.340843
78.758850
78.028641
77.446671
77.155678
76.716461
76.425461
76.573685
76.425476
76.134476
119.616745
119.029305
117.124222
113.753281
109.943115
105.106293
100.269485
93.972244
87.675018
82.256218
78.742493
78.012291
78.303284
78.308739
77.869522
77.287537
76.853775
75.832573
76.129028
76.277252
75.838028
75.695259
75.695259
75.695259
120.061417
119.325752
118.299103
116.103027
113.610504
110.530548
105.402740
99.539276
91.627953
85.473495
81.663322
79.615479
79.028038
78.446053
77.424850
76.842865
76.557335
75.684357
75.250595
75.398819
75.547035
75.695267
75.695267
75.695267
118.008110
117.711662
117.420670
116.542244
115.954803
113.610504
109.800346
103.788651
96.316544
90.453079
85.764488
83.420181
81.954315
80.345688
79.176270
77.864075
77.287544
76.266342
75.832581
75.980797
75.398819
75.107819
75.107819
75.107819
114.044266
114.044266
114.340714
114.779930
115.954803
115.515587
113.171295
108.773697
102.619232
97.046753
92.945602
89.574646
86.933899
84.007629
82.250763
80.351135
79.626381
78.165970
77.292999
76.271797
75.980797
74.959610
75.107834
75.107834
108.466339
108.762787
109.937660
111.990967
114.779930
116.394020
116.103027
112.732079
108.921921
104.815308
101.153366
96.755760
92.649155
88.838989
86.203705
84.155838
82.256210
80.944016
79.192627
77.583984
76.123566
75.541580
74.959595
74.520386
102.745644
103.333076
105.095390
108.762787
112.578400
116.394020
117.129677
116.251251
114.197945
111.557205
108.043480
103.497658
98.512619
94.115021
90.453079
87.669571
85.330719
83.722076
81.383240
79.192627
76.853783
75.980804
74.959595
74.520386
97.173164
98.348038
100.549568
104.656174
109.498444
113.901497
116.251251
116.690468
116.542244
115.076370
112.880302
108.334473
103.201218
97.925186
94.993454
91.479736
88.844437
86.357376
84.018524
80.949478
78.610641
76.859230
75.838028
74.959610
91.897133
92.484573
95.273529
98.940926
104.370636
109.503899
112.880302
115.224594
116.981461
117.859886
116.542244
112.292862
108.038033
103.201218
99.391045
95.877335
92.363617
89.728325
86.802040
83.145554
80.367493
78.176872
76.716461
76.425468
85.890900
86.478333
89.119072
93.225677
98.216171
104.227867
108.334473
112.292862
116.394020
118.738319
118.447327
115.663811
112.144638
107.456047
103.645882
100.423157
96.761215
93.247498
89.733780
85.929062
81.981583
79.933731
78.182327
78.034103
81.054077
81.641510
83.991264
87.949646
92.791924
98.512619
103.349442
109.212906
114.779930
118.738312
119.473976
117.717117
115.224594
111.562653
107.752487
104.381546
100.428604
96.766663
93.104721
88.860794
85.056091
82.278030
80.378403
79.790970
77.831352
78.127800
80.620316
83.700272
88.542549
93.527580
98.512619
105.402740
111.996414
117.420670
119.034760
118.595551
116.838684
114.055176
110.980667
108.048935
103.947784
100.725052
96.914894
92.813728
88.278809
85.791748
83.743904
83.156464
75.783493
76.370941
78.276024
80.477547
84.144943
88.251549
93.527580
100.417702
107.598816
113.753281
116.394020
117.717117
116.986908
115.378273
114.060631
111.128891
108.345383
104.974434
101.751709
97.650543
93.549393
90.474884
88.866257
88.278816
74.905060
75.492508
76.519165
78.133247
80.334778
83.853951
88.542542
95.432663
103.201218
109.943115
113.462280
115.812035
116.547699
116.113930
115.674721
114.208855
111.864555
109.372040
106.001083
102.339142
98.089767
95.306259
93.549393
93.252953
74.174866
74.762299
75.640732
76.376389
77.842255
80.483002
84.732376
91.474274
99.682045
106.572166
110.678772
113.906952
115.378273
116.410378
116.849594
115.822937
114.357071
112.303772
109.811249
106.001083
102.042702
99.550186
97.645096
97.057663
73.735649
73.883873
75.053291
75.349739
76.376389
78.577919
82.679077
89.420975
97.776962
105.106293
109.503899
113.028526
115.378273
116.558601
118.024467
116.997818
116.262154
114.208855
111.716331
107.906166
104.238777
101.746254
99.841171
99.253738
73.735649
73.883873
74.323090
74.471306
75.206963
77.403046
81.800644
88.394318
96.898529
104.079651
109.064682
113.028519
115.087280
116.849594
118.172691
117.437027
116.849594
114.796288
112.742981
109.514801
105.117203
103.063904
100.719604
100.423157
