75.980804
77.298447
79.494522
83.595673
89.305466
95.163483
100.730507
107.175957
113.478645
117.876244
120.511536
121.093521
119.924095
116.992363
113.324966
107.604263
99.830261
93.379356
87.664116
82.684525
78.583374
75.948082
73.900230
73.021805
75.541580
77.298439
79.494522
83.595673
88.575256
94.724266
100.439514
106.736748
112.891205
117.437027
119.924095
121.241745
119.924095
117.283356
113.912407
107.752487
100.565926
93.966797
88.251541
82.832748
79.461807
76.387299
73.900230
73.021805
75.541580
76.711014
78.616089
82.717247
87.987823
93.845840
99.264641
105.858315
112.012772
116.849594
119.775879
120.363312
119.924095
117.870789
114.060631
108.779144
101.592575
95.580887
89.865631
84.589615
80.049240
76.683739
74.778656
73.900238
74.223938
75.541580
77.737656
81.399605
86.521950
92.088982
97.507782
104.392448
110.546913
115.674721
118.606453
120.072319
120.072319
118.167236
115.674721
110.393234
104.085098
98.073410
91.918945
86.642914
81.663322
78.001389
75.366104
74.339447
73.345505
74.663162
76.420013
79.933739
84.325882
90.183899
95.602699
102.048157
108.493607
114.208855
117.431580
119.633102
120.072319
119.342117
117.288811
112.594765
106.874062
101.153366
95.438118
88.844444
83.716629
78.737053
76.392746
75.366096
72.318863
73.197296
74.954147
78.467865
82.860016
87.548615
93.258400
99.264648
106.297531
112.155548
115.526497
118.315460
119.781326
120.077774
118.463684
115.235504
109.954018
104.381546
98.957291
92.215393
85.918159
80.790344
78.297836
76.980179
71.440430
72.170639
74.075714
76.711014
80.663940
85.204308
90.474884
96.629349
103.365799
109.811249
113.330421
116.410378
118.902901
120.077774
119.199341
116.410378
112.303772
107.170502
101.746254
95.443565
88.849892
82.843658
80.499359
78.885269
71.292206
72.022415
73.049065
75.245148
78.319649
82.420792
87.252167
93.258392
99.852081
106.149307
110.837898
114.505295
117.876244
119.199341
119.638557
117.437035
114.066086
109.959473
105.122650
98.671753
92.078079
85.923615
83.431091
81.965225
70.995758
71.286743
72.604401
73.779274
75.684357
79.346298
83.299232
89.744682
96.041916
102.487366
107.466949
112.012779
115.971161
118.172691
119.199341
118.611908
115.828392
112.748436
108.202606
101.608940
95.306252
89.442787
86.511047
85.045181
70.408325
71.138535
72.016953
72.604401
73.779274
76.562790
80.224716
86.521957
92.379974
99.264641
104.244225
109.520256
113.917862
116.706825
118.611908
118.611908
117.151489
114.658974
110.700584
105.128113
98.386208
92.961952
90.469437
89.003571
70.699310
70.990303
71.138519
71.725967
72.022415
74.366714
77.589432
83.008240
89.596466
96.041916
101.312492
106.588524
112.012779
115.092735
117.585251
118.760132
118.029922
116.273064
113.193100
107.329636
101.317940
96.332909
93.401169
91.935303
70.842087
71.281303
71.429520
71.138527
70.704773
72.170639
75.393372
80.224731
86.373734
93.110184
98.528976
103.805008
109.081047
113.478645
116.410378
118.172691
118.029922
117.590706
115.098190
109.822159
104.540672
99.703857
97.063110
96.184685
71.720520
71.572296
71.429520
70.699326
70.117332
70.562004
73.197296
78.028656
83.590225
89.887451
95.745468
100.873276
106.879517
111.277115
115.087280
117.437035
118.320915
118.760132
116.564056
112.018227
107.324181
102.926582
100.725060
99.846626
72.302490
72.011505
71.720505
70.699310
69.238907
69.244354
71.440430
75.832573
81.103165
87.103943
92.522751
98.089767
104.096001
109.223808
113.473190
116.262154
117.733475
119.051117
117.442482
114.362526
109.668480
106.149307
104.096008
103.217575
72.302490
72.011505
71.720505
70.551086
69.529900
68.656914
70.562004
73.636505
78.610641
83.590210
89.009018
94.867035
101.312492
107.170509
111.859100
115.235504
117.146042
119.051117
117.881699
115.240959
111.573563
108.202606
106.736748
106.149307
73.180939
72.598953
72.598953
70.990311
69.969109
69.535339
70.413780
72.318863
75.684357
79.928284
85.056091
90.914101
98.089767
104.535217
109.223816
113.621414
116.410378
118.902901
118.320915
116.267609
112.896660
110.255920
108.790054
107.911621
73.329163
73.038162
73.038162
71.868729
71.138519
70.265549
71.143982
71.583199
73.049072
76.123566
80.663940
86.961174
94.576050
102.042694
107.170509
111.864555
115.383728
117.876244
117.881699
116.706825
113.923309
111.139801
110.261368
109.822159
73.768372
73.477371
73.186386
72.456177
71.725967
71.434975
71.434982
71.143982
71.292206
72.609856
76.859222
83.447456
91.940758
99.407410
104.535217
109.811249
114.208847
116.849594
117.585251
116.415833
114.219757
112.462898
111.875458
111.145256
74.059357
73.768372
73.768372
73.038162
72.307953
72.016953
71.286751
70.556541
69.826340
70.852997
74.663155
81.251373
89.305466
96.772118
102.339142
108.054390
112.303772
115.531944
116.558601
116.267609
115.098190
113.341324
113.050339
112.902115
73.911133
73.620148
73.329147
72.889938
72.159729
71.577744
71.286758
69.969109
69.387123
69.535339
72.906296
79.055305
86.521957
93.697617
98.825424
104.979889
110.107697
113.626862
115.531952
116.119385
115.389175
114.219757
114.219757
114.219757
73.614685
73.323700
73.032700
73.032707
72.011513
71.720520
70.990311
69.969116
69.387123
69.974556
72.467079
78.176865
84.474106
91.210548
96.338356
102.196373
107.763397
111.721786
114.357079
115.531952
115.240959
114.510750
115.389175
115.389175
73.175484
72.884483
72.884483
72.593491
71.863281
71.281296
70.842079
69.969101
69.238907
69.535355
71.879654
77.298447
83.156464
89.162697
94.142288
100.148529
105.567322
110.255920
113.330421
114.653519
115.092735
114.801743
116.119385
116.267609
73.466469
73.175484
72.884483
72.884491
71.863281
71.281296
70.842079
69.820892
68.799683
69.096130
71.879654
76.420013
81.838814
87.845055
92.824631
98.830872
104.688896
109.377487
112.742981
114.505295
115.092735
115.240959
116.119385
116.267609
73.318245
73.027252
72.736267
72.736259
71.715065
71.133087
70.693863
69.672661
69.238907
69.535339
71.440430
76.420013
81.399605
86.966629
92.385422
97.952454
104.249680
108.938271
112.451996
114.066078
115.092735
115.680168
116.410378
116.706825
