109.382942
108.795502
106.451202
103.524933
99.571991
95.322617
92.539101
90.194794
88.437950
87.411293
85.066986
84.040344
82.579926
81.992493
81.114059
81.114059
79.944641
79.944641
79.944641
79.944641
79.944641
79.944641
79.944641
79.944641
109.822159
109.234718
107.038643
104.112366
100.450424
96.349258
93.417526
91.073227
89.755592
87.850510
86.384644
84.479553
82.870918
82.431702
81.553276
81.114059
80.383850
79.944641
80.383850
79.944641
79.944641
79.944641
79.944641
79.944641
110.118599
109.531166
107.917076
105.139015
101.916290
98.106125
95.174385
92.830093
91.512451
90.046585
88.141502
86.236420
84.627785
83.310135
82.431702
81.553276
81.262283
80.823074
80.383850
79.944641
79.944641
79.944641
79.944641
79.944641
111.584465
110.557816
109.382942
107.335083
104.112366
101.180634
98.397118
96.492035
94.586952
92.681877
90.776787
88.432487
86.675629
85.067001
84.040344
83.310135
82.140717
81.262283
80.532074
79.653648
79.653648
79.066208
79.066208
79.066208
112.611122
112.462898
111.436249
109.827606
107.774300
104.842575
102.789261
100.444962
98.539886
96.195587
94.290512
91.655228
89.310921
87.554062
85.797195
84.479553
83.019135
82.140717
80.971298
79.944641
79.214432
78.626999
78.187775
78.187775
114.367981
113.637772
113.489548
112.462898
110.848808
108.943726
106.890427
105.133560
102.641037
101.026955
98.243439
95.608154
92.824638
90.189346
88.871704
86.675629
85.215210
83.458359
82.288940
80.532074
79.653648
78.775215
77.896790
77.896790
115.542854
115.394630
115.246407
114.076988
113.632317
111.727234
109.822159
108.356293
106.011993
103.958694
102.053604
98.830879
96.047363
93.703072
91.655212
89.607361
88.289719
86.093658
84.485008
82.728149
81.410507
80.092865
78.775215
78.775215
116.712280
116.712280
116.712280
115.833847
115.246407
113.780548
112.605667
110.848808
108.943726
106.890411
105.276321
102.641037
100.148521
97.804230
96.047363
93.560303
91.951668
90.194809
87.998726
85.511658
84.045792
82.728149
81.410500
80.971283
118.469139
118.029922
117.590706
117.590706
117.003265
115.833847
114.367981
112.902115
111.875458
109.531166
108.208069
106.011993
104.397903
102.344604
100.296738
97.809685
96.052826
94.586952
91.660675
89.025375
87.120300
85.363434
84.485016
83.606583
118.908356
118.908356
118.617355
118.469131
118.178146
117.008720
116.421280
115.394630
113.637772
112.462898
110.848808
109.382942
108.208061
106.593979
104.546120
102.350052
100.593185
98.836334
95.761826
93.269318
90.634018
88.877151
87.559509
87.268524
119.051125
118.760132
118.908356
119.347565
119.056572
118.474586
117.596161
116.860497
115.982071
114.955414
113.780540
112.314674
111.139801
109.525711
107.768845
105.863770
104.255127
102.350052
100.153976
96.931244
94.147736
92.390869
91.073235
90.925011
118.172691
118.320915
118.320915
118.908356
119.495789
119.353020
119.062027
118.035378
117.596161
116.569504
115.833847
114.807198
113.341324
112.018234
110.552368
108.943726
107.768845
106.011993
104.106911
101.323402
98.391663
96.343811
95.317162
94.877945
116.706825
117.146042
117.294266
118.760132
119.056572
120.231445
120.379669
119.649460
119.210251
118.622810
117.596161
116.421280
115.394638
113.780540
113.044884
111.727234
110.991577
109.964928
107.620621
104.985336
102.932037
101.026955
99.709305
99.709312
115.531952
115.822937
116.267609
117.733475
119.347565
120.961655
120.818886
120.527893
120.527893
119.797684
118.771034
118.035370
117.008720
115.833847
114.807198
114.219757
113.775093
113.039429
111.282570
108.938271
106.884964
104.979889
104.101456
103.953232
113.478645
114.066086
115.240959
116.415833
118.469139
120.961655
121.258102
120.967110
121.115334
120.236900
119.797684
119.062027
117.744385
116.860497
116.273064
116.124840
115.680176
115.092735
113.626869
111.573563
109.959473
108.202606
107.615173
107.466949
112.012772
112.600220
113.626862
115.240959
117.733475
120.374222
120.818886
120.967110
121.115334
120.385124
119.945908
119.358475
118.331818
117.156944
116.860497
117.151489
117.294266
116.997818
115.971161
114.066078
112.303772
110.837906
110.398682
110.250458
110.250465
110.546913
111.573563
113.626869
116.706825
119.347565
120.231445
120.818886
120.236900
119.945908
119.506699
118.919258
118.331818
117.596161
117.596161
117.738930
117.881699
117.585251
117.146042
115.971161
114.648064
113.330421
113.182198
112.594757
107.906166
108.493607
109.959473
112.012779
115.240959
118.320915
119.495789
120.231445
120.088684
118.919258
119.067482
118.628265
118.040825
117.305168
117.744385
118.178146
118.469139
118.320915
118.172691
117.437035
115.822937
115.235504
115.087280
114.499840
105.852859
106.297531
108.054398
110.107697
114.066086
117.146042
118.617355
119.644012
119.210251
118.480042
119.067482
118.628265
118.040825
117.744385
117.892609
118.765579
118.765579
118.617363
118.469139
117.733475
116.997818
115.971161
116.262154
115.674721
102.921127
103.656784
105.561874
108.202614
112.160995
115.680168
117.442482
118.617355
118.622810
118.331818
118.919258
118.919258
118.771034
118.183594
118.183601
118.474586
118.035378
117.887154
117.887154
117.151489
116.564056
116.267609
116.267609
116.119385
100.576828
101.164261
103.217575
105.710098
109.964928
114.214310
115.976616
117.590706
117.887154
118.622810
119.062027
119.062027
118.622810
118.913803
118.474586
118.183594
117.305168
117.014175
116.865952
116.717728
116.421288
115.833847
116.124840
115.685623
98.380753
99.259193
101.164261
104.392441
108.790054
112.748436
115.098190
117.003265
117.299713
118.035378
118.913803
119.353020
118.913803
118.913803
118.913803
117.744385
117.014175
116.283966
116.135742
115.696533
115.839302
115.542854
115.982071
115.982071
97.354111
98.232529
100.285835
103.656792
107.911621
112.309219
114.510750
116.415833
117.299713
118.035378
118.913803
119.353020
118.913803
118.913803
118.913803
117.744385
117.014175
116.283966
115.844757
115.696533
115.696533
115.691078
115.691078
115.691078
96.766670
97.793320
99.698395
102.778366
107.472404
111.430794
114.510750
116.124840
117.299713
117.596161
118.913803
119.644012
119.204796
119.353020
118.913803
117.744385
116.723183
115.992973
115.553757
115.405540
115.257317
115.839302
115.839302
115.839302
