65.231430
65.231430
65.231430
65.961639
66.252632
66.982841
67.564827
67.855820
68.437798
68.728790
69.755447
70.046440
70.485657
71.215866
71.215866
71.946075
72.237061
72.670822
72.670822
72.231613
71.358627
70.919418
70.919418
70.919418
64.940445
64.940445
64.940445
65.670647
65.961639
66.691849
67.273834
67.564827
68.437798
68.728790
69.607224
69.898216
70.337433
71.067642
71.067642
71.797852
72.088837
72.379829
72.379829
71.940613
71.358627
70.919418
70.919418
70.919418
64.940445
64.940445
64.940445
65.379662
65.961639
66.691849
66.982841
67.273834
67.855820
68.146805
69.025238
69.316238
69.755447
70.485657
70.485657
71.215866
71.506851
71.797844
71.797844
71.358627
70.776649
70.337433
70.337433
70.337433
64.358459
64.358459
64.358459
65.088661
64.940437
65.670654
66.252632
66.104408
67.125610
67.125610
67.855820
68.146812
68.586029
69.316238
69.316238
70.046448
69.898224
70.046440
70.046440
69.607224
69.316231
69.025238
69.025238
69.025238
63.919235
63.919235
63.919235
63.919235
64.062012
64.792221
64.792221
65.083206
65.665192
66.104416
66.834625
66.834625
67.416611
68.146812
68.146812
68.586029
68.586029
68.295029
68.295029
67.855820
67.713043
67.422058
67.422058
67.422058
62.898041
62.898041
62.898041
62.898041
63.480026
63.771027
63.771027
64.353012
64.204788
64.643997
65.225983
65.665199
66.395409
66.834625
66.834625
66.834625
66.834625
66.395409
66.395409
66.104416
65.961647
65.670654
65.670654
65.670654
62.898041
62.898041
62.898041
62.898041
62.601601
62.892593
62.892593
63.183586
63.474579
64.353012
64.934990
65.374207
65.665199
66.104416
66.104416
66.104416
66.104416
65.813423
65.813423
65.522430
65.670654
65.379662
65.379662
65.379662
62.019608
62.019608
62.019608
62.310608
62.601593
62.892593
62.892593
63.183578
63.183578
63.474579
64.056557
64.643997
65.077759
65.516975
65.516975
65.516975
65.516975
65.225983
65.225983
65.374207
65.522430
65.231438
65.231438
65.231438
61.871391
61.871391
61.871391
62.162376
62.162392
62.744377
62.453377
62.744377
62.887138
63.474571
63.765564
64.495773
64.638542
65.077759
65.077759
64.929535
65.368752
65.368752
65.368752
65.516975
65.813423
65.961639
65.961639
65.961639
61.723167
61.723167
61.723167
62.014168
62.014160
62.596146
62.596146
62.887138
62.887138
63.617348
63.617348
64.347549
64.199326
64.929535
64.929535
65.220528
65.659744
65.659744
65.659744
65.807968
66.395401
66.543625
66.543625
66.543625
61.574951
61.574951
61.574951
62.014168
62.014160
62.596146
62.596146
62.887138
62.887138
63.617348
63.617348
64.347549
64.199326
64.929535
64.929535
65.220528
65.659744
65.659744
65.659744
65.807968
66.395401
66.543625
66.543625
66.543625
61.426727
61.426727
61.426727
61.426727
61.426727
62.008713
62.156937
62.447922
62.738914
63.469124
63.469124
64.638542
64.490326
65.220528
65.220528
65.659744
66.098961
66.389954
66.389954
66.538177
67.564827
67.713051
67.713051
67.713051
60.839287
60.839287
60.839287
61.278503
61.130280
61.569496
61.569496
62.299706
62.738914
63.760109
63.760109
64.490326
64.781319
65.659744
65.659744
66.098961
66.829163
66.977386
66.977386
67.855820
68.004044
68.443253
68.443253
68.443253
61.130272
61.130272
61.130272
61.569496
61.421272
61.860489
61.860489
62.590691
63.029900
64.051102
64.051102
64.781319
65.511520
66.389954
66.389954
66.829163
67.707596
67.855820
67.855820
68.295036
68.443260
68.882477
68.882477
68.882477
62.738914
62.738914
62.738914
62.887138
62.590698
62.738914
62.738914
63.469124
63.908333
64.929535
64.929535
65.659744
65.511520
66.389954
66.389954
66.829163
67.998589
68.146812
68.146812
68.146812
68.295036
68.734253
68.734253
68.734253
64.495773
64.347557
64.347557
64.056557
63.908333
63.760109
64.199326
64.490326
64.929535
65.659737
65.659737
66.098961
66.241730
66.829163
67.120163
67.120163
67.559372
67.707596
67.416603
67.855820
68.004044
68.443253
68.443253
68.443253
66.691849
66.982849
66.834625
66.543625
65.956192
65.807961
65.807961
66.098953
66.538170
66.538170
66.538170
67.268379
66.829170
67.850365
67.120163
67.120155
67.120163
67.707596
67.268387
67.707596
67.416603
67.855820
67.855820
67.855820
70.062805
70.353790
70.205566
69.618134
68.739700
68.443253
68.004044
68.295029
68.295029
68.295029
68.295029
68.437805
67.998589
68.289574
67.559372
67.850365
67.411148
67.411148
66.971939
66.829170
67.268387
66.977386
66.977386
66.977386
75.196068
75.047844
75.338837
74.603172
73.137306
72.253418
71.665985
71.517761
71.517761
70.930321
70.930321
70.342880
70.194672
70.046440
69.168007
68.289581
67.850365
67.850372
66.823715
66.680946
66.829170
66.538177
66.538177
66.098961
83.118286
82.970070
82.234406
81.498749
79.736427
78.265106
77.090240
76.354576
76.058136
75.618919
74.740486
74.004829
72.978172
72.390739
70.924866
69.898224
68.871567
68.141365
67.114716
66.532715
66.241730
65.659744
65.220528
65.220528
91.040512
90.453079
89.717415
88.246094
86.483780
84.276810
83.392921
81.778824
80.894958
79.429085
78.984413
77.227554
75.613464
74.586807
73.120949
71.506859
70.040993
68.723335
67.844910
66.532715
66.093506
65.220535
65.220535
64.781319
97.057663
96.470222
95.586334
94.115021
91.908035
89.410065
87.499527
85.737213
84.705116
82.942802
81.767921
79.862839
78.248749
76.052681
74.877808
72.824509
70.771194
69.162560
67.844910
66.823715
65.802513
64.781311
64.342102
63.902885
100.576828
99.989395
98.523529
96.903984
94.548782
91.902588
89.992050
88.229736
86.610191
84.847885
83.673004
81.180489
79.127182
77.370316
75.756241
73.702934
71.649628
69.453552
68.135902
66.675491
65.654297
64.781311
64.342102
63.902885
102.339149
101.312485
99.989395
98.369858
96.162872
93.220230
91.018707
89.108170
87.197632
85.435318
84.260445
82.058922
80.005615
77.809540
75.756241
73.702934
71.501404
69.744537
68.426903
66.966476
65.215073
64.342102
63.902885
63.463669
