111.238945
111.238945
111.238945
111.678162
111.535393
111.387169
112.265594
112.265594
112.265594
111.969147
112.260147
111.969154
111.381714
111.524483
111.524483
112.111923
112.990349
113.720558
113.429565
114.159775
114.456223
115.043655
114.752663
114.604446
111.826385
111.826385
111.826385
112.265594
111.535385
111.535393
112.413818
112.413818
112.413818
112.265594
111.969154
111.969154
111.381714
111.672707
111.672707
112.551132
113.138573
113.577789
113.429565
114.307999
114.165230
115.191879
115.191879
115.191879
111.392624
111.392624
111.392624
111.831833
111.392624
111.831841
112.271049
112.271049
112.562042
112.413818
111.826378
112.265594
111.678162
111.969154
111.969154
112.408371
113.138573
113.726013
113.726013
114.456223
114.752663
115.340103
115.340103
115.340103
111.249855
111.249855
111.249855
111.837296
111.398071
111.837288
111.837288
112.276505
112.419273
111.980057
112.271049
112.122826
111.683609
111.974602
112.265594
112.704819
113.144028
113.583244
114.022461
114.900887
115.340103
115.927536
115.927536
115.927536
110.964310
111.112534
111.112534
111.551750
111.403526
111.551750
111.842743
111.990967
112.572952
112.133728
112.276505
112.276505
111.837296
112.128281
112.419273
112.710266
113.736916
114.027908
114.467125
114.906342
115.784767
116.663193
116.663200
116.811424
110.826996
110.975220
110.975220
111.414429
111.705421
111.705421
112.144638
111.996414
112.726624
112.435638
112.869400
112.869392
112.430176
113.012161
113.303154
113.303162
114.181580
114.181580
114.911789
115.499229
116.520432
117.547089
117.547081
117.986298
111.710876
111.710876
111.710876
111.859100
112.150085
112.589310
112.589310
112.589310
113.610504
113.171295
113.462280
113.753281
113.314064
113.896042
114.187042
114.187042
114.478027
114.917244
115.356461
115.943893
116.965103
117.991753
117.552536
118.282745
112.594757
112.742981
112.742981
113.473190
113.473190
113.764183
113.764183
113.912407
114.494385
114.494392
114.785385
114.637161
114.928146
114.928146
114.779930
114.779922
115.510139
115.070923
115.949348
116.240341
117.118774
117.557991
117.997208
117.997208
114.357071
113.917854
114.357071
114.796288
115.087280
115.087280
115.378273
115.526489
115.817490
116.256706
116.108482
115.960258
115.960258
116.103027
116.103027
115.954803
116.245789
116.245796
116.685013
116.685013
117.415222
117.563438
117.563446
118.002655
115.971169
115.971169
116.410385
116.410378
116.410385
116.849586
117.140587
117.140587
117.431580
117.722572
117.431580
117.135132
117.135132
117.426132
117.277901
117.277908
117.129684
117.420670
117.568893
117.568893
118.008102
118.008110
118.008102
118.008102
117.585251
117.585258
118.024475
118.024467
118.024475
118.463684
118.754677
118.754677
118.606453
119.336662
119.336655
119.188438
118.749222
118.600998
118.600998
118.891991
118.304550
118.304550
118.304550
118.304550
118.743767
118.743767
118.452774
118.452774
119.638565
119.199341
119.638557
120.077774
119.638565
120.077774
120.368767
120.220543
120.659760
120.950745
121.241737
120.802528
120.802528
120.654305
120.654297
120.506081
120.357864
120.066864
120.066864
119.918640
120.357857
120.066864
119.627655
120.066864
121.252647
121.543640
121.543640
121.982857
121.691864
122.273849
122.564835
122.273849
122.564835
123.295044
122.998596
122.855835
122.707611
122.559387
122.120171
122.120171
121.680954
121.680954
121.680954
121.680954
121.532730
121.680954
121.241745
121.532730
122.422073
122.422073
122.861282
123.300499
123.300499
123.591492
123.882484
123.443268
123.882484
123.734261
124.025253
124.025253
123.437813
123.437820
123.437820
122.998596
122.998604
122.559387
122.998596
122.559387
122.559387
122.559387
122.411163
122.411163
122.416618
122.416618
122.416618
122.855835
122.855835
123.146820
123.437813
122.998604
123.437820
123.437820
124.019798
123.580582
123.432365
122.702156
123.141373
122.553932
122.702156
122.553932
122.553932
122.553932
122.262939
122.114716
122.114716
122.114716
120.945297
121.236290
121.236290
121.675507
121.675507
121.966492
122.405716
122.257492
122.405708
122.548477
122.400261
122.400261
121.812820
121.521828
121.373604
121.082611
121.082611
121.082611
120.934387
121.082611
121.082611
121.082611
121.082611
121.230835
118.590096
118.590096
118.590096
119.320297
119.320297
119.907738
120.198730
120.050507
120.050507
120.193275
120.484268
120.193275
119.605843
119.166626
119.166626
118.875633
118.727409
119.018402
118.727409
119.605843
118.727409
119.314850
119.314850
119.463074
115.647453
115.647453
115.647453
116.086670
116.086670
116.816879
116.965096
116.816872
117.107864
116.959641
116.959641
116.811417
115.932991
115.784767
115.784767
115.784767
115.345551
115.636543
115.636543
116.223984
115.932991
116.520432
116.520432
116.668655
110.947952
110.947952
110.947952
111.238945
111.238945
111.678162
112.117371
112.117371
112.260147
112.111923
112.111923
111.963699
111.524483
111.376266
111.376266
111.376266
110.497833
110.788826
110.788826
111.376266
111.524483
112.111923
112.111923
112.260147
104.189697
103.898705
103.898705
104.189697
103.898697
103.898705
104.189697
104.480690
104.771683
104.332466
104.332458
104.475235
104.036018
104.327011
104.618004
104.178787
103.739578
104.030563
104.030563
104.618004
104.618004
105.205444
105.205444
105.062668
97.727875
97.288666
97.288666
96.849457
96.849457
96.410240
95.971024
96.410240
96.553009
96.113792
96.404785
96.695778
96.986771
96.986771
97.568756
97.129539
96.981323
96.833092
96.833092
97.420532
97.568756
98.007965
98.007965
98.156189
92.001732
91.562515
91.562515
90.684082
91.123299
90.244873
90.244873
90.244873
90.535858
89.657433
89.948425
90.530411
90.821404
91.112396
91.694382
91.546158
91.397934
91.397934
91.397934
91.546158
91.985367
92.133591
92.133591
92.133591
89.064545
88.625320
88.625320
87.746902
87.746895
86.868469
86.868469
86.868462
87.159462
86.281029
86.572021
87.445000
87.735992
88.175201
88.757187
88.608963
88.460747
88.460747
88.460747
88.608971
88.899963
89.048187
89.048187
89.048187
87.450455
87.011238
87.011238
85.984589
85.984581
85.106155
84.815163
85.254379
85.397148
84.666946
84.957932
85.539917
86.121902
86.412895
86.994881
86.846657
86.698425
86.698433
86.698433
86.846657
87.285873
87.434097
87.434097
87.434097
