74.926888
75.508865
75.360641
75.799858
77.117500
77.699486
77.990479
77.545815
77.397591
76.958374
78.715233
80.477547
83.557495
87.224892
91.479736
97.343201
102.915680
108.197159
111.864555
114.944511
117.146042
118.172691
118.908348
119.935005
74.487671
74.778656
75.069649
75.508865
76.678284
78.138702
78.429695
77.545815
76.958374
76.958374
78.276016
80.916756
83.557503
86.785675
91.040512
96.903984
102.476456
107.757950
111.425339
114.796288
116.997818
117.881699
118.760124
119.347565
74.048462
74.339439
75.069649
75.217873
76.239075
77.699493
77.990479
77.106598
76.958374
76.958374
78.276016
80.329315
82.970062
86.198242
90.304855
95.729111
101.301590
106.583069
110.250465
113.769638
115.971161
117.585251
118.320915
118.908348
73.466469
73.466469
74.048447
74.778664
75.948082
77.260269
77.551262
77.545807
76.958374
76.958374
77.836807
79.741882
82.382629
85.314362
89.129974
93.675804
99.396507
104.381538
108.197159
112.303772
114.944511
116.706825
117.733475
118.611908
71.715057
72.445267
72.588043
74.196678
75.069656
76.821060
77.403038
77.106598
76.519165
76.958374
77.688583
78.863457
81.207748
83.848495
87.076675
91.622498
96.755768
101.740807
105.995636
109.811249
113.330421
115.383728
116.706825
117.585251
70.693863
71.133080
72.006050
73.466469
74.339447
76.381851
76.963829
76.815613
76.519157
76.519165
77.249367
78.567009
80.181099
82.086182
85.314362
89.272743
94.263237
99.100067
103.063904
107.609726
111.277115
114.357071
115.531952
116.410378
70.693863
71.133080
71.715065
72.884483
74.339447
75.799858
76.381851
76.815605
76.519165
76.519165
77.249367
77.979568
79.445435
80.911308
83.261063
87.219444
91.913498
96.168320
100.714142
105.556412
109.663025
112.742989
114.357071
114.944511
70.990303
71.281303
72.011505
72.884491
73.757462
75.508865
75.942627
76.085396
76.228165
76.079941
76.810150
77.101143
78.418793
80.175644
82.377174
85.605354
89.860191
93.966797
98.221634
103.063896
107.609726
111.128891
112.891205
113.769638
71.868736
71.720520
72.011505
73.180931
73.905678
74.778656
75.212418
75.355194
75.937172
76.228165
76.810150
76.661934
77.831352
79.149002
81.202301
84.282257
87.658661
91.474274
95.580887
100.423157
105.556419
109.075592
111.277115
111.864555
73.186378
73.038155
73.038155
73.180923
73.466469
74.048447
74.630432
75.064194
75.646179
76.228165
76.810150
76.661934
77.392136
78.413330
80.614868
83.107384
85.896347
89.272751
93.379364
98.221634
103.063896
107.022285
109.223816
109.811249
74.064812
73.916588
73.916588
74.059357
73.762909
73.609245
73.752007
74.185760
75.503418
76.085396
76.228165
76.661934
77.243912
78.413338
79.879196
81.932510
84.721466
87.510437
91.326057
96.168320
101.010590
104.968979
107.170509
107.318733
76.112663
75.673447
75.086006
74.789566
73.762909
73.318253
73.021797
73.603783
74.921432
75.794403
76.667381
76.958374
77.683128
78.852547
79.730980
81.784286
83.694824
85.896347
89.272751
94.115021
98.809067
102.476456
104.677986
105.413651
78.599731
77.573082
76.842865
76.107208
74.053902
72.879028
72.291588
73.461014
74.630432
75.651634
76.233620
77.254814
77.831352
78.852547
80.170197
81.636063
82.519943
84.721466
87.362213
92.204483
96.316544
99.983940
102.037247
102.481911
80.647583
79.769150
78.451508
76.985641
74.493118
72.588043
72.000603
72.730804
74.048454
75.069656
76.381836
76.963821
77.979576
79.149002
80.170189
81.196846
81.932503
83.837585
85.748123
90.151184
93.824036
97.052208
98.666290
99.841171
82.986427
82.107994
80.790359
78.446060
75.371552
72.588043
71.418617
72.148827
73.170021
74.487671
75.799858
77.112045
78.276016
78.858002
80.170189
81.196846
81.345070
83.101929
84.573250
87.949654
91.183289
93.681259
95.586334
96.031006
85.764481
84.595062
82.547211
80.202919
76.249977
72.736267
70.836624
71.418617
72.297050
73.466469
75.069656
76.090851
77.545807
78.715225
79.588211
80.757637
81.196846
82.514496
83.398376
85.896347
87.664108
89.574646
90.749527
91.045975
88.542549
87.373123
85.325272
81.811554
77.128410
72.593491
70.836624
70.836632
71.566841
72.736267
74.048454
75.508865
77.112045
78.424240
79.297211
80.466644
81.048630
81.927055
82.371727
83.403831
84.584152
85.177048
86.203705
86.500153
91.029602
89.860184
87.373123
83.568413
78.155067
73.032707
70.693863
70.106430
70.984848
71.715057
73.318245
74.339447
76.381836
77.842255
79.006218
80.027428
80.757629
81.339615
81.927055
81.789734
81.943413
81.806091
81.954323
81.811554
93.664902
92.495468
89.569191
85.325272
79.472710
73.329155
71.133080
69.963654
70.106430
70.836624
72.148827
73.318253
75.799858
77.551270
78.715233
79.736427
80.609413
81.191391
81.339615
80.614861
80.329323
79.604568
79.752792
79.610023
96.448410
95.278984
92.352707
87.669571
80.938568
74.937790
71.720512
70.254646
69.815430
70.106430
71.127625
72.879028
75.069656
77.112053
77.985023
79.297218
80.461189
81.482384
81.191399
80.757637
80.032883
79.308121
79.017136
78.726135
99.231918
98.062500
94.548782
89.574646
82.695435
75.964439
72.450722
70.693863
69.815430
69.667206
70.688416
71.709610
73.752007
76.090851
77.254822
79.149002
80.461189
81.334160
81.773376
80.900398
80.323875
79.450897
79.159904
79.308128
100.697792
99.528366
96.893074
90.892288
83.722084
77.573082
73.329155
70.693863
69.815437
69.227997
69.518990
71.270393
73.461014
76.090851
77.254822
78.858002
80.312958
81.185936
81.625153
81.339615
80.466637
80.032883
79.159897
79.599113
102.015434
100.994232
97.771507
91.918945
84.600517
77.573082
73.768372
71.133080
69.815437
69.227997
69.518990
70.831177
72.730804
75.360641
76.524612
78.418785
80.312958
81.185936
81.625153
81.482391
80.318420
80.032875
79.450890
79.450890
102.602875
101.285225
98.649940
92.067169
84.600510
78.451508
74.207581
71.572296
69.524437
68.936996
69.227997
70.391968
72.582581
75.651634
76.815605
77.979568
80.164734
81.185936
81.916145
81.191391
80.318420
79.884659
79.302673
79.302673
