132.826904
133.117889
131.948471
130.916351
130.180695
128.127396
126.809753
125.343887
123.729797
122.269386
121.692856
120.973549
119.963257
119.831390
118.963875
118.678329
118.101799
116.641388
114.445312
109.894035
104.903542
101.527138
99.473831
98.595406
132.826904
132.678680
131.800247
130.916367
129.741486
128.566620
127.100754
125.195663
123.729797
122.560379
121.544632
120.825333
120.402473
120.122383
119.254868
118.387344
117.953575
116.493164
114.148865
109.894035
104.903542
101.230690
98.886398
98.738174
132.826904
132.678680
131.800247
130.916351
129.302277
128.127396
126.513306
124.756454
123.433350
122.554924
121.248184
120.528885
120.106033
120.122383
119.254868
118.969322
117.953575
116.344940
114.000641
109.306595
104.607094
101.373466
98.880943
98.293503
132.826904
132.678680
131.800247
130.916367
129.302277
127.539963
125.925873
124.311783
122.988678
121.962029
120.946289
120.814423
120.539787
120.556152
119.836845
118.821106
118.096344
115.757507
113.704201
109.152924
104.162430
100.489578
98.727272
98.139832
133.266113
132.969666
131.800247
130.625366
128.572067
126.809753
125.047440
123.576126
122.538559
121.511909
120.935379
120.803513
121.264542
121.138138
120.270615
119.403084
117.799904
115.461060
112.529327
108.269035
103.860535
100.626900
98.425369
97.250496
132.969666
132.382233
131.503799
130.037933
127.984627
125.783104
124.311783
123.131454
122.093895
120.770798
120.337036
120.940834
121.841072
121.862885
120.995361
119.545853
117.794449
115.455605
111.936432
107.824371
102.976646
100.176773
97.975250
96.800369
131.943024
131.355591
130.477142
129.011276
127.106201
124.904671
123.433350
122.395798
121.649231
121.056335
120.622574
121.226372
122.126617
122.296646
121.577347
119.831398
117.789001
115.301926
111.639984
107.379707
103.410408
99.880333
98.260788
97.085915
129.884262
129.445038
128.714844
127.106201
125.640335
124.026245
122.412155
121.665588
121.061790
120.908112
120.326126
121.660133
122.560379
122.582184
122.011108
120.265152
117.635323
115.296478
111.634537
107.374252
103.404953
100.462318
98.700005
97.376907
127.386284
127.386292
126.365082
125.343887
124.174461
122.417603
121.242729
121.226372
121.061790
120.611664
120.908112
121.654678
122.845917
123.306946
122.587639
120.111481
118.069084
115.142799
111.480858
107.517021
103.547729
100.753311
98.990997
98.107117
125.184753
124.893768
124.311783
123.290581
122.708603
121.830170
120.655296
120.638931
120.913567
120.902664
121.050880
121.940216
122.840462
123.444260
122.724960
120.248795
118.206398
115.280121
111.475403
107.950783
104.277931
101.192520
99.721199
98.985542
122.697693
123.136902
122.554924
121.824715
121.533722
121.242729
120.507072
120.929932
121.204559
121.484650
121.923859
122.813194
123.707977
124.163559
123.444260
120.968094
118.486481
115.417435
112.342934
108.236320
104.711693
101.774506
100.599632
99.863968
120.512520
120.803513
120.655289
120.655296
120.946289
121.089058
120.935379
121.067245
122.077538
122.505844
122.945053
123.389725
124.718277
124.586411
124.158104
121.242737
118.909340
116.427727
112.771240
108.961075
105.293678
102.504715
101.478058
100.742401
118.327354
118.766571
118.761124
119.194878
120.358849
120.787155
121.511909
122.231216
122.511299
123.378815
124.257248
124.696465
125.437576
125.591255
124.575516
122.247574
119.623184
117.147026
113.490540
110.267815
106.166656
103.822357
102.356491
101.329842
116.433182
117.163391
117.597145
118.464676
119.332199
121.072701
122.088440
122.807739
123.823486
124.839233
125.421219
125.421219
126.008652
126.014114
125.289352
122.961418
120.337036
117.718109
114.649048
110.992569
107.478851
104.843559
102.943932
102.208267
116.142189
116.872398
117.597153
118.316452
119.914177
121.654678
122.961418
123.389725
124.405472
125.130234
126.003204
126.294189
126.585190
126.442421
125.130226
123.532501
121.204559
119.167610
116.395004
112.447525
108.500046
106.012978
104.552567
103.525917
116.724174
117.454376
118.179138
119.337646
120.205170
122.236664
123.543396
123.680725
124.696465
125.712212
126.145973
126.288742
126.579735
126.288742
125.267548
124.109032
122.511299
120.474350
117.849968
113.902489
110.251457
107.912605
106.012978
105.573761
117.888138
118.618347
119.491318
120.210625
121.226372
123.115097
123.982620
124.410927
125.278442
125.563988
126.436966
126.431511
126.722504
126.283295
125.849525
124.685562
123.966263
121.929314
119.156708
115.944885
112.293854
109.812241
107.912613
107.034180
119.343094
119.782318
120.364304
121.231827
122.686783
123.845299
124.421829
125.289352
125.278450
126.003204
126.288742
126.283295
126.426056
125.695847
125.844070
125.119324
124.839233
123.093277
120.759888
117.257080
114.193481
111.272652
109.521240
108.642815
120.655289
121.385498
121.528275
122.692238
123.707985
124.723724
125.300262
125.728577
125.865891
126.003204
126.436966
126.283295
126.277832
125.838623
125.695847
125.410309
125.124771
124.257248
122.220306
118.717491
115.653893
112.733063
111.129883
110.399673
122.697693
123.427902
123.131454
123.713440
124.877411
125.893150
126.326920
126.464233
126.453323
126.738861
126.145973
125.992294
125.986847
125.690399
125.399406
125.113869
125.124771
124.257248
122.659515
119.595924
116.532326
113.611496
112.299301
111.569099
123.861664
124.591866
124.591866
125.025627
126.046829
126.919800
126.914352
127.051666
127.188988
126.596092
126.442421
125.701309
125.547630
125.251183
124.960190
124.822876
125.124771
124.696465
123.098740
120.035141
117.119759
114.638153
113.325958
112.595749
125.613068
125.904053
125.904053
126.195053
127.216248
127.798233
127.501785
127.639114
127.046219
126.892540
126.151428
125.558533
125.256638
125.690399
124.520981
124.822876
125.124771
124.844681
123.537949
120.474350
117.410751
115.077362
114.204391
113.474182
126.343277
126.634270
126.634270
126.486046
127.655472
128.237457
127.941002
127.935555
127.485428
126.892540
126.299652
125.267540
125.256638
125.251183
124.520981
124.822876
125.124771
124.844688
123.537949
120.913567
117.558975
115.225586
114.204384
113.474182
126.486038
126.777039
126.777039
126.777039
128.094681
128.676666
128.089233
128.226547
127.633652
127.040756
126.008652
125.558533
125.256638
125.251183
124.081764
124.383659
125.415764
125.135681
123.828941
120.913567
117.558975
115.664803
114.643600
113.913391
