107.115974
106.967751
107.264198
107.412422
107.708862
107.126884
106.539444
104.782585
102.438293
99.654778
95.553619
88.970856
82.239853
75.948082
72.582581
70.682953
70.100967
70.100975
69.815430
70.699318
70.704765
71.588654
71.885101
72.033318
107.406967
107.258743
107.555191
107.703415
107.560638
107.417877
106.539444
105.073578
102.877502
100.093994
96.141060
90.288498
83.409286
77.117508
73.609238
71.413162
70.391968
70.540192
70.106422
70.551094
70.995758
71.440430
72.176086
72.324310
107.401520
107.401520
107.697960
107.697960
107.994408
107.999863
107.121429
105.803787
104.337921
101.850853
98.046143
91.754364
85.023369
78.731590
74.926888
72.879028
71.270401
70.831184
70.397415
70.402870
70.847542
71.583206
71.879646
72.027863
107.687057
107.829819
107.835281
108.274490
108.570938
108.428169
108.285400
107.994408
106.533989
104.925354
101.559860
95.268082
88.246101
82.245316
77.858620
74.784119
72.439812
71.270393
70.249191
70.106430
70.402870
70.990311
70.995758
71.434975
108.406357
108.406357
108.554581
108.851021
109.438461
109.734909
109.301147
110.036804
109.603043
108.439072
105.512794
99.517464
92.495476
86.055481
81.372330
77.858620
74.196678
71.852386
70.243744
69.952751
70.249199
70.397415
70.254646
70.254646
108.543671
108.834663
108.982887
109.279327
109.866768
110.602425
110.756104
112.227425
112.381104
112.243782
109.174728
104.057831
97.326836
91.035065
85.621712
81.081345
76.980194
73.609238
71.413162
70.973953
71.122169
71.561386
70.979401
70.540184
108.538216
108.829208
109.125656
109.713097
109.861313
110.596977
111.629082
113.100403
114.132507
114.143417
111.513580
106.835892
100.401344
94.548782
89.717415
85.325272
80.636673
76.974731
74.778656
74.191223
74.339447
73.900238
73.609245
73.170029
108.538216
109.268425
109.564873
110.004089
110.443306
111.030739
112.062843
113.825150
114.714493
115.455605
113.264984
109.026512
103.761391
98.348038
94.252335
89.711960
85.319817
82.388084
79.901016
79.313576
79.022583
78.874367
78.583374
78.144157
108.977432
109.416649
109.564873
110.295074
110.295074
111.321732
111.766396
113.967926
115.148254
115.889366
114.577179
110.629700
106.243004
101.856308
98.199821
94.246880
91.172379
88.388863
86.341011
85.314362
85.171593
84.584160
84.584160
84.144943
109.125656
109.564873
109.713097
110.443298
110.734291
111.321732
112.057388
113.671478
115.142799
115.735695
114.571724
111.502670
108.285400
104.486137
101.999069
99.221016
96.585724
94.098663
92.341797
91.611595
90.881386
90.442169
90.881386
90.002960
109.422104
109.861320
109.713097
110.443298
110.734291
111.321732
111.909172
113.084045
114.407135
115.291023
114.418045
112.227425
109.597588
106.676758
104.777130
102.147293
100.538658
98.930023
97.469604
96.739403
96.448410
96.009193
96.009193
95.278992
110.448761
110.448761
110.448761
111.178963
111.469955
111.618172
111.909164
112.496605
113.523254
113.967926
113.094955
111.634537
110.322342
107.840729
106.676758
105.364571
104.639816
103.766838
102.745636
102.311874
101.581665
100.851471
100.999680
100.560471
111.184410
111.184410
111.036194
111.184418
111.475410
111.475403
111.618179
111.766396
112.496605
112.496613
111.623627
110.602432
109.877678
108.274490
107.697960
107.560646
108.153534
108.016220
107.730682
107.296921
106.423935
105.693741
105.990173
105.990173
111.629082
111.480858
111.480858
111.920074
111.623627
111.623627
111.475403
110.887970
111.030731
110.882515
110.448753
109.866768
109.142014
108.417259
108.428169
109.169281
110.497833
111.387161
111.689064
111.112534
110.969765
109.657578
109.514801
109.954025
112.507507
112.359283
112.359283
111.920074
111.771851
111.771851
111.475403
110.448761
110.152313
110.004089
109.273880
108.840118
108.845566
108.708252
109.010147
110.338699
111.815475
112.704819
113.154938
113.605057
113.171295
112.007324
112.155540
112.012772
112.655731
112.507515
112.507515
112.068298
111.629082
111.480865
110.893417
110.305984
109.861313
109.273880
108.691895
108.549126
108.554581
108.560028
109.010155
110.777916
111.815475
112.995804
113.154938
113.605057
113.028526
112.594765
112.600212
112.600212
112.655731
112.507507
112.507507
112.068298
111.629082
111.189865
110.602432
110.014992
108.988342
108.400894
108.400902
108.258133
108.263580
108.560028
109.301147
109.751266
110.788818
111.238945
112.128281
112.578400
112.150085
112.155548
112.161003
112.309219
112.507515
112.507515
112.507515
112.068298
111.338089
110.898880
109.872223
109.433006
108.697342
108.258133
107.818916
107.676147
108.263580
108.269043
108.861931
109.163826
110.201385
110.212296
111.101624
111.842743
111.562653
111.716339
112.012779
111.579018
113.385941
112.507515
112.507515
112.068298
111.338089
110.898880
110.020447
109.142014
108.406357
108.115356
107.236931
107.676147
107.681602
108.269043
108.861931
108.724609
109.613953
110.064072
110.365967
111.403526
111.266212
112.155548
112.303772
112.600220
112.946724
112.507507
112.507507
112.068298
111.338089
110.898872
110.020447
109.581230
108.263588
107.533379
107.094162
107.094162
107.390610
107.247841
107.692505
108.285400
108.735519
109.328407
109.778534
111.546295
112.287415
112.880295
113.176743
113.621414
113.237717
112.798500
112.798500
112.359291
111.629082
111.338089
109.729454
109.142014
107.972595
107.681602
106.803169
107.242386
107.099617
106.956848
107.110519
107.846184
108.148079
109.180183
109.482086
111.540848
112.721176
113.753281
114.340714
114.785385
113.528709
113.089493
113.089493
112.359283
111.920074
111.338089
110.168671
109.290237
108.120819
107.242386
106.951393
106.951393
106.808624
106.665855
106.380318
107.115974
108.148079
108.592751
109.333862
111.683609
113.303162
114.626251
115.361916
115.219147
113.528709
113.089493
113.089493
112.359283
111.920074
111.338089
110.168671
109.290237
108.120819
107.390610
106.808624
106.808624
106.517632
106.374863
106.380318
106.676758
107.708862
108.592751
109.476631
111.535385
113.885139
114.917244
115.943901
116.240341
113.528709
113.089493
113.089493
112.359283
111.920074
111.338089
110.168671
109.290237
107.829826
107.099617
106.660400
106.660400
106.226639
106.083878
105.941101
107.115982
107.708862
108.444527
109.476631
111.974609
113.445923
114.917244
115.943893
116.240341
