111.721786
110.255920
107.472404
103.217575
97.354103
90.903198
85.775391
81.235023
76.546425
73.032715
71.709610
72.143372
73.455566
75.355194
75.646179
76.085396
75.942627
75.799858
75.508865
75.805313
75.662544
75.519775
74.937790
74.646797
111.870010
110.404144
108.202614
103.805016
97.502327
91.929855
86.362823
81.822449
77.133865
73.323700
72.148827
72.291588
73.894775
75.794403
76.085396
75.794403
75.942627
75.799858
75.508865
75.366096
75.223328
75.080559
74.789558
74.498573
112.748436
111.282570
108.790054
105.122658
99.259186
93.395721
88.119690
83.140106
78.160515
74.498573
73.027260
72.879028
74.191223
75.651634
75.942627
75.503410
75.942627
75.799858
75.508865
75.366096
74.784119
75.080559
74.789558
74.498573
114.214302
112.896660
110.695129
107.175964
101.751709
95.740021
91.051422
85.484390
80.356583
76.694649
74.493118
74.196671
74.778656
75.799858
75.651627
75.651634
75.799858
75.508865
75.069656
74.926880
74.784111
74.493118
74.202133
73.911133
116.267609
115.240959
113.039429
109.229263
104.974434
99.401955
93.983154
88.855347
83.140106
79.038948
76.398201
75.810768
75.514320
75.217865
75.508865
75.360641
75.069656
75.069656
75.217873
74.487671
74.344894
73.905685
73.905685
73.614685
118.172691
117.146042
115.092735
111.864555
107.757942
102.772903
98.084312
92.517288
86.362823
81.674240
78.742500
77.276627
76.540970
75.514320
75.075104
74.778656
75.217873
74.926880
74.926880
74.487663
74.196671
73.466469
73.905685
73.614685
118.611908
118.024467
116.410378
113.330421
110.250465
105.556412
101.016045
95.449020
88.855347
84.457741
80.647583
78.742493
77.128418
75.810760
75.075104
74.926880
75.075104
75.075104
74.635887
74.487663
74.196671
74.048454
74.048454
73.757462
118.463684
117.437027
116.849594
114.648064
111.568108
108.048935
103.360344
98.084320
92.078072
86.950256
82.991882
80.208366
77.715851
75.519775
74.784119
74.635887
74.635895
75.223328
75.075104
75.075104
75.075104
74.487671
74.778664
74.196671
117.728020
117.288811
116.262154
114.648064
112.594765
109.514801
106.143860
100.867821
95.152580
89.294556
85.336174
81.235016
78.742493
75.958992
74.493126
74.344894
74.932335
75.371552
75.371552
75.514313
75.514313
75.075104
75.657089
74.926880
116.992363
116.410378
116.262154
115.087280
113.621414
111.568115
108.636375
103.508568
97.793320
92.369064
87.389481
82.991875
79.329933
75.958992
74.493118
74.493118
74.641342
75.519775
75.519775
75.662544
75.953529
76.244522
76.096306
75.805313
116.404922
115.822937
116.113930
115.965714
115.087280
113.621414
110.689682
106.292076
100.576828
94.861588
90.172989
85.336166
81.086800
77.133865
74.789566
74.493118
74.641342
75.519775
75.519775
75.223328
75.953529
76.244522
76.678291
76.387299
115.965714
115.674721
115.965714
116.404922
116.553146
115.674721
113.330421
108.932816
103.508568
97.354103
92.665512
87.389481
82.552666
78.160515
75.958984
75.080551
74.641342
74.641342
74.493118
75.223328
75.805313
76.535522
76.678284
76.387291
115.230049
115.526497
115.817490
116.844139
117.728020
117.728020
115.822945
111.573563
106.149307
100.725052
95.597244
89.882004
84.457748
79.917374
76.546417
75.371552
74.202126
74.202133
74.053909
74.635895
75.657089
76.387299
77.117500
77.117500
114.642616
114.790833
115.230049
116.844139
118.754677
119.193893
117.876244
113.626869
109.081047
103.365799
98.089767
92.665512
86.950256
82.113449
78.303284
76.249977
74.493118
73.762917
73.757462
74.487663
75.948082
76.826508
77.117500
77.117500
112.885750
113.033974
113.912407
116.256706
118.606453
120.072319
119.051117
115.680176
111.134346
106.297531
101.021500
95.597244
89.733772
84.457748
80.499359
77.715836
74.932343
73.614693
73.170029
73.609230
75.508865
76.387299
76.678291
77.117500
110.689682
111.128891
112.446541
115.087280
118.167236
120.363312
120.072319
116.997818
113.478645
108.641830
104.244225
98.528976
92.517296
87.241257
82.404434
79.033493
76.249985
74.196671
73.170013
73.900230
75.217873
75.657089
76.387299
76.535515
107.906174
108.345383
110.250465
113.182205
116.992363
119.775879
120.363312
118.167236
114.944511
110.843353
107.175964
101.899925
95.888237
90.024765
85.627167
81.377792
77.419403
74.926880
73.021797
73.461014
74.487663
75.366096
75.366096
75.805313
104.831665
106.001083
107.466949
110.986122
115.526497
118.749222
119.924095
118.606453
116.262154
113.187653
109.668480
105.122658
99.110962
93.395721
88.701675
83.573860
79.028046
75.657089
73.461014
73.312790
74.196671
74.635895
75.075104
75.223328
101.317940
102.487366
104.392441
107.763397
113.182198
117.431580
119.188438
118.897446
117.288811
114.944511
112.012779
107.466949
102.481918
96.618446
92.072624
86.357376
81.081345
76.683746
74.339447
73.609238
74.344894
74.344894
74.493118
74.493118
96.338356
97.946991
99.852081
103.953232
109.959473
114.939056
117.870796
118.019012
117.728020
115.971161
114.357071
110.398682
105.704643
100.867821
95.882782
90.019318
84.155846
79.319031
76.244530
74.196671
74.493126
74.202126
73.620140
73.620140
91.649765
92.967407
95.459923
100.000305
106.297531
111.864555
115.235504
117.140587
117.728020
117.288811
115.822937
113.182198
109.075592
104.529762
99.544731
93.242043
86.939362
81.372330
77.419403
75.223320
74.202126
73.329147
72.889938
73.038162
88.427032
89.744675
92.237206
97.216782
103.662239
109.959473
113.769638
115.822937
117.288811
118.167236
117.140587
114.648071
111.419884
107.022285
102.476456
95.734558
89.283653
82.986420
78.737045
75.519775
74.498581
73.186378
72.016960
72.016960
86.521957
87.839600
90.041130
95.459930
102.196373
108.641830
113.330421
115.383728
117.728027
118.315460
118.167236
115.965714
112.737534
108.488152
103.942329
97.491425
90.749519
83.864853
79.324486
75.958984
74.498581
73.186378
72.016960
72.016960
85.352531
86.521957
89.162689
95.020721
101.466171
108.202614
112.451988
115.383728
118.167236
118.606453
118.315460
116.553146
113.764183
109.366585
104.820755
97.639648
90.897751
84.013077
79.911926
76.398209
74.498581
72.895386
71.725967
71.725967
