115.224594
114.785378
114.346169
113.176750
112.007324
111.716331
112.155548
115.669266
118.743774
121.527283
121.966492
119.479431
115.965714
112.748436
111.870010
112.309219
112.896667
114.214310
115.240952
116.564056
118.178146
119.062027
119.649467
120.527893
115.663811
115.224594
114.494392
113.615959
112.885757
111.864555
112.303764
115.817490
118.891991
121.818275
121.818275
119.479431
115.674713
112.748444
111.870010
112.309219
113.335876
114.214310
115.680168
116.564056
118.178146
119.501244
119.649467
120.088676
116.399475
115.521042
115.372818
114.203400
113.473190
112.742981
113.182198
116.256706
119.331207
121.527283
121.527283
119.479431
116.113937
113.187653
112.748436
112.748444
113.775085
115.092728
116.119385
117.442482
119.056580
119.501244
120.527893
120.818886
117.574348
117.135132
116.695923
115.526497
115.235504
114.796288
114.796288
117.283356
119.040215
121.236290
121.236290
119.040215
116.992363
114.505295
113.626862
114.066086
115.092728
116.410378
117.288803
118.320908
119.935005
120.818886
121.406326
121.406326
118.897446
118.310013
118.458229
117.579803
117.140587
116.701370
117.140594
118.019012
119.775871
120.654305
120.506081
119.479431
117.431580
115.383728
115.235504
115.822937
116.410385
117.728027
118.754669
119.638557
121.104424
121.697311
122.575745
122.575745
120.511536
119.633102
119.633102
119.193893
119.193893
118.315460
119.045670
119.484879
119.924095
120.215088
119.627655
119.040215
117.579803
116.701370
116.553146
117.140587
118.167236
119.484879
120.511536
121.395416
122.131073
123.014961
123.454178
123.454178
120.807983
120.368767
120.807983
120.220543
120.368767
119.781326
120.072311
119.633102
119.633102
119.484879
119.045670
118.458229
117.728027
116.701370
116.701370
117.728027
119.045670
120.363312
121.538193
122.273849
122.570290
123.305954
123.745171
123.454178
121.104424
120.665207
120.956200
120.516991
120.956207
120.956207
120.807983
119.929550
119.342117
118.902901
118.315460
118.167236
117.288811
116.849594
117.288803
118.463684
119.781326
121.098969
122.125626
122.422073
123.157730
123.745171
124.036163
123.745171
120.522438
120.665207
120.813431
120.665215
121.104424
121.104424
121.247192
120.516991
119.051117
118.172691
117.294258
117.146042
116.997818
116.997818
116.997818
118.172691
120.077774
121.543640
122.422073
123.009506
123.305954
123.596947
123.596947
123.305954
120.083229
119.935005
120.374222
120.665215
121.543640
121.691864
121.247192
120.077774
119.051117
117.294266
116.855049
116.706818
115.828392
116.706825
116.706825
118.320915
119.786781
121.400871
122.570290
122.570290
122.866737
122.718513
123.157730
122.866737
118.326370
118.908348
119.347565
119.638557
120.665215
121.104424
120.807983
119.929550
118.463684
116.855049
115.828392
115.828392
115.240959
115.828392
116.119385
117.442482
119.347565
120.670662
121.840088
121.840088
121.988312
121.400871
121.840088
121.400871
116.124840
116.415833
117.294266
118.315460
119.342117
120.072319
119.924095
119.193893
117.288803
116.119385
115.092735
114.653519
114.214310
114.362526
114.362526
115.828392
117.590706
119.204796
120.083229
119.644012
120.083229
119.204796
119.495789
119.056572
114.214302
114.214310
114.653519
116.113937
117.579803
118.749222
119.040215
118.161789
116.992363
115.526489
114.505295
113.626862
113.039429
112.309219
112.896660
114.362526
115.976616
117.008720
117.738930
117.738930
117.299713
116.712280
116.712280
116.712280
111.573563
112.012779
112.891205
114.351624
116.256699
117.865341
117.865341
117.865341
116.547699
115.378273
114.208847
113.330429
112.594772
111.282570
111.870003
113.335876
114.949966
115.833847
116.273064
115.982071
115.394630
114.955414
114.516205
114.955414
110.107704
110.398689
111.277115
113.033981
115.230049
116.838692
117.277901
117.717117
116.986908
116.108475
115.378273
114.060631
113.473190
112.012772
112.160995
113.335876
114.510757
115.246414
115.394630
115.103638
114.516205
113.637772
114.076996
113.637772
108.493607
108.641830
109.520256
111.716339
114.351624
116.547699
117.865341
118.743767
118.013565
117.865341
117.283356
116.256699
115.230049
114.060623
114.208847
114.944511
115.828392
116.273064
116.273064
115.982071
114.955414
114.225220
114.225212
113.785995
107.175964
107.324188
108.641830
110.546913
113.769638
116.695915
118.600998
119.479431
119.479431
120.357857
119.627647
119.040215
118.013565
117.135132
116.695915
116.701370
117.585251
117.442482
117.590706
116.860504
115.982071
115.251862
114.812645
114.812645
106.445747
107.033195
108.350838
110.695129
113.917862
116.701370
118.897446
120.215088
121.093521
121.823730
121.823730
120.797073
120.066864
119.479431
118.600998
118.019012
118.754677
118.760124
118.469139
117.738930
117.008713
116.130295
115.839302
115.691086
107.763397
108.790054
110.107697
112.012772
114.796295
117.728027
119.484879
121.241745
121.971954
122.559387
122.411163
121.823730
120.945297
120.066864
119.918640
119.045670
119.781326
119.638557
119.347565
118.617363
117.887154
117.596161
117.305168
116.717735
111.716339
112.303772
113.033981
115.087280
117.431580
119.336655
120.802528
121.680954
122.120171
122.559387
122.268394
121.093521
120.215088
119.775871
119.336662
119.193893
119.929550
120.077774
120.374222
119.934998
119.353020
118.622818
118.622818
118.622818
115.960258
116.399475
117.277901
118.013565
119.918640
121.093521
121.971947
122.268394
122.120171
121.389961
121.098976
119.924095
119.193893
118.897446
118.606453
119.193893
119.929550
120.516991
120.961655
120.522438
120.379669
119.940460
119.940460
119.649460
119.473976
119.473976
120.352402
120.648849
121.675507
122.411163
122.559387
122.707611
121.829178
120.659760
120.659760
119.484879
118.315460
117.876244
118.463684
119.051117
119.929550
121.104424
121.840088
121.400871
121.258102
120.967110
120.967110
120.967110
121.230835
121.521828
122.109268
122.405708
122.993149
123.289597
123.437820
122.707611
121.829178
120.659760
119.781326
119.193893
118.024467
117.585251
117.733475
119.051125
120.077774
121.543640
121.840088
122.279297
121.845535
121.845535
121.845535
121.845535
122.109268
122.109268
122.548477
122.405708
123.432365
123.289597
123.437820
122.707611
121.829178
120.368767
119.929550
118.902893
118.315460
117.585258
118.024467
119.051125
120.225998
121.252647
122.279297
122.279297
122.136536
121.845535
121.993759
121.845535
