110.179581
109.888580
109.306595
108.730064
107.566101
106.550346
105.968369
106.555801
106.704025
106.704025
105.238159
103.624069
101.718987
99.808456
98.930023
99.660233
100.099442
100.538658
100.977875
101.417091
102.004532
102.591965
103.322166
102.882957
109.888580
109.597588
109.015602
108.290848
107.126884
106.111130
105.529152
106.116592
106.264809
106.264816
105.238159
103.772293
102.009979
100.395889
99.517464
99.369232
100.247665
100.538658
101.126099
101.856308
102.152748
102.591965
103.031181
103.031181
109.449364
109.158371
108.576385
107.851639
106.687668
106.111130
105.529152
106.116592
105.825592
105.825600
105.238159
103.772293
102.158203
100.983330
100.104897
99.956680
100.395889
100.835106
101.126099
101.713531
102.152748
102.300972
102.740189
103.179398
109.015602
108.576385
107.994408
107.121429
105.957458
104.793495
104.211510
104.798950
104.947166
105.534607
104.798943
103.920517
103.184860
101.570770
101.131546
100.983322
101.131546
101.422546
101.570763
101.861755
102.449196
102.449196
102.888412
103.327621
107.555191
107.264198
106.682220
105.661011
104.788040
103.475845
103.333076
103.481300
104.068741
104.656174
104.507957
104.068741
103.920517
102.893860
102.745636
102.597412
102.306427
101.867210
101.867218
101.867203
102.597420
102.745644
102.745636
102.745636
106.682213
106.242996
105.661018
104.639816
103.766838
102.745644
102.454651
102.163651
103.190308
103.777740
103.777748
104.216965
104.216965
104.068741
104.211502
103.629524
103.190308
102.602875
102.163658
102.163651
102.454651
102.893860
102.893867
102.602875
106.100235
105.661018
105.079025
103.761383
103.327621
102.306427
102.015434
102.163651
102.751091
103.338531
103.777748
104.216965
103.925964
104.507950
104.507950
104.216965
103.777740
102.899323
102.460098
102.460098
102.602875
102.311874
102.163658
102.311882
105.957458
105.809235
105.227249
104.057831
103.036629
102.015434
101.724442
101.724442
102.020889
102.020889
102.899315
103.047539
103.486755
104.365189
104.216965
103.925972
103.486755
103.486755
102.608322
102.020889
102.020889
101.872665
101.872665
101.724442
106.105682
105.957458
105.375473
104.206055
103.184853
102.454651
102.015434
101.433449
101.433449
101.581673
101.878113
102.169113
102.756546
103.634979
103.634972
103.634979
103.634979
103.486755
102.756546
102.460098
101.581665
101.433441
100.703247
100.994232
105.814690
105.666466
105.084488
104.206055
103.184860
102.454651
102.015434
101.433449
101.142456
100.703239
100.999687
101.729897
101.878120
102.756546
103.195763
103.195763
103.195763
103.634979
102.756546
102.460098
101.142456
100.994232
100.555016
100.406799
105.671921
105.523697
104.941711
104.502502
103.481300
102.751099
102.311874
101.433449
101.142456
100.703239
100.999687
100.851463
101.878113
102.317329
102.608322
103.047539
103.195755
103.634979
102.756546
102.899315
101.142456
101.285225
100.846016
100.406792
105.523697
105.375481
104.793488
104.502502
103.481300
102.751091
102.311874
101.581673
101.290680
100.851463
100.999687
101.142456
101.581673
102.460098
102.460098
103.338531
103.338531
103.777740
103.338531
103.190308
102.602875
102.454651
102.015427
102.306427
105.084488
105.375473
104.354279
104.502502
103.772293
103.190308
102.608322
102.020889
101.729889
101.142456
101.290680
101.142456
101.872665
102.311882
102.602875
103.042084
103.042084
103.772293
103.772293
103.772293
103.624069
103.915062
103.915070
103.766830
104.645264
104.936256
104.354279
104.502502
103.920517
103.338531
103.047539
102.608322
102.169106
101.581673
101.581673
101.433449
102.015434
102.306427
102.597420
103.184853
103.184853
103.475845
103.915062
104.354279
104.936264
105.375473
105.375473
105.227249
104.063286
104.354279
103.772293
103.920517
103.920517
103.338531
103.047539
102.608322
102.169106
101.581673
101.581673
101.433449
102.015434
102.306427
102.597420
102.888412
103.766838
103.618622
104.497047
104.936264
105.518250
105.957458
105.957458
105.957458
103.772293
104.063286
103.920517
103.920517
103.920517
103.338531
103.047539
103.047539
102.460098
102.163658
102.163658
102.163658
102.306427
102.597420
102.888412
103.179398
103.909607
104.200600
104.639816
105.079033
106.100227
106.100235
106.539444
106.539444
103.629524
103.920517
103.629524
103.629524
103.481300
103.190308
103.338531
103.190308
102.602875
102.602875
102.602875
102.454651
102.597420
102.888412
102.888412
103.470398
104.052383
104.343369
105.073578
105.512794
106.533997
106.533989
106.682220
107.412422
103.338531
103.629524
103.629524
103.777740
103.190308
103.190308
103.190308
103.481300
102.893860
103.184853
103.184853
103.184860
103.036629
103.327621
103.327621
103.761383
104.343369
104.634361
105.655563
105.655563
106.676758
106.824982
107.115982
107.264198
103.338531
103.338531
103.338531
102.899315
103.190308
103.190308
103.190308
103.481300
102.893860
103.184853
103.184853
103.184860
103.036629
103.327621
103.327621
103.761383
104.634361
104.925354
105.507339
106.237549
106.676765
106.967758
107.406967
107.406967
103.338531
103.338531
103.338531
103.338531
103.190308
103.481300
103.481300
103.481300
103.333076
103.624069
103.624069
103.624069
103.475845
104.057831
104.057831
104.200600
105.073578
105.655563
105.798332
106.089325
106.528542
106.967758
106.967758
107.406967
103.190308
103.190308
103.190308
103.338531
103.481300
103.042084
103.042084
103.333076
103.624069
103.624069
103.624069
103.475845
103.327621
103.909607
103.909607
104.491592
105.364571
105.655563
105.798332
106.237549
106.528542
106.819534
106.967758
106.967758
103.190308
103.190308
103.190308
103.190308
103.333076
103.333076
103.333076
103.333076
103.624069
103.624069
103.624069
103.915062
103.766838
104.348824
104.348824
104.930809
105.512794
106.094780
106.237549
106.528542
106.528542
106.819534
106.819534
106.819534
103.190308
103.190308
103.190308
103.190308
103.333076
103.333076
103.333076
103.333076
103.624069
103.624069
103.624069
103.915062
103.766838
104.348824
104.348824
104.930809
105.512794
106.094780
106.237549
106.528542
106.528542
106.819534
106.819534
106.819534
103.190308
103.190308
103.190308
103.190308
103.333076
103.333076
103.333076
103.333076
103.624069
103.624069
103.624069
103.915062
103.766838
104.348824
104.348824
104.930809
105.512794
106.094780
106.237549
106.528542
106.528542
106.819534
106.819534
106.819534
