72.604401
72.456177
71.725967
70.852997
69.683578
68.371376
68.371384
68.810593
69.107040
69.546257
68.958817
67.053726
64.703987
63.380890
64.841293
67.185593
70.408325
74.948700
79.483612
85.187958
91.622498
95.718201
98.935478
100.253120
72.456177
72.307953
71.725967
71.143982
70.122787
69.101585
69.101593
68.958809
69.546249
69.985466
68.958817
67.635712
64.994972
64.111084
65.132294
67.915802
71.429527
75.969887
80.362045
86.505592
93.088364
96.744858
99.671135
101.279770
72.598938
72.450729
71.868744
71.577744
70.704773
69.831787
69.980011
70.419228
71.006668
71.445877
70.419235
68.805145
66.307159
65.862503
66.592712
69.667213
73.329147
78.017746
82.700890
88.701668
94.702454
99.237373
101.872665
103.190308
72.297043
72.148819
72.006058
71.572296
71.429520
71.583206
71.292206
71.879639
72.027863
72.467079
71.731415
69.969109
67.910355
67.317459
68.486885
72.148827
76.398201
81.817001
86.357368
93.093826
98.951836
103.343987
105.979279
107.445145
72.286148
72.286148
72.143372
72.588043
72.741714
73.334595
73.631050
73.779274
73.927490
74.218491
73.773819
72.302498
70.243744
69.502632
71.550484
75.503410
81.070435
86.494690
91.331512
97.925186
103.788651
108.477249
111.260757
112.435631
73.153656
73.301880
73.307343
74.191223
74.932343
76.403656
76.700104
77.144775
77.583984
77.874977
76.991089
75.371552
73.894775
73.592880
75.931725
80.181099
85.896347
91.468826
96.893082
103.343979
109.064682
113.610504
116.103027
117.277901
75.931717
76.228165
76.963821
77.995941
79.176262
81.086800
81.240471
82.267128
82.267128
82.558121
82.113449
80.493904
79.456345
78.715240
81.202301
85.451683
91.018700
96.300186
101.433456
106.714935
111.853653
115.960258
117.870796
119.336662
81.350517
81.789734
82.382629
83.705719
85.473495
87.384026
88.267914
89.003571
89.442780
89.733772
89.728317
88.257004
86.928452
87.065773
88.235191
92.045357
96.882172
101.137001
105.100845
109.652115
113.324966
116.553146
118.315460
118.611908
88.086967
88.383415
88.828087
90.590393
92.358162
94.707916
95.740021
96.766670
97.645096
97.936089
98.078857
96.898529
96.157417
95.564529
96.882172
99.374687
102.454651
106.270264
108.477249
111.853653
114.208847
116.267609
117.151489
117.447937
94.389656
94.977089
95.421753
97.623283
99.539276
101.449806
103.063904
104.090546
104.968979
105.259972
105.111755
104.958069
103.486755
103.333076
104.359726
105.973816
108.175346
110.673325
112.001869
113.473190
114.801743
115.833847
116.278519
116.135742
99.962128
100.549561
100.994232
103.486755
105.254517
107.604263
108.488152
109.514801
110.245010
110.826996
110.826996
110.382324
109.350220
108.614563
109.201996
110.525101
112.139183
113.758728
114.790833
115.383728
115.685623
116.130295
116.135742
116.135742
105.688278
106.423943
106.720383
109.064682
110.684227
112.446541
113.330421
114.060631
114.642609
114.933609
114.933609
114.637161
113.753273
113.165840
113.462288
114.637161
115.372818
116.844139
117.437027
117.146042
116.712280
117.008728
116.426743
116.426743
111.123444
111.710876
111.859100
113.912407
114.944511
116.997818
117.585251
118.315460
118.167236
118.310005
118.161789
117.722572
116.695915
116.108482
116.256699
116.992363
117.876244
119.199341
119.056572
118.617355
117.738937
117.738930
117.008728
117.008720
115.092735
115.680176
116.267609
117.585251
118.469139
119.644012
120.083221
120.516991
120.659760
120.511536
119.924103
119.924095
118.754677
118.463684
118.024467
118.908348
119.353020
120.379669
120.527893
119.501244
118.326370
118.617355
117.299713
118.029922
117.590706
118.029922
118.178146
119.495789
120.231445
121.258102
121.258102
121.252647
121.543640
121.247192
120.807983
120.807983
120.077774
119.786781
119.786781
119.940453
120.676117
121.702766
120.972565
120.527893
119.062027
119.056580
118.178146
118.029922
117.887154
118.326370
118.326370
119.204796
119.501244
120.231445
120.670662
120.374222
120.516991
120.368767
119.929550
120.516983
119.786781
119.935005
120.083229
120.527893
120.824341
121.411774
121.411774
120.676117
119.501244
119.353020
118.765579
118.765579
117.299713
117.447937
117.738930
118.326363
118.035370
118.326370
118.617355
118.029915
118.611900
118.463684
118.172691
119.051132
118.760132
119.347565
119.495789
119.940460
120.236900
121.115334
120.824341
120.385124
119.797684
119.649467
119.062027
119.501244
116.712280
116.273064
116.712280
116.421280
116.130295
115.982071
116.564049
115.833847
116.415833
116.558609
116.558601
117.585251
118.172684
118.760132
119.056572
119.792236
120.088676
120.236900
120.385124
120.236900
120.236900
120.236900
120.088676
119.797684
116.273064
116.273056
115.833847
115.542862
115.103638
114.955421
115.246414
114.658974
115.389191
115.680168
115.680176
116.706818
117.294266
118.760132
119.056572
119.792236
120.088676
120.236900
120.385124
120.533348
120.533348
120.385124
120.676117
120.676117
115.833847
115.685623
115.685623
114.955414
114.076988
113.928764
114.219757
114.219757
114.362526
114.653526
115.531952
116.119385
117.146042
118.172691
118.617355
119.792236
120.088676
120.676117
120.972565
120.972565
120.972565
121.263557
121.263557
121.702774
115.685623
115.246407
115.246414
114.807198
113.928772
113.780540
113.050339
113.341324
113.923317
114.066078
114.653526
115.680176
116.706818
117.733475
118.617355
119.792236
120.676117
120.824341
121.850990
121.850990
121.559998
122.290207
121.850990
121.850990
115.685623
115.537399
114.807190
114.367981
113.341331
112.902107
112.462898
113.193108
113.335876
114.066078
114.505295
115.240959
116.558601
117.294266
118.617355
119.792236
120.527893
121.411774
121.999214
121.999214
121.999214
122.290207
122.290207
122.581200
115.537399
115.098190
114.658974
114.219757
113.341331
112.462898
112.462891
112.753891
113.335876
113.626869
114.505295
115.092743
116.410378
117.294266
118.469139
119.792236
120.676117
121.411774
122.438431
122.438431
122.438431
122.729424
122.729424
122.729424
115.537399
115.098190
114.658974
114.219757
113.341324
112.462898
112.023682
112.314674
113.187653
113.478645
114.066086
115.092728
116.119385
116.855049
118.469131
119.792236
121.115334
121.411774
122.877647
122.877647
122.877647
123.168640
123.168640
123.168640
