105.270882
104.540672
103.656784
100.582291
96.920334
94.136833
90.474892
87.696831
83.892120
80.965836
78.917984
77.600342
76.282700
75.256042
75.695259
76.134476
77.303902
78.182327
79.060760
79.790962
79.939178
79.939178
79.939178
79.939178
105.710098
104.979889
104.095993
101.608940
98.237984
94.576050
91.501541
88.575264
84.331337
81.844269
79.505417
77.748566
76.721909
75.695259
75.695259
76.573685
77.743118
78.621536
79.060760
79.790962
79.939178
79.939178
79.939178
79.939178
107.466949
106.736748
105.561874
103.074799
99.555634
96.332901
92.819183
89.892906
86.088196
82.722702
81.114059
78.917984
78.039558
76.573685
76.573685
77.012901
77.743118
78.621536
79.060760
79.790962
79.939178
79.939178
79.939178
79.939178
110.398689
109.520256
108.054382
105.710098
102.630135
99.116425
95.893692
92.379974
88.575256
85.357986
82.870926
80.674850
79.357208
77.891327
77.452126
77.891342
78.912537
79.499969
79.499969
80.230179
79.939178
79.499969
79.499969
79.499969
114.060623
113.473190
111.716331
109.372040
106.440300
102.630135
99.407410
95.602692
91.358780
88.284271
85.648987
83.013687
81.114059
80.087418
79.208984
79.208984
79.939186
80.521164
80.521164
80.230179
80.081955
79.790970
79.790970
79.351746
116.992363
116.844139
114.939056
113.033981
110.102234
106.583069
103.360344
99.116417
95.163483
91.797989
88.723480
85.797195
84.040344
82.722702
81.405045
80.817612
81.108612
80.960388
80.960388
80.669388
80.081955
79.351746
79.351746
78.912537
118.897446
118.310013
116.553146
114.939056
112.446533
109.075592
106.292076
102.339142
98.677200
95.311707
91.797989
89.162697
86.675636
84.918777
83.161911
82.135262
81.987038
81.399597
80.960388
80.669388
80.081955
79.351746
79.351746
78.912537
119.193893
118.754677
117.437027
116.113937
114.208855
111.128891
108.784592
105.561874
101.899933
98.825424
95.163483
92.528198
90.041122
87.405846
85.648972
83.892120
82.574478
81.547821
80.230179
79.939178
79.203522
78.912537
78.473320
78.034103
118.760132
118.029922
117.294266
116.267609
114.801743
112.600220
110.546906
108.054390
105.413651
102.630135
99.555634
96.332909
93.697617
90.332123
88.136047
85.648979
83.743896
81.547821
80.378403
79.499969
78.912537
78.182320
77.743103
77.303894
117.738930
117.299713
116.860497
116.415833
115.537399
113.923309
112.309219
110.546906
108.636375
105.852859
103.508560
100.137619
97.211334
93.406631
90.771332
87.696823
84.770554
82.574471
80.526619
79.208969
78.182320
78.182320
77.743103
77.303894
116.860497
116.569504
116.421280
116.124840
116.124840
114.658974
113.923309
112.600212
110.980675
108.927368
106.143852
103.360352
100.285843
96.041916
93.406631
90.041138
86.966629
84.040344
81.844269
80.087410
79.060745
78.621536
77.743103
77.303894
115.685623
115.833847
115.833847
115.685623
115.833847
115.685623
115.098190
114.214302
113.182198
111.568108
109.075592
106.292076
103.217575
99.264648
96.629349
93.115631
89.310921
86.236420
84.188568
81.992485
80.378403
79.499969
78.621544
78.182327
114.362526
114.510750
114.801743
115.098190
115.685623
115.833847
115.976616
115.389183
114.505295
113.769638
111.716331
108.932823
105.858315
102.635590
99.852081
96.047363
92.824638
89.310921
87.114845
84.188568
82.135262
80.817612
79.499969
79.790970
112.160995
112.600212
112.748436
113.632324
114.658974
115.833847
116.124840
116.124840
115.828392
115.383728
114.208855
111.425339
108.499054
105.419098
102.635590
99.270096
96.338356
92.824646
90.337570
86.823853
84.622330
83.013687
80.817619
81.108612
108.932816
109.520256
109.959473
110.991577
113.044884
114.955414
115.685623
116.124840
116.706825
116.558601
115.383728
113.478645
110.843353
108.350838
105.567322
102.492821
99.270096
95.756378
93.412071
89.459137
86.675636
84.918777
83.452896
83.013687
104.386993
105.413651
105.852859
107.763397
110.404144
113.044884
114.510750
115.828392
116.706825
116.997818
116.849594
115.092735
113.187653
110.986122
108.790054
106.154770
102.932030
99.857529
96.783020
93.269302
90.189346
87.993279
86.236420
85.797195
99.544724
100.132164
101.307037
103.656792
107.324181
110.404144
112.896660
114.362526
116.119385
117.146042
117.437035
116.558601
115.383728
113.478645
111.573563
109.525711
106.593979
103.958687
100.444962
97.370468
93.560303
90.925011
89.019936
88.289719
94.268700
95.295349
96.909439
99.989388
103.656792
107.763397
110.255920
113.187653
115.240952
116.855049
117.876244
117.585251
116.849594
115.383728
114.066078
112.309219
109.964928
107.620628
104.255135
100.741409
96.931252
93.856750
92.242653
91.512451
90.162094
90.897743
92.951050
95.882782
99.846626
104.535217
107.763397
111.134346
113.775085
115.828392
117.146042
118.024467
118.024467
116.997818
116.410378
114.801743
112.748436
110.552368
107.768852
103.964142
100.593185
97.079475
96.052826
94.735176
85.621712
86.209152
88.553452
91.194191
95.300797
100.137619
103.805008
107.324181
111.134346
113.775093
116.119385
117.585251
118.172691
118.172691
117.733475
116.855049
114.949966
113.044884
110.700592
107.626083
104.694351
101.619843
100.593185
99.423767
81.520561
82.547211
84.161301
87.093033
91.051422
95.740005
99.846619
103.514015
107.911621
111.430786
114.214310
116.267609
117.881699
118.908356
118.469131
118.029922
117.003265
115.537399
113.193100
110.848808
108.356293
105.281784
104.403351
103.524918
78.885262
79.763702
81.377792
84.309525
88.119690
92.517288
96.623901
101.021500
105.567322
109.816704
112.896660
115.537399
117.590706
119.056572
119.204796
119.204796
118.617355
116.855042
115.389175
113.044884
110.848808
108.504509
107.186859
106.747650
76.980194
77.858620
79.472710
82.404449
86.214600
90.463982
95.009811
99.407410
104.392448
108.499054
112.018234
114.807198
117.590706
119.204796
119.501244
119.792236
119.204796
117.590706
116.415833
114.071533
112.605667
109.970375
109.091949
108.504517
76.392746
76.689194
78.594269
81.377792
85.478943
89.585556
94.131378
98.528976
104.101456
108.059845
111.870010
114.658974
117.590706
119.353020
119.940460
119.940453
120.083229
118.320915
116.855049
114.949966
113.193108
110.848801
109.970383
109.970383
