75.228775
77.282082
80.795807
87.971466
96.025551
104.667084
109.943115
114.637161
116.547691
117.283356
115.526497
110.832451
104.085098
97.194977
92.061714
86.791138
82.838196
79.033493
75.958984
74.789566
73.620148
73.329147
72.011505
71.720512
74.937790
76.842865
80.647583
87.093033
95.586342
103.936874
109.064682
113.758728
116.547691
117.283356
115.965714
110.980667
104.672531
97.782417
92.797379
87.817795
83.425644
79.324478
76.398193
75.228790
74.059364
72.889938
72.159729
72.159729
74.498573
76.403656
80.065598
86.653824
94.416916
102.767456
107.895264
112.441086
115.817490
117.283356
115.965714
112.298317
106.138405
99.687500
94.702454
89.574646
84.743286
80.790359
77.276627
75.228790
74.498581
73.620148
72.450722
72.159729
74.355804
75.673454
79.187164
85.045181
92.369064
100.132164
105.699188
110.832451
115.230049
117.283356
117.135132
113.764183
108.921913
102.910225
98.073410
92.215393
86.796585
81.817001
78.303284
76.546425
74.937790
74.059357
73.180923
72.889938
73.916588
74.943237
78.017746
83.288322
89.882004
97.205879
102.772903
108.636375
114.060631
117.431580
118.600998
116.108482
112.292862
107.159607
102.322784
96.025551
89.728325
84.309525
79.769150
77.424850
75.667999
74.498573
73.620148
73.180931
72.895386
74.064804
76.996544
81.388695
86.955719
93.401176
98.968193
105.561874
112.303764
116.992363
119.040215
118.304558
115.224594
111.408981
107.159599
100.423157
93.099274
86.802040
81.674232
78.890717
77.133865
75.228775
74.789566
73.471924
72.895393
73.482826
75.827118
79.631836
84.029434
89.887451
95.454483
102.778358
109.811249
115.526497
118.304558
118.743767
117.568893
114.779930
110.530548
104.233315
96.909439
90.172997
84.605972
80.944031
78.160515
76.107208
74.789566
73.911133
72.456177
72.895386
75.387909
77.874977
81.245926
85.934525
91.792534
98.825424
107.318726
113.033974
117.277901
119.034760
119.034760
117.711662
114.340714
108.043480
100.867828
94.131378
88.416138
83.436539
79.478157
76.694649
74.789566
73.471924
72.456177
73.043610
74.070259
75.827118
78.610641
82.420799
87.548615
95.015266
103.217575
110.102242
115.372818
118.156334
119.913193
119.764969
117.859886
112.001869
104.974434
97.941544
92.083534
86.368286
81.240479
76.842873
74.498566
73.180931
72.456169
72.604393
73.631042
74.509476
75.975357
78.907082
83.886665
91.062325
100.285835
107.170509
112.732079
117.129677
120.352402
121.230835
119.913193
115.521042
108.784599
102.339142
96.332901
89.151794
82.997330
77.869522
74.937790
73.620148
72.895386
73.043610
73.191833
73.922043
74.657700
76.414558
80.954926
88.278816
96.914886
104.238770
109.657570
115.224602
119.034760
121.088066
120.648849
117.426125
111.716331
106.149307
100.143066
92.961960
86.220062
80.944023
77.133865
75.816223
73.334602
73.043610
73.482834
73.482819
73.191833
75.096916
78.758865
84.907867
93.252953
100.428612
106.286621
112.001869
116.838692
120.209641
120.797073
118.600998
114.499847
109.520256
104.244225
97.063118
89.881996
84.018524
80.499359
79.181717
74.213036
73.922043
73.922043
73.631042
73.191833
73.631042
76.853775
82.854561
89.591003
96.179230
102.037247
108.191704
113.912407
117.722572
119.188438
118.749222
116.113930
112.742981
108.345383
101.455261
94.125931
88.701675
84.743286
83.425636
75.091461
74.652252
74.652252
73.922043
72.752625
73.043610
75.678894
80.510269
86.220055
92.517288
98.375305
104.677986
110.250465
115.087280
117.579803
118.310005
117.579803
115.674721
111.568108
105.556419
98.227081
92.802834
89.135437
88.108780
75.969894
75.091461
74.652252
74.213028
72.456177
72.456177
74.361267
78.753410
83.584770
89.733780
94.861588
101.164268
107.175957
112.451996
115.822945
117.579803
118.458229
117.431580
114.642616
108.339928
101.740799
97.194977
93.824028
92.797371
76.409111
75.969894
75.382454
74.213036
72.895393
72.307953
73.773819
77.726746
81.827911
86.950272
91.787079
98.089767
104.392448
109.377487
113.187653
115.822937
118.019012
117.870789
116.547691
111.562653
105.550964
101.444359
98.512627
97.485970
76.700104
76.700104
75.969894
74.652245
72.895386
72.307953
73.334602
76.409119
79.631836
84.463196
88.712578
94.576050
100.730507
105.715546
109.964920
114.066078
117.140587
118.310005
117.574348
113.467735
108.921913
105.402740
102.910225
102.322784
77.578529
77.139313
76.700104
75.091461
73.186378
72.598946
73.186386
75.382462
78.314194
81.827911
85.786301
91.501541
97.068565
102.932037
107.329636
111.870010
115.383728
118.310005
118.452774
115.812035
112.292862
109.064682
107.598816
106.720383
77.578529
77.139313
76.700104
75.382454
73.625603
72.598938
73.186386
74.355804
76.557327
80.071045
83.590225
88.866257
94.433273
99.709305
104.546127
109.964920
114.066078
117.870789
119.040215
117.277901
114.346169
111.853653
110.826996
110.530548
78.456963
78.017746
77.578537
75.821671
74.064812
72.598953
72.747162
73.625595
75.091469
77.726761
80.954933
85.643524
91.210556
96.486580
101.614388
107.181412
112.309219
116.701370
118.310005
117.283356
115.817490
114.055176
113.615959
113.467743
79.335388
78.456955
77.578537
76.551880
74.064812
72.307953
72.307953
72.307953
73.773819
75.969894
78.610634
83.299225
87.987823
93.703064
98.830872
104.546127
110.552361
115.092735
117.728020
117.579803
116.701370
115.965714
115.526497
115.526497
79.774605
78.896172
78.017746
76.700104
74.504028
72.307953
71.868736
71.868744
72.456177
74.800476
77.144768
81.542374
85.791748
91.506996
97.074020
103.228485
109.234718
113.923309
117.288811
117.728020
117.437035
116.849594
116.849594
117.288811
79.774605
78.896172
78.017746
76.700104
74.504028
72.307953
71.868736
70.990311
71.868736
73.773819
76.266342
80.515717
84.913315
90.480347
95.756378
101.910835
108.356293
113.484100
116.997818
118.024467
117.585251
117.585251
117.876244
118.463684
79.774605
78.896172
78.017746
76.700104
74.504028
72.307953
71.868736
70.990311
71.720512
73.334602
75.827118
79.637283
84.034897
89.601913
94.877945
101.471619
107.917076
113.484100
116.706825
118.024467
118.172691
118.024467
118.172691
118.902901
