79.060760
79.060760
79.060760
79.499969
79.351746
79.499969
79.499969
78.769760
78.621536
78.330551
78.769775
78.917992
79.505417
81.410507
83.167374
85.950882
88.882614
92.396332
95.910049
100.741417
105.133560
108.356285
110.113152
110.843361
79.060760
79.060760
79.060760
79.499969
79.351746
79.499969
79.499969
78.769760
78.621536
78.330551
78.769775
78.917992
79.505417
80.971298
82.728149
85.950882
88.882614
91.957115
95.470833
100.302200
104.255127
107.768852
109.525711
110.404144
79.060760
79.060760
79.060760
79.499969
79.351746
79.499969
79.499969
78.769760
78.621536
78.330551
78.769775
78.917992
79.505417
80.971298
82.288940
85.072449
88.004181
91.078690
94.592407
98.984558
102.937485
106.451210
108.208061
109.377487
78.769760
78.769760
78.769760
79.499969
79.351746
79.060745
79.060745
79.060745
78.912537
78.621536
78.621536
78.769760
79.357208
80.823067
82.140709
84.485008
86.686539
89.321823
92.835541
97.227692
101.471626
104.694351
106.742203
107.620628
79.060745
79.060745
79.060745
79.060745
78.621536
79.351746
79.351746
78.621536
78.621536
78.621536
79.060745
78.621552
79.208977
80.235641
81.553284
83.167358
85.220673
87.416748
90.639465
94.883400
99.275543
102.641045
104.546120
105.424553
78.769760
78.769760
78.769760
79.060745
78.621536
78.912537
78.912537
78.912537
78.912537
78.912537
78.912537
78.912537
79.499969
80.087402
80.965836
82.140717
83.754807
85.220673
88.295174
92.687317
96.201042
99.566536
101.762611
102.641037
78.769760
78.769760
78.769760
79.060745
78.621536
78.912537
78.912537
78.912537
78.912537
78.912537
78.912537
78.912537
79.499969
79.208977
80.087402
81.262291
81.997940
83.463806
86.538315
90.343033
94.295959
96.931252
99.127327
100.005753
78.769760
78.769760
78.769760
79.060745
78.621536
78.912537
78.912537
78.912537
78.912537
79.351746
79.351746
79.351746
79.499969
79.499969
79.939186
80.383850
81.119514
82.146164
84.781456
88.146950
91.512451
94.586945
96.343811
96.783020
78.769760
78.769760
78.769760
78.330551
78.769760
78.330544
78.330544
79.060760
79.499969
79.499969
79.499969
79.351746
79.351746
79.060745
79.499969
79.357201
80.092865
80.680298
82.876373
86.099106
89.316376
91.512451
92.830093
93.417534
78.769760
78.769760
78.769760
78.330551
78.769760
78.330544
78.330544
78.769760
79.499969
79.939194
79.939194
79.499969
79.060760
79.060760
79.060760
78.917984
79.214432
79.801872
81.558731
84.194016
86.829300
88.877151
90.194801
90.634018
78.769760
78.769760
78.769760
78.330551
78.769760
78.330544
78.330544
78.769760
79.499969
79.939194
79.939194
79.499969
79.060760
78.621544
78.621544
78.039558
78.336006
78.923447
80.241089
82.437157
84.924225
86.681084
87.559509
87.998734
78.769760
78.769760
78.769760
78.330551
78.769760
78.330544
78.330544
78.769760
79.208969
80.087402
80.087402
79.208969
79.060760
78.182327
78.182327
78.478767
78.626999
78.923431
79.801865
81.410507
83.458359
84.924225
85.363434
85.802658
78.769760
78.769760
78.769760
78.478775
78.039558
77.748566
78.187782
78.626999
79.796417
80.235626
80.235626
79.357193
79.060760
78.182327
78.182327
78.039551
78.187782
79.214432
79.653641
80.532074
81.849716
83.606583
83.606583
84.045792
78.769760
78.769760
78.769760
78.478775
78.478775
78.187782
78.187782
78.626999
79.505432
79.944641
79.944641
79.066208
78.769760
77.891327
77.891327
78.039551
78.187782
78.775215
79.214432
80.092857
80.971283
81.849716
81.849716
82.288933
79.648193
79.648193
79.648193
79.357208
78.917984
78.187782
78.187782
78.626999
79.505432
79.944641
79.944641
79.066208
78.769760
77.891327
77.891327
78.039551
78.187782
78.775215
78.775215
79.214432
80.092857
80.971283
80.971283
81.410507
80.965836
80.965836
80.965836
80.383858
79.505432
79.066208
78.626999
79.066208
79.505432
79.944641
79.505432
78.626999
78.039558
77.161133
77.161133
77.309357
77.748566
78.187782
78.187782
78.626999
79.653641
80.092857
80.092857
80.532074
82.579926
82.579926
82.140717
81.262283
80.823074
79.653648
79.214432
79.214432
79.214432
79.214432
78.775223
78.336006
77.748566
76.870132
76.870132
76.870132
76.870132
77.748566
78.187782
77.896790
79.066208
79.505432
79.505432
79.505432
84.485008
84.485008
84.045792
82.728149
81.849716
80.532074
79.653648
79.653648
79.653648
79.214432
78.775223
78.336006
77.457573
76.579147
76.579147
76.579147
76.870132
77.309357
77.309357
77.748566
78.626999
79.066208
79.066208
79.066208
87.120300
86.681084
86.241867
84.924225
83.606583
81.849724
80.532074
80.532074
80.092865
79.214432
78.775223
78.336006
77.457573
76.579147
76.579147
76.579147
76.870132
77.309357
77.309357
77.748566
78.626999
79.066208
79.066208
79.066208
90.782242
90.343025
89.464600
87.268524
85.511658
83.315582
81.997940
81.410507
80.532074
80.092865
79.214432
78.626999
77.896790
77.457573
77.457573
77.457573
77.748566
77.600342
77.600342
78.039558
78.626999
79.066208
79.066208
79.066208
94.004974
93.126541
92.248108
90.052032
87.707733
84.781464
83.024597
82.146172
81.119522
80.092865
79.653648
79.214432
78.626999
77.748566
77.748566
77.748566
77.748566
78.187775
78.187775
78.187775
78.626999
78.626999
78.626999
78.626999
96.640259
95.761826
94.444183
91.957108
89.173607
86.247330
84.051254
82.585388
81.997948
80.971298
80.092865
79.505424
79.066208
78.626999
78.626999
78.626999
78.626999
78.626999
78.626999
78.626999
79.066208
79.066208
79.066208
79.066208
98.397118
97.518692
95.761826
93.274757
90.052032
87.125763
84.929688
83.024597
81.997948
80.971298
80.092865
79.505424
79.066208
78.626999
78.626999
78.626999
78.626999
78.626999
78.626999
78.626999
79.066208
79.066208
79.066208
79.066208
98.836334
97.957901
96.640259
94.153183
90.491257
87.125763
84.929688
83.463814
82.437164
81.410507
80.092865
79.505424
79.066208
79.066208
79.066208
79.066208
79.066208
78.626999
78.626999
78.626999
79.066208
79.066208
79.066208
79.066208
