108.482697
108.191711
108.482697
108.921913
109.212906
109.652122
109.652122
110.091339
110.382324
110.969765
110.969765
111.408981
111.408981
111.848190
111.848190
111.996414
112.435631
112.583855
113.171295
113.171295
113.023071
113.171295
113.171295
113.171295
108.482697
108.191711
108.482697
108.921913
109.212906
109.652122
109.652122
110.091339
110.382324
110.969765
110.969765
111.408981
111.408981
111.848190
111.848190
111.996414
112.435631
112.583855
113.171295
113.171295
113.023071
113.171295
113.171295
113.171295
108.482697
108.191711
108.482697
108.921913
109.212906
109.652122
109.652122
110.091339
110.382324
110.969765
110.969765
111.408981
111.408981
111.848190
111.848190
111.996414
112.435631
112.583855
113.171295
113.171295
113.023071
113.171295
113.171295
113.171295
108.921913
108.482697
108.921913
109.361130
109.652122
110.091339
110.091339
110.530548
110.821541
111.408981
111.408981
111.848198
111.408981
111.848190
111.848190
112.435631
112.874847
113.023071
113.171295
113.171295
113.023071
113.171295
113.171295
113.171295
108.773689
108.482697
108.773697
109.212906
109.652122
110.091339
110.091339
110.530548
111.260757
111.699974
111.699974
112.139183
112.139191
112.726624
112.726624
112.583855
112.583855
113.023071
113.171295
113.171295
113.171295
112.880302
112.880302
112.880302
109.212906
108.773689
109.212906
109.652115
110.091339
110.530548
110.530548
110.969765
111.699974
112.139191
112.139191
112.578400
112.287415
112.874847
112.874847
113.023071
113.023071
113.462280
113.171295
113.171295
113.171295
112.880302
112.880302
112.880302
109.212906
108.773689
109.212906
109.652115
110.091339
110.530548
110.530548
110.969765
111.699974
112.139191
112.139191
112.578400
112.287415
112.874847
112.874847
113.023071
113.171295
113.610504
113.319511
113.319519
113.467743
113.176743
113.176743
113.176743
109.503899
109.503899
109.943115
109.943115
110.821541
110.821541
110.821548
110.969765
112.287415
112.726624
112.726624
113.165840
112.874847
113.462280
113.462280
113.171295
113.319519
113.758728
113.758728
113.467743
113.615959
113.324966
113.324966
113.324966
109.943115
109.794891
110.382324
110.382324
111.112534
111.408981
111.408981
111.699974
112.726624
112.874847
112.874847
113.314064
113.314064
113.901505
113.901505
114.197945
114.197945
114.346169
113.906952
113.615959
114.055176
113.764183
113.764183
113.764183
110.234108
110.234100
110.821541
110.821548
111.551750
111.699974
111.699974
111.848190
112.874847
113.023071
113.023071
113.462280
113.462288
114.049721
114.049721
114.346169
114.346169
114.494392
114.494392
114.203400
114.642609
114.351624
114.351624
114.351624
111.112534
111.112534
111.112534
110.821548
111.551750
111.699974
111.699974
111.848190
112.874847
113.023071
113.023071
113.610504
113.610504
114.197945
114.197945
114.346169
114.346169
114.494392
114.494392
114.203400
114.642609
114.790833
114.790833
114.790833
110.821541
110.673317
111.112534
111.260757
111.699974
111.699974
112.139191
112.287415
113.314064
113.462288
113.462288
113.610504
113.610504
113.906952
113.906952
114.494392
114.494392
114.642616
115.081825
114.790840
115.230049
115.378273
115.378273
115.378273
111.112534
111.260757
110.821548
111.260757
112.139183
111.848198
112.287415
112.874847
113.462288
113.462280
113.462280
113.758728
113.758728
114.346169
114.346169
114.055176
114.494392
114.933609
115.081825
115.521042
115.669266
116.256699
116.256699
116.256699
111.260757
111.260757
111.260757
111.848198
111.848190
112.139191
112.578400
113.165840
113.901505
113.901505
113.901497
113.758728
113.758728
114.055176
114.055176
114.494392
114.933601
115.372818
115.960258
116.108482
116.838684
116.695915
116.695915
116.695915
111.557205
111.557205
111.408981
112.287407
112.287407
112.726624
112.874847
113.462288
113.901505
114.197952
114.197945
114.055176
114.055176
114.351624
114.351624
114.790833
115.230049
115.669266
116.256699
116.986908
117.865341
118.452774
118.452774
118.452774
112.583855
112.435631
112.435638
113.023071
112.874847
112.874847
113.314056
113.610512
114.049721
114.197952
114.197945
114.642609
114.642609
114.939056
114.939056
115.378273
116.108482
116.547691
117.574348
118.304558
118.891991
119.479431
119.479431
119.770424
113.171295
113.171295
113.171295
113.610504
113.901497
113.462288
113.901505
114.488937
114.488937
114.494392
114.785385
115.230049
115.230049
115.526497
115.674713
116.404922
117.431580
118.013565
118.891991
119.331207
120.209641
121.088066
121.088066
121.088066
113.906952
113.906952
113.906952
114.197945
114.488937
114.340714
114.340714
114.637161
114.785385
114.642609
115.372818
115.526497
116.113930
116.553146
116.701370
117.579803
118.458229
119.188438
120.066864
120.797073
121.675507
122.262939
122.262939
122.553932
114.785385
114.785385
114.494392
114.637161
114.488937
114.488937
114.488937
115.076378
114.933609
115.081825
115.960258
116.553146
117.140587
118.019012
118.315460
119.193893
119.633102
120.363312
121.241745
121.971947
122.850380
123.728806
123.728806
124.019798
115.372818
115.372818
115.372818
115.224594
114.637161
114.197945
114.637161
114.785385
115.372818
116.108475
116.695915
117.579803
118.315460
119.342117
119.929550
120.956207
121.395416
122.273849
122.713066
123.443268
124.173477
124.612694
124.612694
124.903687
116.251251
115.960251
115.812035
115.224594
114.785385
114.346169
114.197945
114.785385
115.521042
116.547691
117.283356
118.167236
120.072319
120.807983
121.543640
122.279297
123.157730
124.184380
124.184387
124.914589
125.057358
125.496574
125.496574
125.787567
116.399475
116.838692
115.812035
115.372818
114.494385
113.906952
114.346169
114.933601
115.669266
116.695915
117.870789
119.193893
120.807983
122.273849
123.448723
124.184380
124.480827
125.507484
125.507477
126.237686
125.941238
126.232231
126.232231
126.523224
117.277901
116.838684
115.960258
115.812035
114.494385
113.906952
113.906952
114.933601
115.669266
117.574348
118.458229
120.072319
121.686409
122.861282
124.036163
124.771820
125.068268
126.243141
125.803925
126.534134
126.089462
126.380455
126.380455
126.671448
116.838684
116.986908
115.960258
115.372818
114.642609
113.615959
113.906952
114.933609
115.817490
117.135132
118.749222
120.220543
121.686409
122.861282
124.184380
124.920044
125.216492
126.243141
126.243141
126.973351
126.676903
126.967896
126.967896
127.258888
