125.743942
125.892166
126.188614
125.606628
125.612076
124.299889
125.035545
124.601784
125.041000
124.750008
124.750008
124.168022
123.728806
123.586037
123.877029
123.734261
124.903687
125.200127
125.200127
124.760910
124.173477
123.295044
123.734261
123.734261
125.601173
125.749397
125.897614
125.315636
125.469307
124.596329
124.892776
124.601784
125.041000
124.750008
124.750008
124.168022
123.728806
123.437820
123.586037
124.025253
124.903687
125.051903
124.760910
124.321701
124.025253
123.586037
123.586037
123.586037
125.606628
125.754852
125.903076
125.321091
125.326538
124.744553
125.041000
124.750008
125.189224
124.750008
124.750008
124.019798
123.289597
123.437820
123.437820
123.437820
124.025253
124.173477
124.025253
124.025253
123.146820
122.559387
122.998604
122.998604
126.056747
126.204971
126.204971
125.913979
125.480217
125.337448
125.337448
125.046448
125.337448
124.898232
124.750008
124.019798
123.580582
122.998604
122.850380
122.559387
123.289597
122.998596
122.850380
122.559387
122.262939
121.823730
121.823723
121.823723
126.506866
126.655090
126.655090
126.803314
126.221329
125.930336
125.782112
124.903687
125.046455
124.750008
124.459015
123.871574
123.141373
123.141373
122.702156
121.823730
121.823730
121.675507
121.236290
120.797073
120.648849
120.500626
120.209641
120.061417
127.105209
127.105209
127.105209
127.105209
126.375000
126.375008
125.787567
125.491119
125.194672
124.459015
124.310791
123.723358
122.702156
122.553932
121.966499
121.236290
120.648849
120.352402
119.622200
119.182983
119.034760
118.886536
118.886543
118.738319
127.110664
127.110664
127.110664
126.962440
126.232239
126.523224
125.935791
124.760918
124.903687
124.019798
123.432358
122.844925
121.966492
121.966492
121.088066
120.209641
119.622200
118.595551
117.717117
117.717117
117.859886
117.711662
117.711662
117.711662
126.671448
127.110664
127.110664
126.671448
125.793022
126.084015
125.348351
124.612694
123.877029
122.993149
122.405716
121.818275
121.379059
120.648849
120.061409
119.182983
118.156334
117.859886
116.690460
116.690468
116.542244
116.394020
116.542236
116.394012
126.375008
126.523224
126.523224
126.084015
125.644798
125.787567
125.051910
123.877029
122.850380
121.675507
120.648849
120.500626
120.061417
119.331207
118.743767
117.717117
117.129677
116.690460
115.663818
115.812035
115.663811
115.663811
115.663811
115.663811
126.226784
126.375008
126.226784
125.787567
125.348351
125.342896
124.755463
123.141373
121.675507
120.648849
119.622192
119.182983
118.595551
118.304550
117.717117
117.129684
115.960258
115.812035
115.224602
115.081833
114.933609
114.494392
114.494392
114.494392
125.787567
125.935791
125.348351
124.909134
124.760910
124.464470
123.877029
122.262939
120.797073
119.182983
117.865341
117.426125
117.717117
116.986908
116.547699
115.960258
115.230049
115.081818
114.494392
114.351624
114.203392
113.912399
113.912399
113.912399
124.469925
124.618141
124.469925
124.321701
124.464470
123.437820
123.141373
120.945297
119.331207
117.865341
116.547699
115.669266
115.669266
115.817490
115.378273
114.939064
114.648071
114.499847
114.208855
113.769638
113.621414
113.330421
113.330421
113.330421
123.739716
123.739716
123.443268
123.443268
123.586037
122.850380
121.823730
119.627655
118.013565
116.108475
114.790840
114.351624
114.499847
114.208847
114.357079
114.066078
114.066086
114.214310
114.066086
113.335876
113.626869
112.896667
112.896667
112.896667
122.861282
122.713066
122.564842
122.564842
122.559387
121.680954
120.797073
118.310005
116.986908
115.230049
113.912399
113.621407
113.039429
113.187653
113.484093
113.632324
114.071541
114.219765
113.780548
113.632324
113.632324
113.193108
113.193108
113.193108
121.982857
121.834633
121.686409
121.829178
121.532730
121.093521
119.918640
118.161789
116.547691
114.790833
113.473190
113.182198
113.039436
113.335876
113.923317
113.780540
114.219757
114.807198
114.658974
114.219765
113.928764
113.489548
113.489548
113.928764
121.104424
120.807983
120.659760
120.950752
120.506081
119.918640
119.182983
117.574348
116.547699
115.521042
114.351624
114.499840
114.066086
114.214302
114.658966
114.658974
115.537407
115.685623
115.685631
115.246407
115.394630
115.246414
114.955414
114.807190
119.929550
119.781326
119.633102
119.924103
119.331207
118.743767
118.447327
117.717117
117.277901
116.399475
115.817490
115.674721
115.531944
115.680168
115.976616
115.976616
116.855049
117.003273
117.151489
117.003273
116.712280
116.712273
116.273056
116.712273
119.051117
119.193893
118.606453
119.336662
118.743774
118.156326
117.859879
118.156326
117.426125
117.574348
117.283356
117.431580
117.437027
116.997818
117.733475
117.733482
118.611908
118.172691
118.469131
118.469139
118.029915
118.469139
118.029922
118.029922
118.902901
118.754677
118.458229
118.897446
118.743774
118.304550
118.156326
118.743774
118.304550
118.600998
118.458221
118.606453
118.754669
118.315460
118.611908
119.051132
119.929550
119.781326
119.490334
119.490341
119.199348
119.638557
119.199341
119.199341
119.193893
118.754677
118.606453
118.897446
119.479431
118.891991
118.891991
119.188438
119.627655
119.775879
119.633102
120.220551
120.220543
119.929550
120.368767
120.220543
120.368759
120.659760
120.368767
120.659760
119.929550
120.368767
119.929550
119.490334
119.193893
119.045670
119.045670
119.484879
119.775879
119.627655
119.924103
120.072319
120.220543
121.098976
120.807983
121.686409
121.686409
121.686409
121.686409
121.538185
121.538185
121.680954
120.950752
120.950745
120.511536
120.659760
120.368767
119.929550
119.045670
119.484886
119.484886
119.924095
120.072327
120.511536
120.659760
121.247192
120.956200
121.982857
121.691864
122.273849
122.273849
122.713058
123.004059
122.416618
121.829178
122.411163
121.532730
121.680954
121.241745
121.241745
120.950745
120.511536
119.484879
119.484886
119.484879
120.072319
120.950752
120.511536
120.956200
121.395416
121.691864
122.131081
122.279297
123.009506
123.300499
123.591492
123.443268
123.295044
122.268394
122.411163
121.532730
121.680954
121.241745
121.241745
120.950752
120.511536
119.484886
119.484879
119.484879
120.363312
120.659760
120.950752
121.104424
121.543640
122.131081
122.427521
122.718513
123.300499
123.300499
123.591492
123.443268
123.734261
122.707611
122.850380
121.532730
121.680954
121.532738
121.532738
121.241745
120.802528
