100.285835
100.434067
101.899933
103.069351
104.244225
106.731293
107.906166
109.372040
111.128891
112.594757
113.621414
114.499840
115.669266
116.256699
115.965714
116.256706
116.256699
116.108475
115.817490
115.235504
115.087280
114.357071
114.648064
114.648064
99.407410
99.555634
100.582291
101.899933
103.365799
105.561874
107.027740
108.493607
110.250465
111.277115
112.742981
113.912407
114.790840
115.817490
115.378273
115.378273
115.817490
115.669266
115.378273
114.648064
114.648064
114.208855
114.208855
114.208855
97.211334
97.359558
98.386200
99.703857
101.169724
103.074799
104.831665
106.297531
108.054398
109.081039
110.546913
112.007324
113.033974
113.912407
114.060631
114.499847
114.790833
114.790833
114.499847
114.208847
114.499847
114.060631
114.208855
114.208855
93.258408
93.406631
94.433281
95.459930
97.216782
99.412857
100.587738
102.344604
104.101456
105.567322
107.324181
108.932816
110.250458
111.277115
112.007324
112.594765
113.473190
113.324966
113.912407
114.060631
114.060631
114.351624
114.499840
114.499840
88.136047
88.575256
89.162704
90.189346
92.094437
93.703064
95.317154
97.365005
99.121872
100.735962
102.783813
104.392456
106.149307
107.906166
109.223816
110.102242
111.128891
111.568108
112.155548
113.033974
113.473190
114.203400
114.499847
114.351624
83.304688
83.304688
84.331329
85.209763
86.823853
88.141495
90.194809
92.242661
93.851288
95.756371
97.952454
100.000305
102.196373
104.244225
105.561874
106.879517
108.054382
108.784592
110.102242
111.277115
112.298317
112.885757
113.324966
113.324966
80.526627
80.378403
81.256836
81.844269
83.897575
85.066994
86.390091
88.289719
90.194809
91.803436
93.851288
96.047363
98.243439
99.852081
101.608932
103.365799
104.392456
105.710091
106.879517
108.054390
109.223816
110.102242
110.689682
111.128891
79.357208
79.357208
79.648193
80.235626
81.701492
82.579926
83.754807
85.363449
86.681091
88.437943
90.046585
91.803436
93.560303
95.168930
96.925797
98.095215
100.000290
101.169724
102.487366
103.953232
104.683441
105.561867
106.149307
106.149307
78.478775
78.478775
78.917984
79.505424
80.383850
80.971298
81.997940
82.876373
84.194016
85.072449
86.390091
87.559509
88.877167
90.485794
91.803436
92.972870
94.729721
95.899147
97.216797
98.243439
99.264641
100.291290
100.730499
101.021500
78.187790
78.187790
78.187790
78.626999
79.653641
79.801865
80.680298
81.267731
81.706955
82.146164
83.463806
84.194023
85.072449
86.829315
87.559509
88.580719
90.189346
91.067787
91.946213
93.263855
94.433273
95.311707
95.311707
95.750923
77.748566
77.748566
77.748566
78.187775
78.775223
78.923439
79.801865
79.950089
80.389313
80.828522
81.706955
81.997940
82.876381
83.754807
84.485016
85.654434
86.823860
87.554062
88.432495
89.750137
90.480339
90.919556
90.919556
91.358765
77.309349
77.748566
77.748566
78.187775
79.066208
79.362656
79.653648
79.801865
80.241089
80.241089
80.828522
80.971283
81.558731
82.728149
83.019150
83.458359
84.336784
85.066986
85.506210
86.384644
86.675629
87.114853
87.554062
87.554062
77.309349
77.748566
77.748566
78.187775
79.066208
79.214432
80.092865
80.532074
80.241089
80.680298
80.680298
81.262283
81.849724
81.701500
82.140717
82.431702
82.579933
83.458359
83.458359
83.897575
83.749352
84.188568
84.040344
84.188568
77.161125
77.600342
77.600342
78.626999
79.357201
79.944641
80.383850
80.823074
80.532074
80.971298
81.410507
80.971291
81.262291
81.114067
81.553284
81.553284
81.410507
81.849716
81.849716
81.701492
81.410507
81.262283
81.262283
81.262283
77.161125
77.600342
77.600342
78.626999
79.357201
79.944641
79.944641
80.383850
80.092865
80.532074
80.532074
80.383850
80.823074
80.674850
80.674850
80.674850
80.532074
80.532074
80.092865
79.944641
79.653641
79.505417
79.505417
79.505417
77.161125
77.600342
77.600342
78.039551
78.769775
78.917984
79.357201
79.505424
79.653648
80.383850
80.383850
80.383850
80.383850
80.235626
80.235626
80.235626
80.092865
79.944641
79.944641
79.653641
79.214432
79.214432
79.214432
79.214432
77.161125
77.600342
77.600342
77.600342
78.330551
78.330551
78.330551
78.478775
78.917984
79.505424
79.505424
79.505424
79.796417
80.235634
80.235634
79.944641
79.944641
79.944641
79.944641
79.653641
79.214432
79.653641
79.653641
79.653641
77.891342
77.891342
77.891342
77.891342
77.891342
77.452126
77.452126
78.039558
78.039558
78.626999
78.626999
79.066208
79.357208
79.796417
79.796417
79.505424
79.796417
79.505424
79.505424
79.653641
79.505432
79.944641
79.944641
79.944641
78.769775
78.769775
78.769775
78.330551
77.891342
77.452126
77.452126
77.600342
78.039558
78.626999
78.626999
79.066208
79.357208
79.796417
79.796417
79.505424
79.796417
79.066208
79.066208
79.214432
79.066216
79.505432
79.505432
79.505432
81.553284
81.114059
81.114059
79.796417
79.208984
77.891335
77.891335
77.600342
78.039558
78.478775
78.478775
78.917984
79.208984
79.648193
79.648193
79.357201
79.648193
78.917984
78.917984
79.066208
78.917984
79.357201
79.357201
79.357201
83.749344
83.749344
82.870918
81.553268
80.235626
78.478775
78.039558
77.891335
78.182327
78.330551
78.330551
78.769775
79.208984
79.648201
79.648201
79.357201
79.208984
78.626999
78.626999
78.626999
78.478775
79.357201
79.357201
79.357201
86.093643
85.654434
84.776001
83.019142
81.553268
79.357193
78.478767
78.330551
78.182327
78.621552
78.621552
79.060760
79.499977
79.939194
79.939194
79.208984
79.208984
78.478775
78.478775
78.478775
78.330551
78.769760
78.769760
78.769760
86.972076
86.532860
85.654434
83.458359
81.553268
79.357193
78.478767
78.330551
78.182327
78.621552
78.621552
79.060760
79.499977
79.939194
79.939194
79.208984
79.208984
78.478775
78.478775
78.478775
78.330551
78.769760
78.769760
78.769760
87.559509
87.120300
85.802658
84.045792
81.992493
79.357193
78.478767
78.330551
78.182327
78.621552
78.621552
79.060760
79.499977
79.939194
79.939194
79.208984
79.208984
78.478775
78.478775
78.039558
77.891335
78.330551
78.330551
78.330551
