118.036362
117.597153
117.597153
117.448929
116.570496
116.570496
115.988510
115.406525
114.824539
113.951569
113.369583
112.496605
111.475403
110.893425
110.311440
110.163216
110.745193
111.036194
111.036194
111.475403
111.036194
111.327179
111.327179
111.327179
118.036362
117.597153
117.597153
117.597153
116.718719
116.718719
116.136734
115.554749
114.972763
114.099792
113.517807
112.644821
111.475403
110.893425
110.311440
110.163216
110.745193
111.036194
111.036194
111.475403
111.036194
111.475403
111.475403
111.475403
117.157936
116.718719
116.718719
116.718719
115.840286
115.840286
115.258301
114.824539
114.242554
113.369583
112.787598
111.914619
110.893425
110.311440
109.729454
109.581230
110.163216
110.454208
110.454208
110.893425
110.454208
110.893417
110.893417
110.893417
116.131287
115.840286
115.840286
115.840286
114.961861
115.110077
114.528091
114.385330
113.364136
112.639374
112.057388
111.332642
110.311440
109.729454
109.147476
109.290237
109.142014
109.433006
109.433006
110.020447
109.581230
110.020447
110.020447
110.020447
115.543839
115.252853
115.252853
114.961861
114.522644
114.231659
113.649673
113.215912
112.633926
111.909164
111.327187
110.602432
109.729454
108.708252
108.126266
107.978043
108.417267
108.708252
108.708252
109.147469
109.147469
109.586685
109.586685
109.586685
114.226196
113.935211
113.935211
113.792435
113.353226
113.210449
112.628464
112.633919
111.612724
110.887970
110.305984
109.581238
108.708252
108.126266
107.544281
107.396057
107.105072
107.396065
107.396065
107.983498
107.983498
108.422714
108.422714
108.422714
113.644211
113.353226
113.353226
113.210449
112.771240
112.628464
112.046478
111.612724
111.030746
110.305984
109.723999
109.290237
108.417267
107.544281
106.962296
106.814072
106.523087
106.814079
106.814079
107.401520
107.401520
107.988953
107.988953
107.988953
113.067688
112.776688
112.776688
112.776688
112.485703
112.342926
111.760941
111.030731
110.887970
110.305984
109.872223
108.999245
107.978050
107.835281
107.253296
106.814079
106.962303
106.962303
106.962303
107.110527
107.258743
107.846184
107.846184
107.846184
113.073135
112.930367
112.930367
112.200165
112.348389
111.909164
111.327179
110.745193
110.745201
110.163208
109.581230
108.708252
107.978043
107.396057
107.544281
106.962303
106.671310
106.819534
106.671310
106.967751
107.115974
107.264198
107.264198
107.264198
112.496605
112.205612
112.205612
111.766403
111.914619
111.475403
111.041641
110.602432
110.602432
109.872223
109.290237
108.999245
108.269035
107.396065
107.544289
106.962296
107.110519
106.967758
106.819534
106.676758
106.824982
106.973206
106.973206
106.973206
112.211060
111.920074
111.920074
111.480865
111.480865
111.041641
110.459656
110.020447
110.020447
109.290237
108.708252
108.417259
107.687057
107.396065
107.544289
106.962296
107.110519
106.967758
107.115974
106.973206
107.121429
107.269653
107.269653
107.269653
111.629089
111.338089
111.338089
110.898872
111.047096
110.607880
109.877678
109.438461
109.438461
108.708252
108.565483
108.126266
107.396065
107.105072
107.253296
106.671303
106.819527
106.676758
106.824982
106.682213
106.830437
106.687668
106.687668
106.687668
111.047096
110.607880
110.607880
110.607880
110.465111
110.174118
108.856476
108.856476
108.856476
108.126266
107.835281
107.105072
106.956848
106.814079
106.962296
106.819527
106.528534
106.385773
106.533997
106.391220
106.539444
106.396675
106.396675
106.396675
110.465111
110.025894
110.025894
110.025894
109.734909
109.443916
108.565483
108.274490
108.274490
107.544281
107.544281
106.814079
106.374863
106.232086
106.380310
106.380310
105.798332
105.946556
106.682220
106.539444
106.248451
106.105682
106.105682
106.105682
109.586685
109.586685
109.586685
109.734909
109.443916
108.861931
107.983505
107.692505
107.692505
106.962296
106.962296
106.671310
106.671310
106.528534
106.528534
106.676758
106.094780
106.243004
106.100235
105.957458
105.666466
105.523697
105.523697
105.523697
108.708252
108.708252
108.708252
108.856476
108.565491
107.983498
107.544281
107.253288
107.692505
106.671310
106.671310
106.380318
106.089325
105.946556
105.946556
106.094780
105.512794
105.661018
105.518242
105.666466
105.375473
104.793495
104.793495
104.941719
108.120819
108.120819
108.120819
107.978043
107.247833
107.544281
107.105072
106.962303
106.962303
106.671310
106.671310
106.819534
106.237549
106.094780
106.094780
105.661018
105.370026
105.370026
105.375473
105.084488
104.793495
104.502502
104.502502
104.650719
107.242386
107.242386
107.242386
106.951393
106.369408
106.665855
106.665855
106.523087
106.962303
106.671310
106.671310
106.528542
105.946556
105.803787
105.803787
105.809235
105.518242
105.227249
104.645271
104.354279
104.502495
104.211502
104.211502
104.359726
106.072968
106.072968
106.072968
105.930199
106.078423
106.083870
106.083870
105.941101
106.380310
106.089325
106.089325
106.385773
105.803787
105.661018
105.661018
105.227249
104.936264
104.645271
104.063286
103.772293
103.920517
103.920517
103.920517
104.068741
105.639198
105.639198
105.639198
105.496429
105.496429
105.353661
105.353661
105.650108
105.941101
105.798332
105.798332
106.094772
105.803787
105.661011
105.809235
105.227249
104.936264
104.645264
104.063286
103.772293
103.920517
103.190308
103.190308
103.338531
105.205444
105.205444
105.205444
104.914444
105.062668
105.210892
105.210892
105.359116
105.798332
105.507339
105.507339
106.243004
105.952011
105.661018
105.809235
104.788040
104.206055
104.063286
103.481300
103.190308
103.190308
102.899315
102.899315
102.899315
104.771683
104.771683
104.771683
104.480682
104.919899
104.919899
104.919899
105.068123
105.068130
105.216347
105.216347
105.512794
105.512794
105.221802
105.370026
105.227249
104.497047
104.354279
103.772293
103.481300
103.481300
103.190308
103.190308
103.338531
104.189697
104.189697
104.189697
103.898705
104.777130
104.628906
104.628906
105.068123
105.068130
105.216347
105.216347
105.512794
105.512794
105.221802
105.518242
104.788040
104.206055
104.063286
103.481300
103.190308
103.190308
102.899315
102.899315
102.899315
104.189697
104.189697
104.189697
103.898705
104.337921
104.337921
104.337921
104.777130
104.777130
104.925354
104.925354
105.221802
105.221802
104.930809
105.227249
104.788040
104.206055
104.063286
103.481300
103.190308
103.190308
102.899315
102.899315
102.899315
