119.457619
118.430969
116.372208
112.990349
108.872833
103.734116
99.479286
94.351479
89.223671
84.392311
80.000160
77.073883
74.586815
72.390747
70.491112
69.469910
68.596931
68.014946
68.163177
67.872177
68.750610
68.602386
68.602386
68.602386
119.605835
118.579185
116.668648
113.577789
109.317505
104.469780
99.923950
95.378128
90.398552
85.858177
81.757019
78.100525
75.904449
73.269173
71.660530
70.057350
69.327141
68.305946
68.014954
68.163170
68.602386
68.602386
68.602386
68.602386
120.050507
119.023857
117.404312
114.609894
110.788818
106.089325
102.125488
97.288666
93.039291
88.350693
84.688751
81.175034
78.539749
75.904457
73.708382
71.517761
70.496552
69.184372
68.745163
68.454163
68.454163
68.602386
68.602386
68.602386
121.230835
120.495178
118.732864
116.377663
112.995804
108.883743
105.507339
101.839951
97.733337
93.483955
89.816559
85.863625
82.640900
79.709167
77.073875
74.295822
71.956970
70.057343
69.036148
68.305939
68.014946
67.723953
67.284744
67.284744
122.998604
122.262939
120.648849
118.590096
116.525879
113.292252
109.915848
106.539444
103.602257
100.225853
96.558456
92.748299
88.350693
84.831528
81.317802
77.513092
74.295822
71.517761
69.618134
68.448700
67.718498
67.136520
66.697304
66.406311
123.591492
123.443268
122.268394
120.357857
119.029312
116.531334
113.885139
111.678162
109.471176
106.533997
103.157593
99.341972
95.087143
91.128754
86.440155
82.196236
77.661316
74.295822
71.517761
69.909126
67.718498
67.427505
66.697304
65.967094
123.009506
122.861282
121.395416
120.511536
119.770424
117.711662
116.240341
114.911789
113.286797
110.640602
107.412415
104.327011
100.072174
95.965569
91.716194
86.736603
82.201683
78.248756
74.592262
72.544411
70.496552
69.036148
67.718506
67.427513
119.929550
119.929550
119.342110
118.754677
118.600998
117.717117
116.833237
115.652908
115.054565
113.726013
111.228043
108.290855
105.353668
101.686264
97.579659
92.748299
87.916931
83.673004
80.011070
76.936562
74.010284
72.253418
70.787552
70.496559
116.410378
116.410385
116.410378
116.113937
116.553146
116.695915
116.251251
116.245796
116.234886
115.493774
114.022453
111.963699
109.756714
107.115982
103.596802
98.908211
94.076843
89.827469
86.165527
81.916145
78.984406
76.640114
74.735039
74.295822
113.330421
113.769638
113.769638
114.208847
115.235504
115.674713
115.965714
116.838684
116.976006
116.674103
116.229439
115.049110
113.577789
111.376259
109.026512
104.777130
100.527748
96.130157
92.319992
87.483170
84.254990
80.884041
79.709167
78.682518
112.742981
113.182205
113.330421
113.478638
115.092728
115.531952
115.971161
116.553146
116.986908
117.124222
117.266998
116.965103
116.663193
115.049110
113.138573
109.767624
105.518250
101.411636
97.744240
93.198418
88.943588
86.302841
84.540527
83.513878
113.330421
114.208847
114.505295
114.214302
115.389175
115.685631
116.564056
116.855049
116.849594
117.283356
117.277901
117.711670
118.288193
117.991753
116.520432
114.027908
110.508736
107.132339
103.755936
99.501099
95.098045
91.721649
90.398544
89.371895
115.822937
115.971161
116.119385
115.976624
116.273064
116.278511
116.278519
116.569511
115.982071
116.415833
116.997818
117.870796
119.473984
120.055962
119.023857
117.261543
115.499229
112.710266
109.624855
105.221802
101.400726
98.754532
96.262016
95.817345
117.288811
117.585258
117.733475
117.590706
117.447937
117.014168
116.283958
116.283966
115.257317
115.400085
116.421288
117.881699
119.633102
121.384506
120.648849
119.764969
119.172073
117.113319
114.906342
110.794281
106.973206
104.327011
102.416481
101.680817
118.315460
118.463684
118.611908
118.178146
118.035378
117.162407
116.580406
116.141197
115.553764
115.405540
116.135742
117.596161
119.638565
121.538193
121.680954
121.236290
120.791626
119.759514
117.991753
114.758118
111.376259
109.021057
107.697968
106.962296
119.045670
118.902893
118.611908
118.178139
118.035378
117.310616
116.580414
116.141197
115.701981
115.844757
116.574959
117.596161
119.495789
120.516983
120.659760
121.241745
120.945297
120.500626
119.759514
117.261543
115.049110
113.429565
112.106468
111.810028
119.045670
118.902893
118.611908
118.617355
118.035378
117.310623
116.580414
116.580414
115.992973
116.283974
116.574959
117.156944
118.029922
119.051117
119.781326
119.781326
120.072319
120.363312
120.061417
118.738312
117.700760
116.959641
116.514977
116.366753
119.188431
119.045670
118.902893
118.469131
118.035378
117.601616
116.871407
116.871399
115.992973
116.574959
116.574951
116.860497
117.151489
117.733475
118.463684
118.902893
119.199341
119.638557
119.924095
120.066864
119.616745
120.050507
119.605843
119.896835
119.188438
118.897446
118.606453
118.611908
118.178146
117.453392
116.723183
116.871407
116.283966
116.426743
116.426743
115.982071
117.003265
117.294266
118.024467
118.611908
118.908348
119.935005
120.368767
120.950752
120.945297
121.379059
121.082611
121.812820
118.743767
118.600998
118.310013
118.754677
118.320915
118.035370
117.453392
117.305168
116.426735
116.569504
116.569504
116.273056
116.415833
117.146042
117.876244
118.611908
119.199341
119.495789
120.225998
120.807983
120.950752
121.093521
121.236290
121.675507
118.886536
118.743767
118.743774
118.749222
118.463684
118.469139
117.887154
117.447937
117.008720
116.421280
116.273064
116.124840
117.146042
117.437027
118.167236
118.902893
119.638557
119.786781
119.786781
120.516991
119.929550
120.511536
120.072319
120.363312
118.299103
118.447327
118.595551
118.452774
118.606453
118.320915
118.469139
117.590706
116.712280
116.124840
116.124832
115.976616
117.146042
117.728027
118.606453
118.754677
119.490334
119.638557
120.077774
120.077774
119.347565
119.490341
119.490334
119.490334
118.002655
118.150879
118.299103
118.452774
118.897446
118.611908
118.760132
117.590706
116.712280
115.976616
115.976616
115.828400
116.997818
117.728027
118.606453
118.754677
119.490334
119.638557
119.786781
119.786781
119.495789
119.347565
119.347565
119.347565
118.002655
118.150879
118.299103
118.304550
119.188431
118.902901
118.760132
117.590706
117.003273
116.124840
115.828392
115.976624
116.997818
118.019012
118.897446
118.754677
119.490334
119.638557
119.495789
120.077774
119.056572
118.908356
119.056572
119.056572
