114.248009
114.687225
114.544456
113.962471
114.116150
113.682388
113.545067
114.577179
115.609283
115.614731
113.270439
108.131721
101.966354
96.245651
93.165703
90.975075
90.107552
91.287880
93.934074
100.093994
106.402130
111.244400
114.033363
115.790222
113.957016
114.396233
114.253464
113.671478
113.676933
113.391388
113.545067
114.428955
115.757507
114.884529
112.979446
108.428169
102.114578
96.833092
93.753136
91.414291
90.837761
90.848671
93.785858
99.654778
106.253906
111.244400
113.885139
115.351006
113.375038
113.814255
113.671478
113.089493
113.094948
112.661186
112.666641
113.846970
114.588081
114.593536
112.688454
108.285400
103.289452
98.156189
95.076233
92.589165
90.837761
90.991440
93.050201
99.358330
105.666466
110.069519
112.710266
114.176132
112.211067
112.211067
112.507507
111.925529
112.073746
111.491768
111.936432
112.677544
113.857880
113.133118
112.254692
109.169281
104.618004
100.505943
97.425980
94.203262
91.716187
91.134201
92.605530
98.326225
104.052383
109.333862
111.826385
113.001259
110.904327
110.613335
110.904327
110.613335
110.613335
110.322342
110.767014
111.508125
112.106468
111.820930
111.233490
109.322960
106.676758
104.030571
100.802383
96.843994
92.885612
90.980537
91.864410
96.854904
102.581055
107.423325
110.212296
111.387169
109.010147
108.719162
109.158379
109.010155
109.152924
109.152924
109.306595
110.047714
110.646057
110.360512
110.069519
109.915848
108.444534
106.824982
104.178787
99.484741
94.203262
91.123299
91.271523
95.531807
100.670525
105.370026
108.010765
109.037415
108.724609
108.433617
109.015602
108.867386
108.570938
108.422714
108.867386
109.169281
108.889198
109.191093
109.339317
109.482086
109.767624
108.735519
106.380318
101.538048
95.669121
91.853500
91.414291
94.796143
99.056435
103.168495
105.221802
105.666473
108.581841
108.581848
108.433624
108.576385
108.719162
108.131721
107.988953
108.290848
108.010765
107.434235
108.021667
109.482086
110.503288
110.349609
108.142632
103.152138
97.574203
93.319382
92.001724
93.769493
97.003128
99.649330
101.411636
101.856308
108.878288
108.878288
109.021057
108.285400
108.719162
108.131721
107.549736
107.703415
106.693115
106.846802
107.143242
108.751877
110.503288
111.376259
109.608498
104.766228
99.188301
94.642471
93.028381
93.330276
94.807053
96.278374
97.162262
97.019485
109.174736
109.174736
108.878288
108.872833
108.576393
108.131721
107.549736
107.264198
106.105682
105.820145
106.264816
108.312668
111.090721
112.254692
110.635147
106.671310
101.241600
96.108337
94.203262
93.039291
93.341187
93.494858
93.791306
92.918327
109.174736
109.174736
108.878288
108.872833
108.576393
107.549736
107.258743
106.824982
105.518250
105.523697
105.968369
108.455437
111.233490
112.545685
111.513580
107.549744
102.416473
98.161644
95.669128
93.478500
92.023544
91.880775
91.298782
90.716805
108.883743
109.174736
108.587296
108.730064
108.285400
107.697960
107.258743
106.824982
105.957458
106.105682
106.402130
108.158989
110.937042
112.688454
111.365356
108.428162
104.321556
100.066727
97.283211
94.505157
92.023544
90.854118
90.123917
89.393707
108.296303
108.587296
108.148087
108.290848
107.994408
107.406967
107.555191
106.973206
106.539444
106.396675
106.984116
108.444527
110.783371
111.804573
111.359901
108.719162
106.078415
102.120033
99.627510
95.971024
93.044739
90.705902
89.097267
88.367050
108.296303
108.148079
108.148087
107.999855
107.851631
107.264198
107.264198
106.973206
107.269653
106.978661
107.857086
108.587296
110.338699
111.799118
111.063454
109.449371
107.396057
104.464333
101.971809
97.436890
93.923172
90.848663
88.949036
88.070610
107.714317
107.566101
107.566093
107.417877
107.269653
107.121429
107.121429
107.269653
107.269653
106.978661
107.560646
108.581841
110.042259
111.502670
111.645439
110.031349
109.004700
106.221191
104.019661
99.484741
94.801598
91.727097
89.531029
88.652588
107.423325
106.984116
106.984116
107.275101
107.275101
107.126884
106.978661
106.978653
107.269653
106.830437
107.703415
108.724617
109.745819
111.354446
111.497223
111.052551
110.316895
108.560028
106.067513
101.093376
96.701233
93.187515
91.139664
90.261230
106.550354
105.962914
106.841339
106.841347
106.841347
107.132339
106.984116
106.835892
106.830437
106.391220
107.115974
108.137177
109.449371
111.348999
111.491760
112.073753
111.777306
110.459656
108.406357
103.871437
99.040070
95.526352
92.748299
92.309082
105.820145
105.380936
105.968369
106.407578
106.407578
107.137787
106.550354
106.253906
106.539444
106.242996
107.115974
107.549744
109.158371
111.200775
111.343544
112.507515
113.237717
112.650284
110.745201
105.771065
101.087929
97.722427
95.235359
94.356934
105.386383
104.947174
105.534607
105.534607
106.122040
106.852249
106.555809
106.111137
105.957458
105.370026
106.385773
107.258743
108.570938
110.761559
111.195320
112.946732
113.819702
114.110695
112.644829
107.670692
103.426773
99.622055
97.574203
96.695778
104.952621
104.661629
104.952621
105.391838
105.249069
106.127495
105.831055
105.825600
105.380928
104.936264
105.512794
106.676758
107.840729
109.592133
110.904327
113.237717
114.698135
115.719330
113.814255
110.009537
106.204834
102.109123
100.791481
99.473831
104.370636
104.079643
104.227867
104.667084
104.963524
105.402740
105.397285
105.249069
104.804398
103.920517
104.497047
105.803787
107.406967
109.152924
110.756104
113.237717
115.428337
116.301315
115.422890
112.200157
108.252678
104.887184
103.278549
102.400116
103.788651
103.936874
104.085098
104.524315
104.381546
105.259972
105.111748
104.815308
103.931419
103.338531
104.063286
105.079033
106.676758
108.422714
110.465118
113.237717
115.719330
117.031525
116.444084
113.369583
110.152313
106.495819
105.326401
104.447968
103.206665
103.354889
103.794106
104.233322
104.529770
105.117203
104.529762
104.233322
103.497658
102.904770
103.481300
104.788040
106.385773
107.983498
110.465118
113.237717
115.719330
117.470741
117.174294
114.248009
111.030739
108.104462
106.495819
105.617393
103.206665
103.354889
103.503113
103.942329
104.238770
104.677986
104.677986
104.381546
103.206665
102.904770
103.481300
104.788033
106.237549
108.422714
110.025902
113.237717
116.158546
118.200943
117.613510
114.687225
111.321732
108.252678
107.226028
106.056602
