85.462585
83.996719
82.239868
78.429688
73.741104
69.348953
70.079155
73.889328
79.165352
85.171585
90.738617
97.041298
103.925964
109.059227
113.017616
115.806580
116.690468
117.574348
118.019012
116.855049
115.685623
114.225212
113.643227
113.495003
86.341019
85.314362
82.827293
78.868912
73.889320
70.227379
70.227386
73.741104
78.726135
84.732376
89.569199
96.162872
102.756546
108.180801
112.139191
114.488937
115.812035
117.426125
117.431580
116.855049
115.685623
114.373436
113.934219
113.934219
88.394318
87.219444
84.732376
80.334770
74.915970
70.227379
70.375603
73.010895
77.408493
82.975517
87.664116
93.818573
100.264030
105.688278
110.085884
112.874847
114.637161
115.669266
116.553146
116.706825
115.976616
115.103638
114.812653
114.812645
91.765274
90.299408
87.664116
82.388077
76.381851
71.254036
69.936386
71.693253
75.651634
79.901016
84.150391
90.008408
96.162872
101.729889
106.127495
109.794891
112.144638
114.055176
115.817490
116.119385
116.564056
116.421288
116.569504
117.008720
96.162872
94.697006
91.474274
85.759026
78.726143
71.841476
69.936394
70.084610
72.577133
75.657089
79.170807
85.028824
91.177826
96.453865
101.142456
105.249069
108.477249
111.414429
113.764183
115.822945
117.146034
118.178146
118.765579
118.913803
100.851463
98.803612
95.871880
88.838989
81.218658
74.037544
70.523819
69.793617
70.381058
72.434357
74.778656
79.610016
85.759033
90.590393
95.427216
100.264030
104.518860
108.334473
111.710876
114.939056
117.437027
119.199341
120.374222
120.522446
104.079643
102.174561
98.803612
92.649155
84.441391
76.530067
72.719902
70.672043
70.090057
70.825729
72.582581
76.096298
81.657875
86.489243
90.738617
95.575432
100.560471
104.815308
108.630920
112.446541
116.113937
118.754677
119.638557
120.516983
106.572166
105.106293
101.735352
95.580887
87.812332
80.483002
75.942635
73.016350
71.555931
70.825729
71.413155
74.339439
77.853165
82.393539
86.346466
91.035065
95.871872
100.126709
104.963531
109.509354
113.473190
116.553146
118.458229
118.754677
108.625473
107.598816
104.667084
99.242828
91.913490
85.171593
80.334778
76.530060
73.752014
72.143372
71.264938
72.291588
75.366096
78.588821
81.663330
86.055473
91.183289
95.432663
100.417702
105.550964
110.096786
113.615959
115.669266
116.695923
110.678772
109.652122
107.159607
102.465553
96.014648
89.711960
84.584160
80.483002
75.948074
73.170013
70.973953
71.561386
73.027245
75.514320
78.297836
82.102539
86.494690
90.744072
96.311089
101.444359
106.281174
109.948563
112.441086
113.319519
112.732079
111.705429
108.921913
105.106293
99.824814
93.522125
88.685303
83.414742
77.853165
74.048447
71.413162
70.682953
71.270401
73.175476
75.223328
79.028038
82.541756
87.082123
92.061722
97.485970
102.031792
106.281174
108.921913
109.800346
114.055176
113.467735
111.414429
107.747040
103.052994
97.480515
92.204483
86.346466
79.758247
74.926880
71.852379
70.243736
70.540184
71.418610
72.884483
76.101761
79.467255
82.980972
87.960564
92.797379
97.782410
101.301590
104.085098
104.815308
115.378273
114.499847
112.737534
109.948563
105.693733
101.147911
95.580887
88.838989
82.102547
76.244522
72.582588
71.122169
70.100967
70.688400
71.566833
73.905685
76.101761
79.467255
84.007622
88.257004
92.945602
96.173782
98.518074
99.687492
115.526497
114.796288
113.473190
111.710876
108.334480
104.376091
98.809067
92.358154
84.446838
78.001389
73.900230
71.561386
70.540192
70.249199
70.688408
72.445267
74.053909
76.540977
80.054688
84.013077
88.553452
91.485184
93.829483
94.120468
114.796288
113.917862
113.621414
112.007324
110.245010
107.456047
102.328239
95.729111
87.378571
80.493904
76.244522
73.318245
71.418610
70.688416
70.397415
71.127625
72.736259
74.784111
77.419403
81.229568
85.182495
87.675018
90.019318
90.310303
112.594765
112.451996
112.155548
112.007324
111.710876
110.096786
105.847412
99.396500
91.188736
84.155838
79.028030
75.514320
73.175476
71.418610
70.688408
70.688408
71.418610
73.466476
75.662544
78.885269
82.398987
85.182495
86.648361
86.939354
109.663025
109.663025
109.811249
111.419891
112.885757
112.737534
109.805794
102.915680
95.147125
87.966011
82.398987
78.297829
75.223328
72.588036
71.270393
70.979401
71.709602
72.736259
74.784111
77.128410
80.054695
82.398987
83.716637
83.716637
106.143852
106.292076
107.757950
110.393234
113.033974
114.790833
112.737534
106.874062
99.396500
92.067169
86.500137
81.520554
77.419403
74.196671
72.439812
71.270393
71.709610
71.857834
73.614693
75.371552
77.858612
80.054688
81.372330
81.372330
102.333694
102.921127
104.535217
108.197159
112.594757
115.817490
114.790833
109.366577
103.497658
96.755760
90.749519
85.182495
80.202911
75.953537
73.318245
71.709610
71.709610
71.857834
72.884483
74.053909
76.101761
77.858612
78.737045
78.737045
97.205887
98.232536
100.725052
105.704636
110.837906
115.378273
115.669266
112.298317
107.456047
101.883568
96.168320
89.722870
84.155846
78.737045
75.366096
73.318253
72.148819
71.857826
72.297043
73.175476
74.344894
75.810768
76.689201
76.540970
92.665512
94.131378
96.475677
102.481918
108.932816
114.499847
115.817490
114.055176
110.678772
106.572166
101.296127
94.411461
87.378578
80.933121
77.122955
74.635895
73.027245
72.297050
72.297043
72.297043
73.614693
74.053909
74.932343
75.080566
89.003571
90.760429
93.692162
100.137619
107.027740
113.621414
116.256699
115.521042
113.462288
109.503899
104.958076
98.364395
90.013863
83.277412
78.588821
75.514328
73.905685
72.736252
71.857826
71.857834
72.297043
72.884483
73.323692
73.762917
87.098495
88.855347
92.226295
98.380753
106.149307
113.473190
116.256699
116.399475
115.076378
111.848198
107.450592
100.269478
91.479729
84.155853
79.467255
75.953537
73.905685
72.736252
71.857826
71.857834
72.297043
72.006058
72.445267
72.884491
86.071838
87.685921
90.908653
98.232536
105.710091
113.033974
116.256699
116.838684
115.954803
112.726624
108.620010
100.856918
92.358154
84.595062
79.906464
76.392746
73.905685
73.175468
71.418617
71.418610
71.857834
72.006058
72.006050
72.445274
