108.911011
109.937660
110.382324
111.853645
113.912407
115.822937
116.415833
117.003265
117.738930
117.299713
117.738922
116.569504
115.394630
114.076988
114.219749
114.076981
115.103638
115.833847
115.982071
116.865952
117.156944
117.014175
117.162399
117.310623
109.498444
110.085884
110.678772
112.292862
113.621414
115.822937
116.267609
117.003265
117.590706
117.299713
117.299713
116.421280
115.394630
114.367989
114.367981
114.516205
115.103638
115.982071
116.130295
116.865952
116.865952
117.014175
117.601616
117.310623
110.821541
111.260757
111.705429
113.028519
114.648064
116.410378
116.415833
117.003265
117.590706
117.299713
117.299721
116.273064
115.394630
114.367981
114.367973
114.516205
115.103638
115.982071
116.569504
117.014175
117.453392
117.892609
118.040825
118.189049
113.023071
113.171295
113.467743
114.351624
115.383728
116.706825
116.855049
116.564056
117.003265
116.712280
116.564056
115.833847
115.246407
114.658974
114.367981
114.664429
115.542862
116.130295
117.008720
117.453384
118.331818
118.331818
118.919258
118.919258
115.521042
115.669266
115.817490
115.674721
116.558601
117.294258
117.003265
116.564056
116.855049
116.415833
115.976616
115.685623
114.658966
114.219757
114.807198
114.955414
116.130295
116.865952
117.156944
117.892609
118.919258
119.358475
119.797684
119.945908
117.579803
117.288803
117.437035
117.146042
117.151489
117.590714
117.151489
116.564056
116.267609
116.267609
115.240959
115.389175
114.949966
114.658974
114.955414
115.542854
116.278519
117.014175
117.892609
118.480042
119.649467
120.236900
121.115334
120.676117
118.611908
118.320915
118.172691
117.881699
117.299713
117.590706
117.151489
116.564056
116.267609
115.828392
115.240959
115.680176
115.389183
115.537399
115.982071
116.421288
116.865952
117.453392
118.771034
119.358475
119.797684
120.236900
121.554550
121.115334
117.590714
117.590714
117.590706
117.299713
116.569504
116.712273
116.273064
116.124840
115.828400
115.828392
115.531952
116.267609
116.267609
116.564056
117.299713
117.447937
118.035370
118.480042
119.358475
119.358475
120.236900
120.676117
121.115334
121.115334
116.569511
116.569511
116.569511
116.130295
115.400085
115.833847
115.685631
115.246407
115.828400
116.119385
116.119385
116.706825
117.294266
118.320915
118.326370
118.765579
119.062027
119.649467
119.797684
120.236900
120.236900
120.967110
121.406326
120.967110
115.400085
115.400085
115.400085
115.251862
114.521660
114.955414
115.246414
114.807190
115.828400
116.267609
117.146042
118.024467
118.469139
119.347565
119.644012
120.231453
120.088676
120.088684
120.236900
120.088676
120.527893
120.676117
120.676117
120.818886
114.521660
114.812645
114.521660
114.664429
114.225212
114.076988
114.807198
114.807190
115.976624
116.415833
117.294266
118.611908
119.495789
120.522438
120.818886
121.109879
120.967110
120.967110
120.967110
120.818886
120.379669
120.088684
120.527893
119.940460
114.225220
114.225212
114.225212
114.076996
114.076996
114.367981
114.658966
114.807190
116.415833
117.003265
117.881699
119.347565
120.231445
121.549095
121.406326
122.136528
122.136536
121.697319
121.697319
120.818886
120.379669
119.940460
119.501244
118.913803
113.780540
113.632324
113.780548
113.780540
114.071541
114.219757
115.098183
115.685623
116.712280
117.590706
118.908348
119.644012
120.967110
122.284752
121.993759
123.014961
122.575745
122.427521
122.279297
121.400871
120.083221
118.913803
118.913803
117.887146
113.775085
113.775085
113.923317
114.214302
114.071533
114.949959
115.098190
116.124832
117.590706
118.326370
119.204796
120.379669
121.554550
122.432976
122.581200
123.163185
123.454178
122.718513
122.570290
120.961655
119.056580
117.887146
117.596161
117.008728
114.214310
114.214302
114.362534
114.653519
114.801743
115.098190
115.976616
117.003265
118.178146
118.913803
120.083229
121.258102
121.554550
122.581200
122.581200
123.163185
123.157730
122.279305
121.691864
120.374222
118.617355
117.447937
117.008720
116.130295
114.801743
114.801743
114.949966
115.240952
115.680176
116.415833
117.003265
117.881699
119.056572
119.792236
120.231453
121.406326
121.845535
122.141983
121.993759
122.136536
121.549095
120.961655
120.374222
119.056580
117.738930
117.008728
116.278519
115.400085
115.976616
115.976616
115.976616
116.267609
117.294258
117.442482
118.320915
119.347565
120.374222
120.522438
121.109879
121.697311
121.406326
121.115334
120.967110
120.379669
119.792236
119.495789
118.617363
117.447937
116.569511
116.130287
115.548309
114.960869
117.003265
117.003265
117.151489
117.442482
118.320915
118.908356
119.638557
120.225998
120.813431
121.400871
121.549095
121.697311
121.258102
120.527893
120.379669
119.062027
118.326370
117.738930
117.008713
116.130295
115.839302
115.400093
114.378883
114.527115
118.178146
118.029922
118.178146
118.617363
119.495789
119.786781
120.665207
121.104424
121.691864
121.840088
121.549095
121.400871
120.961655
120.231445
119.792236
118.765579
117.447937
117.299713
116.569504
115.691071
114.960869
114.960869
114.378899
114.230667
119.353020
119.353020
119.353020
119.792236
120.083229
120.374222
121.104424
121.395416
121.543640
121.543640
121.252647
121.543640
121.104424
120.225998
119.495789
118.617355
117.447937
116.860504
115.691078
115.251862
115.251862
114.960869
114.669876
114.230659
120.527893
120.379669
120.527893
120.818886
120.961655
121.252647
121.982857
121.543640
121.543640
121.686409
121.247192
121.247192
120.807983
120.368767
119.929550
118.760132
117.299713
116.860497
116.130295
115.251862
115.691078
115.251862
114.960876
114.521660
121.115334
121.554550
121.115334
121.406326
121.549095
121.840088
121.982857
121.834633
121.395416
121.686409
121.098969
121.098969
121.098969
120.363312
119.781326
118.760132
117.590706
117.008720
116.130295
115.691078
115.400085
115.251862
114.960876
115.251862
121.263557
121.554543
121.993759
122.284752
121.549095
121.840088
121.982857
121.834633
121.395416
121.538193
120.950752
120.950752
120.950752
120.654305
119.484879
119.051117
117.590706
117.008720
116.130295
115.691078
115.691078
115.251862
115.251862
115.251862
121.850990
121.993759
121.993759
122.432976
121.988312
121.840088
121.982857
121.834633
121.395416
121.829178
120.802528
120.802528
121.241745
120.215088
119.924095
118.902893
117.590706
117.008720
115.691078
115.691078
115.691078
115.251862
115.251862
115.251862
