86.648369
87.675018
90.019318
94.559692
99.105515
104.820755
109.070137
113.182198
116.410378
119.199341
120.956200
120.956200
119.929550
118.606453
117.288811
115.531952
112.753891
110.997032
109.827614
110.997025
112.753891
114.071533
113.632317
113.632324
86.060928
87.087578
89.580093
93.829483
98.666290
104.381546
108.630920
112.594757
116.262154
118.760132
120.956207
120.516991
120.220543
118.754677
117.437027
115.680176
112.314674
110.706039
110.118599
110.848808
112.166451
113.484100
113.193108
113.484100
85.034271
86.060928
88.405228
92.363617
97.491425
102.915680
107.604271
111.277115
115.383728
118.172691
120.516991
120.516991
119.929550
118.754677
117.585251
115.680176
113.193115
110.997025
110.118607
110.700584
112.018234
112.605667
112.457443
112.457443
82.689980
83.716629
86.060928
90.310310
95.147125
101.010590
105.408195
109.811249
114.357079
117.146042
119.490334
120.077774
119.490334
118.902901
117.733475
116.119385
113.484100
111.288025
110.409592
110.552368
110.552361
110.991577
111.134354
111.134354
80.197464
81.075882
83.568405
87.378571
92.654602
98.078865
102.624680
107.318726
112.303772
115.389175
118.024467
119.347565
119.199341
118.760132
117.881699
115.828392
114.071533
112.166451
110.261368
109.964920
109.377487
109.229263
109.081039
108.932816
77.704941
78.583374
80.927666
84.446846
89.283653
95.147125
99.692947
104.826210
110.398689
114.066086
116.997818
118.760124
118.908348
118.908348
118.029922
116.415833
114.510750
112.457443
110.843353
109.377487
108.054390
107.175964
107.318733
106.731293
76.239075
76.969284
79.170807
82.541763
87.230362
92.654610
97.200432
102.772903
108.493607
112.309219
115.531952
117.881699
118.908356
118.326370
118.326370
117.003265
115.389175
113.335876
110.843353
109.229263
107.175964
106.149307
105.704636
104.974434
75.064194
75.942619
77.995934
80.927673
85.034271
89.871094
94.416916
100.428604
106.001083
110.986122
114.653519
117.003273
118.178146
118.913803
118.622810
117.590706
115.685623
114.214310
112.161003
109.081047
106.736740
105.122658
104.387001
103.508575
74.624985
75.355186
76.969276
79.461800
82.980972
87.378571
92.072624
98.084305
104.386993
109.372032
113.039429
115.976616
117.887154
119.062027
118.771034
118.326370
116.564056
114.653519
112.600220
109.081039
106.736740
104.392448
103.069351
102.339142
74.767754
75.206970
76.530060
78.435143
81.515106
85.182495
89.728325
95.591797
101.894485
107.757942
112.012779
114.949966
116.717728
119.210251
118.919258
118.765579
117.151489
115.531952
113.626869
109.668480
106.736740
104.101456
102.778358
101.899933
75.058739
75.497955
76.233620
77.847710
80.197464
83.129189
87.675018
93.538490
99.841171
105.704643
109.959473
113.775085
116.421288
118.622810
118.919258
119.353020
118.029922
116.558601
114.505295
110.695129
107.033188
104.540665
102.926575
102.048157
75.497955
75.937172
76.963829
77.699486
79.022583
81.663330
85.769943
91.194191
97.787872
103.651337
107.906166
112.161003
115.394630
118.035370
119.210251
119.644012
118.908348
117.585251
115.822937
112.012779
108.499054
105.276337
103.662239
102.783813
76.667389
76.815598
77.403046
77.551270
78.435150
80.636673
84.007629
89.431885
95.586334
101.449814
105.852859
110.546906
114.510750
117.008720
118.913803
119.644012
119.347565
118.902901
116.997818
113.917862
110.404144
106.890427
105.715546
104.546127
77.397591
77.106598
78.133247
77.842262
77.847710
79.610023
82.102539
87.526794
93.533035
98.957291
103.651337
108.784592
113.187653
116.124840
118.617363
119.935005
119.786781
119.781326
118.315460
115.092735
111.579010
108.647285
107.329636
106.451202
77.836807
77.545815
78.424240
77.842255
77.551262
78.874359
80.927666
85.912704
91.479736
96.464767
101.158813
106.731293
111.134354
114.949966
117.442482
119.638557
119.929550
120.659760
118.902901
116.558601
113.044884
110.261368
109.382942
108.356293
78.715225
77.985031
78.424240
78.133240
77.403046
78.286926
79.901016
84.007629
89.574646
94.120476
98.666290
104.090553
109.223816
113.769638
116.701370
119.193893
119.781326
120.950752
119.781326
117.437027
114.801743
112.018234
111.139801
110.409592
78.567017
78.567017
78.276016
77.985023
77.545807
77.551262
79.604568
82.393539
87.230347
91.188736
95.734558
101.598030
106.874054
111.859100
115.230049
118.310005
119.924095
120.511536
120.659760
118.902901
116.119385
114.071533
113.484093
112.605667
79.006226
79.006226
78.567009
77.985023
77.545815
77.403046
79.017128
81.366882
85.177048
88.844444
93.242035
98.518066
104.381546
109.948570
113.467735
116.547691
119.188438
120.363312
120.659760
119.490334
117.146042
116.119385
115.389175
114.801743
79.006226
79.006226
78.567009
78.127792
77.249367
77.106598
78.720688
80.192001
83.271957
86.791138
91.188736
96.316544
101.740799
107.307823
111.266212
114.933609
118.013565
120.363312
121.098969
120.368767
118.463684
117.585251
117.146042
116.855049
78.715233
78.715233
78.276016
77.836807
77.540359
76.958374
78.133255
79.456345
82.097092
84.589607
88.696220
93.236588
98.221634
103.349442
107.895264
112.150093
116.108482
119.045670
120.659760
120.807983
119.781326
119.342110
118.902901
118.902901
78.715233
78.276016
77.836807
77.688583
77.101143
76.810150
77.836807
79.011673
81.213211
82.975525
86.055473
90.744064
95.289894
99.978485
104.524307
109.366577
114.351624
118.167236
119.781326
120.956200
120.368767
120.659760
120.220543
120.659760
78.276016
77.836807
77.397591
77.688583
77.101143
77.101135
77.688583
78.424240
80.329323
81.800644
84.880600
88.690765
92.797379
97.194977
101.740799
107.022285
112.446541
117.288803
119.342117
121.247192
121.098969
121.538185
121.538185
121.977402
78.276016
77.836807
77.397591
77.688583
77.101143
77.101135
77.540352
78.127800
79.741890
81.213203
84.144936
87.515892
91.331512
95.438118
99.983948
106.143860
111.859100
116.410378
119.342117
121.247192
121.977402
122.416618
122.416618
122.855835
78.276016
77.836807
77.397591
77.688583
77.101143
77.101135
77.392136
77.836807
79.302673
81.064987
83.266510
87.076675
91.183281
95.289886
99.544724
105.265427
111.128891
116.410378
119.342117
121.686409
121.977402
122.855827
122.855835
123.295044
