71.693253
72.275238
73.296432
75.778046
78.111435
80.153831
80.302055
78.402428
75.920815
74.323082
75.646179
79.022583
83.864853
89.437332
94.422371
100.719597
106.434845
110.536003
110.245010
105.408195
99.110962
93.840385
91.787079
90.760429
71.984238
72.566223
73.444656
75.487061
77.672218
80.153831
80.302063
79.280853
76.799248
75.492508
76.524612
80.340233
85.330719
90.315765
95.300797
101.307037
106.874069
110.684227
110.536003
105.556412
99.989395
94.131378
91.787086
90.760437
71.545021
72.127007
72.857216
74.899620
77.233002
80.153831
79.862846
79.571854
78.116890
77.688583
79.159897
82.536308
87.378578
92.072624
96.618446
102.624680
107.900711
111.271667
111.123444
105.995636
100.428604
95.009804
92.517296
91.490639
70.809372
71.100357
72.560776
74.312180
76.206352
79.127182
79.862846
80.450279
80.164749
81.196846
82.964615
86.632004
91.183289
95.438118
99.253731
104.968979
109.514801
112.737534
112.298317
107.461502
101.307037
96.179230
93.834930
92.369064
69.782715
70.073708
71.534119
73.285522
75.179703
77.957764
79.714615
81.619705
83.382011
85.879982
87.938751
91.463371
95.575432
99.830261
103.206665
107.461502
111.859100
114.499847
113.764183
108.636375
102.624680
97.348648
94.856133
94.120468
69.486267
69.925484
71.237671
72.698090
75.179703
77.518547
80.153839
83.815773
87.043961
90.711349
93.939529
97.024940
100.697784
103.931419
106.868607
110.684227
113.912407
115.965714
114.939056
109.954018
103.942329
99.105515
96.903984
95.729103
70.507469
70.946678
71.967888
73.428299
76.058136
78.984406
81.767921
86.017303
90.705902
95.251724
98.628128
101.422546
104.507950
107.154152
109.361130
112.737534
115.817490
117.140587
115.965714
111.128891
105.699188
101.444351
99.242828
97.485970
71.089447
71.528664
72.698090
74.745934
77.524002
81.037712
84.408669
89.827469
94.521515
99.506554
102.882957
105.968369
107.884354
109.943115
112.001869
114.790833
116.992363
117.728027
116.844139
112.298317
107.456047
103.640427
101.438904
100.412247
72.698090
73.576523
74.745941
76.942017
80.455734
83.969460
88.367058
93.643082
99.215561
104.200600
107.137787
109.492996
111.551750
112.732079
114.642616
116.113930
118.019012
118.167236
117.283356
113.467735
109.503899
105.836502
104.365189
103.047539
75.624374
76.942017
78.259659
80.603958
84.265892
88.515274
92.912872
97.749695
103.470398
107.873451
111.101624
112.430176
114.049721
114.642609
116.113937
117.288811
118.606453
118.606453
117.722572
114.346169
111.260757
108.180801
106.709480
106.122040
80.603958
81.630608
82.948257
86.170975
89.541931
93.061104
97.606926
102.152748
106.995018
110.810638
113.012161
114.340714
115.081825
115.526497
116.410378
117.146042
117.876251
118.024475
117.140587
114.494385
112.435631
110.085876
108.471786
107.884354
88.515274
89.102715
90.568581
93.352097
96.871262
100.538658
103.618614
107.286011
110.371422
112.869392
114.631706
114.642609
114.796295
114.801743
115.389175
115.685623
116.564056
117.003265
116.410385
114.208847
112.880302
111.117989
109.943115
109.794891
96.723038
97.310478
98.776344
101.708084
105.227249
108.307205
110.656960
112.276505
113.456833
114.049721
114.933609
114.648071
113.484100
113.780540
113.637772
114.225212
115.103645
115.685623
115.098190
114.066086
113.033974
111.859100
111.414429
111.414436
104.491592
105.227249
106.544891
109.476631
112.265594
115.054565
116.229439
116.822327
116.394020
115.230049
114.796288
113.775085
112.611115
111.880913
111.589912
112.468361
113.495003
114.225212
113.928772
114.071533
113.187653
112.891205
112.594757
112.446541
110.212296
110.799728
111.387169
114.318901
116.959648
119.309395
120.045052
119.320297
117.865341
115.965714
115.092735
113.341331
111.732689
111.002487
110.711494
110.859718
112.325584
113.785988
113.346779
113.780548
113.923309
114.066078
113.769638
113.917862
114.472580
114.911789
115.499229
117.843529
120.045052
121.807365
121.664597
120.352402
118.161789
116.262154
114.801743
112.902115
110.854263
109.684837
109.393852
110.272278
111.589912
113.198563
113.198555
114.219757
114.510750
115.092735
114.944511
115.092735
117.415222
118.002655
118.441872
120.346954
121.812820
122.987694
122.696701
121.236290
118.749222
116.410378
114.362534
112.023682
110.266830
109.097404
108.367195
109.684837
111.002487
112.611122
113.489555
114.658974
115.389175
115.680176
116.119385
116.119385
119.331207
119.770424
119.770424
121.236290
122.553932
123.141373
122.702156
120.654305
118.458229
116.119385
114.362526
111.875458
109.827606
108.218971
108.070747
109.097404
111.145248
112.462898
113.780540
115.098190
115.976616
116.415833
116.855042
117.585251
119.336662
119.336662
119.775879
120.945297
121.680954
122.411163
122.120171
120.511536
118.606453
116.119385
114.362526
112.314674
110.557816
108.949181
108.509964
109.827614
111.584465
113.341331
114.658981
115.976616
116.564056
117.294266
117.442482
118.172691
116.701370
116.849594
117.140587
118.019012
119.336662
120.215088
120.363312
119.045670
118.167236
116.558601
115.680176
113.632324
111.875458
110.997025
110.266823
111.584473
112.902115
114.367981
115.537399
116.564056
117.442482
117.590706
118.029922
118.469139
113.039429
113.039429
113.478638
115.087280
116.404922
117.722572
118.310005
118.019012
117.579803
116.997818
116.267609
114.949966
113.632324
112.753891
112.171906
113.780548
114.955414
116.124840
117.003265
118.029922
117.738930
118.029922
118.178146
118.178146
110.255920
110.255920
110.986130
112.303772
113.621414
115.378273
116.553146
116.992363
117.140587
116.997818
116.997818
116.119385
114.949966
114.510750
114.367981
114.807198
116.273064
117.442482
117.590706
118.469139
117.887154
117.887154
117.887154
118.326370
108.790047
108.790054
109.229263
110.837906
112.594765
114.499847
115.526489
116.553146
116.992363
117.437035
117.876244
116.997818
115.828392
115.389175
114.807198
116.124840
116.712280
118.029922
118.469139
118.617355
118.474594
118.326370
118.474594
118.326370
107.911621
107.911621
109.229271
110.250465
112.007324
113.912407
115.087280
116.113937
117.140587
117.876244
117.876244
117.288811
115.828392
115.828392
115.685623
116.124840
117.590706
118.029922
118.469139
119.056572
118.474594
118.474594
118.326370
118.326370
