105.578232
105.578232
106.895866
107.774300
108.213516
109.970375
111.288025
112.605667
113.923309
114.801743
115.680176
116.849594
117.288811
116.997818
116.410378
115.235504
112.742981
109.959473
106.006546
101.175171
96.052818
92.099884
89.464600
88.295166
106.165665
106.165665
107.335098
107.774307
108.652733
110.557816
111.288025
112.605667
114.214310
115.092735
116.119385
116.558601
116.997818
117.146042
116.410378
115.383728
113.182198
110.107697
106.445755
101.762611
96.931252
92.539101
90.343025
89.025375
106.895882
106.895874
107.774300
108.943726
109.531166
110.848808
111.727234
113.484100
114.362526
115.680168
116.119385
117.146042
117.585251
117.585251
116.706825
115.822937
113.917862
111.134354
107.911621
103.080261
98.248886
94.295967
92.539093
91.221458
108.504517
108.504509
109.382942
110.261368
110.848808
112.457443
112.896660
114.214310
115.240959
115.680176
116.706825
117.294258
117.733475
117.442482
117.294258
116.267609
115.092735
112.748436
109.673935
105.281784
100.593185
97.370468
95.174393
94.295959
110.700584
110.700584
110.991577
112.018234
112.457443
113.775093
114.214310
115.240952
115.828392
116.267609
116.706825
117.442482
118.029922
118.178146
118.029922
117.442482
116.564056
114.949966
112.314674
108.504509
104.255127
100.593185
98.979103
98.100670
112.309219
112.896667
112.896667
113.775093
114.653519
115.383728
115.531952
116.119385
116.706825
116.855049
117.294258
118.029922
118.617355
118.765579
118.765579
118.617355
117.738930
116.712273
114.807190
111.288025
107.477859
104.546127
102.932030
102.492821
114.214302
114.653519
114.362526
115.240952
115.680176
116.262161
116.558609
116.997818
117.294258
117.881699
117.881699
118.617355
119.204796
119.353020
119.062027
119.204796
118.474594
117.738930
116.124840
113.193100
109.673935
107.181412
106.006546
105.567322
115.389175
115.828400
115.537399
115.976616
116.558601
117.437027
117.146042
118.024467
118.320915
118.469139
119.056572
119.644012
119.792236
119.940460
120.379669
119.501244
119.353020
118.326370
117.003273
114.510750
111.430786
109.816704
108.493607
108.202614
116.564056
116.712280
116.712280
116.712280
117.294266
118.024467
117.733475
119.051117
118.908348
119.056572
119.935005
120.379669
120.818886
120.527893
120.527893
119.940460
119.204796
118.617363
117.003265
115.240952
113.330421
111.573563
110.398682
110.250458
117.447937
117.447937
117.738930
117.738930
117.881699
118.469131
118.469139
119.347565
119.495789
119.644012
120.522446
120.818886
121.258102
120.967110
120.818886
119.940460
119.204796
118.617355
117.294266
115.971161
114.648064
113.182198
112.594765
112.446533
118.035378
118.035378
118.035378
117.887154
118.029922
118.178146
118.469139
119.347565
119.347565
119.495789
120.083229
120.231445
120.379669
120.379669
120.231453
119.644012
118.908348
118.320915
117.146042
116.410378
115.526497
114.499847
114.351624
114.203400
118.474586
118.474586
118.474586
118.035378
118.178146
118.178146
118.029922
118.029922
118.469131
118.178146
119.056572
119.056572
119.056572
119.204796
118.765579
118.617355
118.469139
118.172691
117.437027
117.140587
116.844139
116.404922
115.817490
115.669266
118.913803
118.622810
118.474594
118.035378
117.738930
117.299713
117.151489
117.003273
117.003265
116.564056
117.003265
117.442482
117.442482
117.151489
117.151489
117.442482
117.442482
117.146042
117.288811
117.579803
117.431580
117.283356
117.283356
117.574348
119.062027
118.474594
118.474594
118.035378
117.299713
116.130295
116.124840
115.685623
115.098190
114.949966
114.949966
114.949966
115.389175
115.098190
115.098190
115.828392
116.119385
116.119385
116.849594
117.140587
117.431580
118.310005
118.310005
118.452774
118.913803
118.765579
118.326370
117.738930
116.421280
115.542854
115.246414
114.219757
113.484100
112.896660
112.605667
112.896660
112.896660
112.605667
113.044884
113.775093
114.214302
114.653519
115.674721
116.701370
116.992363
118.019012
118.019012
118.600998
118.617355
118.178146
117.738930
116.860497
115.833847
114.955421
113.780540
112.462906
111.579018
110.113152
109.964928
109.964928
109.964920
109.673935
109.964928
110.843353
111.870010
112.748444
114.066078
115.383728
116.113937
117.140587
117.870796
118.310005
118.320915
117.881699
117.294258
116.124840
115.246414
113.928772
112.023682
110.557816
108.943726
107.768852
107.181412
106.593979
106.302986
106.593979
107.181412
107.911621
109.377487
110.404144
111.721786
113.626869
114.796288
116.262154
116.701370
117.140587
117.585251
117.876244
116.706825
115.537399
114.949966
112.902115
110.997025
109.091949
107.038643
105.424553
104.249672
103.371246
103.371254
103.371246
104.101456
104.397896
105.863770
107.620628
109.086494
110.843353
112.309219
114.066086
114.944511
115.383728
117.288811
117.288811
116.410378
115.240959
114.362534
112.605667
110.700592
108.356293
105.863770
103.958687
102.492821
101.317947
100.587746
100.439514
100.587738
101.175171
102.492813
103.958687
105.863770
107.768852
109.525711
110.991577
111.870010
112.309219
116.992363
116.992363
116.113937
115.383728
114.944511
113.187653
111.430794
108.208069
105.715546
102.932030
100.587738
98.973640
97.804222
96.925797
96.925797
96.783020
98.100670
99.127327
100.593193
102.789268
104.694351
106.451218
107.329636
107.768860
115.965714
116.404922
115.526497
115.526497
115.087280
113.917862
112.012772
108.790054
105.567329
102.196381
99.561081
97.216782
95.168930
93.999512
93.121094
92.830093
93.856743
94.735176
96.052826
98.248901
99.714767
101.471619
102.350052
102.789261
115.817490
115.669266
115.669266
115.669266
115.526497
114.499840
112.451996
109.229263
105.419098
101.608940
98.973648
95.899139
93.412079
91.655220
90.485794
89.755585
90.634018
91.221466
92.539101
94.004974
96.052811
97.809677
98.688110
99.127319
115.230049
115.521042
115.669266
115.521042
115.378273
114.790833
112.742981
109.081039
105.419098
101.169724
98.534439
95.020706
92.533646
90.485794
88.728943
87.998718
88.437950
89.025391
90.343033
92.099884
93.856743
95.904594
96.492035
96.931244
115.521042
115.230049
115.521042
115.960258
115.230049
114.790833
113.033981
109.081039
105.419098
101.460709
97.946999
95.020721
92.094437
90.046585
88.289726
87.559509
87.559517
88.146950
89.464592
91.073242
92.830086
94.735176
95.613609
96.052818
