113.747818
113.890594
113.896049
113.753281
114.340714
114.785385
115.663811
115.669266
115.669266
116.108482
116.547699
117.277901
118.008110
118.590096
118.150879
118.293648
118.584641
118.145424
118.288193
118.282738
117.986298
117.986298
117.689850
117.838074
114.187035
114.038818
114.335266
114.192490
114.779930
115.224594
115.663811
115.960258
116.547699
116.986908
117.426125
117.717117
118.447327
118.441872
118.590096
118.441872
118.584641
118.145424
117.997208
117.700760
117.404312
117.695305
117.398857
117.547081
115.065468
115.356461
115.213692
115.070923
115.658363
116.103027
116.542236
116.838684
117.277901
117.426125
117.426125
118.156326
118.886536
118.590096
118.590088
118.441872
118.584641
117.854431
117.706207
117.409760
117.113319
117.113319
116.816879
116.965096
116.822327
116.674103
116.970551
117.118774
117.854431
117.859886
118.590096
118.886543
118.743767
118.743767
119.034760
119.034760
119.325752
119.177536
118.738319
118.590096
118.441872
117.563438
117.124222
116.536789
115.949348
115.510132
115.361908
115.801132
119.309395
118.870178
119.018402
119.314850
119.902283
120.346954
120.495178
120.643402
120.643402
120.791618
120.500626
119.913193
120.055962
119.616745
118.738312
118.299103
118.150879
116.981461
116.251251
115.372818
114.785385
114.055176
114.055176
113.906952
120.775261
120.775261
120.775269
121.219933
122.246582
121.664597
122.691254
122.691254
122.400261
122.109268
121.670052
121.230835
120.934387
120.204178
119.325752
118.595551
118.008102
116.547699
115.669266
114.499840
113.769638
112.891205
112.451996
112.160995
121.362701
121.510925
121.362701
121.807365
122.834015
122.543030
123.130463
123.130463
122.839478
122.987694
122.548485
121.670052
121.082611
120.204185
119.325752
118.595551
117.865341
116.547699
115.087280
113.917862
113.187653
112.457451
112.018227
111.579010
120.341507
120.928940
120.928940
121.225380
122.103813
122.400261
122.839470
122.839478
122.987694
122.696701
122.257492
121.818268
121.230835
120.204185
119.473976
118.595543
117.865341
116.695923
115.674713
114.357071
113.335869
112.314682
112.166451
111.875465
119.029312
119.616745
120.055962
119.913193
121.082611
121.379059
121.818275
121.818275
122.405708
122.405708
122.257492
121.379059
120.791626
120.352402
119.473976
118.743767
117.865341
117.283356
116.113930
114.796288
113.775085
112.605675
112.753891
112.314682
118.304550
118.743767
119.182983
119.331207
120.061417
121.088066
121.088066
121.236290
121.966499
121.966492
121.818268
121.379059
120.939842
120.500626
119.182983
118.743767
118.013557
117.431580
116.404922
115.383728
114.214302
113.335876
113.044884
113.044876
118.600998
118.749222
119.040215
119.336662
119.918640
120.945297
120.797073
121.384514
121.823730
121.823723
121.675507
121.088066
120.939842
120.648849
119.770424
119.622200
118.891991
118.013565
117.135132
116.113937
115.235504
114.505295
114.214302
113.775093
119.193893
119.924095
120.363312
120.511536
120.511536
121.680954
121.680954
121.680954
122.120171
122.120171
121.532730
121.823723
121.384514
121.236290
120.357857
120.061417
119.331207
118.891991
118.304550
117.426125
116.547699
115.669266
115.817490
115.669266
121.247192
121.247192
121.247192
121.395416
121.686409
122.125626
122.125626
122.416618
122.416618
122.416618
122.120171
122.120171
122.120171
121.532730
121.532730
121.088066
120.209641
119.622200
119.325752
118.738312
117.859886
117.272446
117.711670
117.563446
122.125626
122.273849
121.834633
122.422066
122.713058
122.713058
122.564842
122.416618
122.416618
122.855835
122.707611
122.120171
122.120171
121.971947
121.971947
121.527283
120.939842
120.643394
120.055962
119.611298
119.463074
119.314850
119.023857
118.727417
121.829178
121.829178
122.268394
122.125626
122.268394
122.416618
122.416618
122.268394
122.268394
122.268394
122.120171
121.971947
122.120171
121.971947
121.971947
121.527283
120.939842
120.643402
120.346954
120.050507
120.341499
120.045052
120.045052
119.896828
121.088066
121.088066
121.088066
121.675507
121.966499
121.966499
122.114716
122.114716
122.114716
122.114716
121.675507
121.966492
122.114716
122.262939
122.553932
121.966492
121.818275
121.230835
120.934387
121.225380
121.077164
120.928940
120.928940
120.780716
119.902283
119.902283
119.611290
120.050507
120.928940
121.516373
121.373604
121.373604
121.521828
121.373604
121.373604
121.670052
121.818275
122.257492
121.966499
121.966499
121.818275
121.818275
121.670052
121.082611
121.082611
121.373604
120.934387
120.934387
117.398857
117.398857
117.250633
118.277290
118.573730
119.012947
119.748611
119.748611
119.457619
119.457619
119.754059
120.193275
120.489723
120.786171
120.786171
121.082611
120.934395
121.082611
121.082611
120.934387
120.643394
120.643394
120.643394
120.643394
113.572334
113.281342
113.281342
113.868782
114.456223
114.604439
115.191879
115.191879
115.779312
115.779312
115.927536
116.663200
116.811417
117.547081
117.986298
118.282745
118.430962
119.018402
119.018402
119.166626
119.605843
119.754066
119.314850
119.314850
106.523087
106.523087
106.083878
106.671310
107.110519
107.258743
107.555191
108.285400
108.433624
108.724609
109.312050
109.899490
110.486923
111.513580
112.101013
113.275894
113.863327
114.159775
114.307999
115.334648
115.922089
116.509521
116.948738
116.948738
99.034622
99.473839
99.034622
99.622055
99.182846
99.331070
99.770279
100.500488
100.648712
101.669907
102.257347
103.426765
104.014206
104.892639
105.919289
107.533379
108.417259
109.152924
110.179573
111.354446
112.381104
113.407753
113.995193
113.995193
93.599457
93.599464
93.599464
93.747681
93.747681
93.017479
93.456696
94.186897
94.917099
95.647308
96.525742
97.986153
99.012802
99.891243
101.208885
102.822975
103.855080
105.029953
106.204826
108.258133
109.723999
110.750656
111.338089
111.486313
90.662270
90.662270
90.223053
90.371277
90.371277
89.932068
90.371277
91.101486
91.831696
92.561905
93.440331
95.191742
96.509384
96.948593
98.414459
100.028549
101.499878
103.113968
104.288834
106.342140
107.808014
109.570328
110.157761
110.596970
88.899963
89.048180
88.608963
89.048180
88.608971
88.169754
88.608963
89.339172
89.921158
91.090576
91.969009
93.868637
94.747070
95.916489
97.530579
99.435661
100.906982
102.230080
103.553177
105.897476
107.363342
108.686447
109.273880
109.713089
