122.411163
122.411163
121.829178
121.098969
120.077774
119.638557
119.056572
119.199341
119.051117
118.902893
118.606453
117.728020
116.701370
115.092735
114.357071
112.748436
111.134354
109.816704
107.911621
106.451210
104.985344
103.667694
103.519470
103.519470
121.241745
121.384514
121.241745
120.950752
119.638557
119.347565
118.617355
118.760132
119.490334
118.902893
119.045670
117.728027
116.701370
115.531952
114.505295
113.187653
111.721786
109.964935
108.790047
107.181412
105.572777
104.546127
104.106911
104.106911
119.336662
119.918648
119.336662
119.193893
119.051125
118.760132
118.320915
118.320915
119.051117
118.463684
118.606453
117.728027
117.288811
115.680176
114.944511
113.335876
112.160995
110.991577
109.377487
107.917068
106.599434
105.863770
105.133568
105.133568
116.553146
117.283356
116.701370
116.849594
117.585251
118.024467
117.881699
118.172691
118.611908
118.902901
118.315460
117.876244
117.437027
116.267609
115.680176
114.801743
113.484100
112.166451
111.139801
109.531166
108.795502
107.917068
107.329636
107.329636
112.451996
112.891205
113.478638
114.066086
115.971161
116.997818
117.294258
118.024467
118.172691
118.463684
118.463684
117.733475
118.024467
117.294266
116.855049
115.537399
114.807190
113.928764
112.902115
111.875458
111.288025
110.700592
110.261368
110.409592
108.059845
108.641830
109.229263
110.843353
113.187653
115.092735
115.680176
116.706825
117.146042
117.585251
117.733475
117.442482
118.172691
117.881699
117.881699
116.860497
116.273064
115.542854
114.955414
114.076988
113.780548
113.632317
113.044884
113.193108
104.397903
105.128113
105.715546
107.472404
109.964928
112.160995
113.187653
114.653519
115.389183
115.680168
116.415833
117.003265
117.442482
117.881699
118.029922
117.738930
117.299713
116.569504
116.130295
115.542854
115.833847
115.537399
115.098190
115.246407
100.296738
100.735962
101.614380
103.080261
106.154762
108.499054
109.673935
111.430794
112.605667
113.484100
114.949966
115.537399
116.855049
117.881699
118.320915
118.178146
118.617355
118.178146
117.738930
117.299713
117.299713
116.712280
116.564056
116.712273
96.486580
96.634811
97.513229
98.979095
101.762611
103.958679
105.863770
107.768852
109.234726
110.991577
112.457443
114.362526
115.828392
117.585251
118.172691
118.469139
118.908348
118.908348
118.908356
118.908356
118.617363
118.178146
117.738930
118.178146
92.972862
93.560303
94.438728
95.465393
97.661453
99.857529
101.762604
103.958694
106.154755
108.059845
110.113144
112.457443
114.214310
116.119385
117.146042
118.320915
119.051117
119.199341
119.347565
119.495789
119.495789
118.765579
118.765579
118.765579
91.655212
91.803436
92.242653
92.830093
94.586945
96.343811
98.248894
100.296745
102.641037
104.546127
107.181412
109.525711
112.161003
114.066078
115.531952
116.706825
118.024467
118.611908
118.760132
119.786781
119.495789
119.204796
119.204796
119.644012
90.925003
90.634018
91.364227
91.221451
91.951668
92.681870
94.438728
96.783020
98.979095
101.026947
103.371254
106.006531
108.790054
110.695129
112.600212
114.214310
115.680176
116.997818
117.733475
118.760132
118.908356
119.056572
119.204796
119.644012
91.073227
91.073227
91.073227
90.194801
89.755592
89.607368
90.925011
92.681870
95.168938
97.656006
100.291290
102.344597
104.540672
106.884972
109.081039
110.695129
113.330421
114.944519
116.119385
116.855049
118.320915
118.469139
119.056572
119.495789
92.099884
91.660675
90.782242
89.903816
88.437943
87.411301
88.141495
89.459152
91.946213
93.994064
96.332916
98.386208
100.730499
103.074799
105.270874
107.324181
110.107697
112.012772
113.626869
114.949966
116.855049
117.442482
118.320915
118.908348
93.126541
92.687332
91.660675
89.903809
87.559525
86.093643
86.236420
87.263069
88.871704
91.062325
92.670959
94.576042
96.920341
99.264641
101.460709
103.514023
106.297531
108.790054
110.991577
112.896660
114.801743
116.267609
117.733475
117.733475
94.735168
94.004974
92.687332
90.782242
88.437950
85.945419
85.357986
85.357986
86.527405
88.278809
89.596451
90.914108
92.528198
94.724274
96.629349
99.412865
101.905380
104.688889
107.181412
109.964928
112.457443
114.362534
116.119385
116.706825
96.931244
95.761826
94.883392
92.390884
89.459137
86.532867
85.648987
84.770554
84.913315
85.643524
86.373734
86.961166
88.427040
90.183891
92.379974
94.433273
97.804230
100.587738
103.519470
107.033188
109.964920
112.600212
114.505295
115.383728
99.127319
98.397118
96.492035
94.295959
91.216003
87.702286
85.648979
84.183113
83.595673
83.738449
83.299232
83.738434
84.325890
86.521957
87.987823
90.332123
93.263855
96.486572
99.709305
103.810463
107.620628
110.255920
112.451996
113.330421
101.323395
100.593193
99.127319
95.904594
92.533653
88.580719
86.527405
84.183113
83.156456
82.420792
81.542366
81.542374
81.690598
83.447464
84.474098
86.818405
90.041138
93.263855
96.195587
100.587738
104.688889
107.763397
109.959473
110.837906
103.958679
103.376701
101.762611
98.248901
94.438736
90.337570
87.845047
85.061539
83.156464
81.690582
80.663940
79.785507
80.081955
80.960388
82.278030
83.743896
86.527405
89.310921
92.533646
97.068565
101.317940
104.540672
106.297531
107.615173
107.181412
105.863770
104.546127
100.884186
96.634796
92.824638
89.601906
86.088196
83.447456
81.251389
79.933731
78.764313
79.203522
79.642738
80.081955
81.547821
83.595673
86.379189
89.162689
93.406631
97.804230
101.169724
102.926575
104.244225
108.938278
108.499054
106.302986
103.080261
98.391663
94.142288
90.480347
86.966621
84.034889
81.690590
79.642738
78.325096
78.473320
78.473320
78.912537
79.790955
81.838806
84.034882
86.818405
91.062325
95.311707
98.677200
100.143066
101.460709
110.255920
109.816696
107.620628
103.958694
99.270096
95.020714
91.358780
87.405838
84.034889
81.399605
79.642738
78.325096
77.594894
77.594894
78.034103
78.912537
80.372940
82.569016
85.500763
89.596458
93.994064
97.359558
98.386208
100.143066
110.695129
110.255920
108.499054
104.397903
99.418320
95.020714
91.358765
87.405838
84.034882
81.108604
79.351753
77.885880
77.594894
77.155670
77.594894
78.473320
79.642738
81.838814
84.474106
88.718033
92.967407
96.772118
97.947006
99.555634
