89.585556
89.437332
87.241257
84.896957
81.235016
77.864067
74.937790
73.329147
71.281303
70.990303
71.577744
73.631050
76.414566
81.097702
85.347092
91.501541
98.243439
104.837112
109.377487
113.335876
115.828392
118.320915
119.495789
120.225998
90.024765
89.437332
87.680466
85.336174
81.235016
78.012283
75.377007
73.768364
71.720520
70.990303
71.577744
73.922043
76.266342
80.219269
84.468643
90.771332
97.656006
103.958687
108.647278
112.748436
115.828392
117.733475
119.786781
120.374222
90.903198
90.315765
88.558907
85.775391
82.113449
78.012283
75.377007
73.768364
71.720520
70.990303
71.577744
73.043610
75.678902
78.901627
83.441994
89.305466
95.899147
102.344597
107.033188
111.870010
115.240959
117.733475
119.199341
120.077774
91.781631
91.194183
89.437332
86.653816
82.552658
78.599724
75.816208
74.207581
72.450729
71.720520
71.868744
72.747169
73.922043
76.557327
80.367493
86.373734
92.967407
100.000305
105.128113
109.964928
113.923309
117.146042
119.199341
120.077774
93.390266
92.511833
90.606750
87.532249
83.579315
78.890724
76.546425
74.646797
73.471924
72.741714
72.302505
72.011505
72.307953
73.773819
76.996536
82.711792
89.305466
96.338364
101.905380
107.620628
112.748436
116.558601
118.902901
119.781326
95.295349
94.707909
92.511833
88.849892
84.457748
79.769150
77.424850
74.937790
74.350357
73.471924
72.593491
71.133072
70.842087
71.138535
73.922043
78.901627
85.643524
92.528191
98.386208
104.688889
110.986122
115.235504
117.437027
118.754677
97.782410
96.903984
94.268692
90.606750
85.923607
80.944023
77.721298
75.376999
74.350357
73.471924
72.593491
70.545639
70.106430
69.963654
72.456177
76.705551
82.860008
89.157249
95.163483
101.757156
108.202614
113.039429
115.822937
117.579803
100.856918
99.978485
97.343201
93.242050
88.119690
82.261673
78.599731
75.964439
74.059357
73.032715
71.715057
70.545639
69.815430
69.672668
71.577751
75.239685
80.367500
85.934525
91.210556
98.386215
105.419106
110.546913
113.330421
115.087280
104.370636
103.492203
100.126717
95.586342
89.876541
83.875763
79.774612
76.551872
74.207581
72.593491
71.275848
70.254646
69.524437
70.111877
71.138535
73.922043
77.732208
82.272575
87.839600
94.724274
102.048157
107.175957
109.959473
112.155548
107.005928
106.127495
103.201218
97.930634
92.220840
85.780846
80.801254
77.430305
74.355804
72.302505
70.545639
70.254646
69.963654
70.551086
71.577744
73.482826
75.975349
79.049850
84.325882
91.062325
98.237991
103.365799
107.027740
108.345383
108.762787
107.884354
104.518860
99.830261
93.977707
87.537704
83.145554
78.896179
75.234230
72.302505
70.984856
70.693863
70.402870
71.429520
71.577744
73.043610
74.948700
77.144775
81.542374
88.278824
95.015259
100.434067
103.656784
104.974426
109.344772
108.175346
106.127495
101.587120
96.464767
90.612206
85.780838
81.383240
76.842873
73.180923
71.424072
71.133072
71.720520
72.747162
72.895386
73.482834
74.070267
75.536133
79.198074
85.495300
91.501541
96.332901
99.846619
101.312485
109.196548
108.757332
105.979271
103.195763
98.951836
93.829483
89.289108
83.870308
78.599731
74.350357
71.863281
72.450714
73.038162
74.355804
74.652245
74.361252
73.631058
74.218483
77.150223
82.420792
88.569809
93.110176
95.597244
97.063110
108.021667
107.730682
105.682831
103.925964
101.290680
96.755760
92.363617
86.796585
80.647583
76.107216
73.180923
73.329155
74.795013
75.673447
75.969894
74.800476
73.191833
73.340057
75.684357
80.515717
85.347084
89.448242
92.083527
93.252945
106.407578
106.407578
104.947166
103.629524
102.169106
99.094604
95.289894
89.431877
83.282867
77.864075
74.937790
75.086014
75.673447
76.112656
75.969894
74.652252
73.043617
72.752617
74.366714
78.171417
82.711792
86.225510
88.273361
89.300018
103.327621
103.475845
102.597420
102.745644
102.602875
100.994232
98.067947
92.358154
86.357376
81.229568
77.573074
76.694656
76.842865
76.403656
75.821671
74.213028
72.456177
71.874191
72.900848
76.123566
80.367493
83.442001
85.198853
85.786301
99.660233
99.808456
100.247665
101.131546
102.454651
102.893860
100.703247
95.723663
89.722870
84.452301
80.647575
78.890717
77.721298
75.964447
75.234238
73.625595
72.016953
71.725967
72.313408
74.657700
78.171417
80.076500
81.394150
82.124359
96.432053
96.580276
97.167709
99.808456
102.449196
104.063286
102.602875
98.210724
92.649155
87.526794
83.722092
80.647575
78.451508
75.964439
74.207588
73.038162
71.720520
71.429520
72.165176
73.631050
75.975342
77.880432
78.758858
79.198074
93.203873
93.939529
95.696388
98.485352
102.152748
104.645271
103.920517
100.406799
94.845222
90.162094
86.357376
82.113449
78.890724
75.376999
73.329163
72.598938
71.720520
71.429520
71.725967
72.752625
74.218491
75.684357
76.562790
76.414566
90.854118
91.150558
93.494865
96.723038
100.977875
104.206055
104.650719
101.433449
97.041306
92.797371
88.553452
83.722084
78.890724
74.646805
72.741714
71.720520
72.011505
71.868744
72.016953
72.165176
72.900848
73.340057
74.218491
73.927490
88.652588
89.388252
91.880775
95.257179
100.242218
103.618614
104.211510
102.602875
98.798157
94.554230
90.310303
84.748734
79.329941
74.498566
72.011505
71.572296
72.011505
72.159729
72.307953
72.165192
72.313408
72.313400
72.022415
72.461624
87.038506
88.065155
90.557678
94.082298
99.363785
103.179405
104.211502
103.190308
99.824814
95.871880
92.067169
85.627167
79.620926
74.498573
71.424065
71.133072
72.011505
73.038162
72.747162
72.016953
71.725967
71.286758
70.995758
70.704773
86.302841
87.329498
89.970245
93.934082
98.776352
103.031174
104.211502
103.190308
100.703239
96.750305
92.506386
86.505592
79.769157
74.059357
71.424065
71.133072
72.011505
73.038162
72.747162
72.016953
70.847534
70.408325
70.117325
69.826340
85.424408
86.451065
89.091812
93.346642
98.776344
103.179398
104.211502
103.629524
101.142456
97.628738
93.384811
86.505600
79.769150
74.059364
71.424065
71.133072
72.011505
73.038162
72.747162
71.577744
70.847534
69.969109
69.678116
69.387123
