104.486137
104.195152
103.316719
102.586517
100.835106
98.787254
95.860977
91.177826
85.325272
81.520561
80.351135
81.235016
83.288315
86.220062
89.733772
93.686707
98.369850
101.735344
104.370636
106.275719
107.593361
108.032578
108.911011
109.350220
105.073578
104.782585
103.904152
103.173950
101.713531
99.813904
96.887627
92.204483
86.351913
82.547211
81.668777
82.552658
84.754196
87.828705
90.760429
94.565140
98.957291
102.613777
104.958076
106.275719
107.741585
107.741585
107.593361
108.180801
106.396675
106.105682
105.227249
104.348824
103.327621
101.427994
98.501717
93.818573
88.696220
85.330719
84.600517
85.484390
87.976913
90.321213
93.543938
96.909439
101.153366
103.788651
105.984726
106.863159
107.011383
106.572159
106.572159
107.011375
108.746429
108.455429
107.867996
107.137787
106.116592
104.068741
101.581673
97.337746
92.654610
90.019318
89.289108
90.463989
93.104721
95.740021
98.523529
101.598038
104.524315
106.720390
107.598816
107.307823
106.429398
105.402740
104.672531
104.672531
111.683609
111.392624
111.244400
110.223198
109.344772
107.296921
105.540062
102.174561
98.078857
95.882782
95.591797
97.057663
99.841171
102.185471
104.820755
106.725845
108.773689
110.091339
110.239563
108.043488
105.408195
102.772903
101.894478
101.455261
114.620804
114.181587
113.890594
113.160385
112.721169
110.964310
109.646667
106.720383
103.942322
101.746254
102.185471
103.651337
106.434845
108.630920
110.387779
112.292862
113.171295
113.171295
112.001869
108.488152
104.096008
100.582291
99.264641
98.386215
115.801132
115.361916
115.361916
115.070923
114.631706
113.605057
112.435631
110.239563
108.339935
106.874062
107.022285
108.488152
110.684227
112.441086
113.758728
114.785385
114.785385
114.346169
111.859100
107.466949
102.635590
97.804230
96.047363
95.168930
115.954803
115.515594
115.954803
115.515594
115.954803
115.515587
114.637161
113.319519
111.859100
110.541458
111.128891
111.859100
112.885757
114.494392
115.081825
115.081825
114.203400
113.764183
110.398682
105.128113
99.418320
95.026169
92.830093
91.951660
114.790833
114.642609
115.230049
115.812035
116.690460
117.277901
116.838684
116.108482
114.939056
114.357071
114.208847
114.648064
114.939056
115.378273
115.230049
114.499840
113.182198
111.864563
108.499054
102.789261
96.201042
91.369675
89.173607
88.295174
114.648064
114.208847
115.087280
115.817490
117.135132
118.161781
118.310013
118.310005
117.288811
117.437035
116.997818
116.849594
116.262154
116.113930
115.235504
113.917862
112.160995
110.113144
106.451202
100.450417
94.153198
89.321831
86.686539
85.517113
114.505295
114.796288
115.383728
116.404922
117.431580
118.458229
119.484886
119.484886
119.051117
119.051125
118.611908
118.172691
117.437027
116.410378
115.092735
113.775093
111.579010
109.234718
105.430008
99.132774
93.131996
88.591629
85.665344
85.077904
115.092743
115.531952
115.971161
116.849594
117.579803
119.045670
119.193893
119.929550
120.077774
120.225998
119.935005
118.908348
118.172691
116.706825
115.389175
113.484100
111.436249
108.652733
104.699806
98.990005
93.422981
89.030838
86.395554
85.517120
116.410378
116.410385
116.849594
117.288803
118.167236
118.315460
119.051117
119.638557
120.083229
120.522438
120.231445
119.644012
118.178146
116.712280
115.246414
113.050339
111.145256
108.070747
104.408806
99.429222
94.301414
90.639473
88.004181
87.125755
117.140587
117.140579
117.140579
117.437027
117.728027
117.876244
118.611908
118.908348
119.644012
120.379669
120.379669
119.792236
118.326370
116.860497
115.394638
113.489548
110.854256
108.509964
104.996246
100.307655
95.910042
92.687317
90.200256
89.612816
118.019020
117.870804
118.019012
118.167236
117.728027
117.728027
118.024467
118.908348
119.204796
120.231453
119.792236
119.353020
118.617355
116.860504
115.685623
113.780540
112.023682
108.949181
106.313889
102.064514
98.545334
95.613602
93.565750
92.978317
118.749222
118.310013
118.310013
118.310005
117.579803
117.728020
117.437027
117.881699
118.908356
119.935005
119.644012
119.347565
118.760132
117.733475
116.706818
115.389175
114.071533
111.727242
109.531166
105.721001
102.789261
100.005753
98.248894
97.661453
119.040215
119.331207
118.600998
118.600998
117.431580
117.431580
116.701370
116.997818
118.024467
119.051117
118.611908
118.463684
118.754677
118.167236
117.579803
117.140587
115.971161
114.214302
112.896660
109.964920
107.033195
104.837112
103.662247
103.223038
119.182983
119.182983
118.304550
117.426125
116.695915
115.817490
115.817490
115.383728
116.262154
117.140587
117.140587
117.140587
117.722572
118.013565
117.574348
117.574348
116.992363
116.404922
115.526497
113.182198
110.546906
109.372032
108.054390
107.906174
117.568893
117.568893
116.690460
115.663811
114.203400
112.885757
112.298317
112.155548
113.033981
113.330421
113.769638
114.060631
114.790833
115.521042
115.521042
116.108482
116.256699
115.817490
115.817490
114.499847
112.885757
112.446541
111.419884
111.271667
114.488937
114.049721
113.023071
111.266212
109.218361
107.752495
106.874062
106.583069
107.170509
107.906166
107.906166
108.345383
109.223816
110.102242
110.980667
112.007324
112.594757
113.473190
114.351624
114.642616
114.055176
114.346169
114.346169
114.488937
110.530548
110.091339
109.355682
106.868607
104.963531
102.328239
101.301590
100.719604
100.867821
101.603485
101.899925
102.630142
103.656792
104.535217
106.001083
107.027740
109.223816
110.689682
112.446541
113.615959
114.346169
115.076370
115.954803
116.245796
107.889809
107.598816
106.275719
103.788651
100.565926
97.782410
96.464767
96.173782
96.470222
96.766670
97.063110
98.089767
99.116417
99.994843
101.608932
103.805008
106.149307
108.197159
110.832443
112.737534
114.346169
116.245796
117.124222
117.854431
106.423935
105.984726
104.809853
101.444351
98.512619
95.289886
93.972244
93.681259
93.538490
94.422371
94.279602
95.597244
96.481133
97.798767
99.412865
101.608932
104.683441
106.879517
109.514801
112.441086
114.637161
116.536789
118.002655
118.732864
105.545517
105.106293
103.931419
100.856918
97.925186
93.972252
92.945602
92.654610
92.072617
93.247498
93.252953
94.718811
95.015259
96.332909
98.095215
101.021500
103.656792
106.440300
109.366585
112.441086
114.928154
116.976006
118.441872
119.463066
