96.321999
96.321999
96.761215
98.078857
99.248276
100.417702
101.735352
102.613777
103.931419
104.958076
105.984726
107.159599
108.477249
109.503899
110.091339
110.821548
110.678772
111.117996
112.287407
112.874847
113.314064
114.631714
114.340714
114.779938
95.152573
95.152573
95.591789
96.909439
97.930634
99.248283
100.856918
101.735352
102.613770
103.788651
105.106293
105.693733
106.720390
108.186249
108.773697
109.503899
109.361130
109.652115
110.969765
111.557205
111.996414
112.874847
112.874847
113.314056
92.956505
92.956497
93.395721
94.422371
95.591789
97.200432
98.369850
98.957291
99.835716
100.714149
102.031792
102.767456
104.085098
104.963531
105.699188
106.429398
106.577621
107.307823
107.895264
109.064682
109.652122
110.239563
110.239563
110.678772
88.421585
88.712570
88.860802
90.178452
91.347862
92.517288
93.983154
94.713364
95.152573
96.179230
97.348648
97.936089
98.666298
99.692947
100.280380
101.301582
101.449814
102.328232
103.206665
104.085098
104.672531
105.550964
105.699188
105.699188
82.569016
83.008232
83.299225
84.765106
85.643524
87.252159
88.130600
88.860802
89.739227
89.739227
90.908653
91.347870
92.078072
92.665512
93.395721
94.713364
95.591797
96.031006
97.348648
97.787857
98.666298
99.253738
99.692947
99.841171
77.885880
78.325096
78.325096
79.790955
80.669388
81.987045
82.865463
83.156464
83.886673
83.886665
84.468658
85.198853
85.198853
86.077286
86.368286
87.828690
89.294556
90.172997
90.903198
91.199646
92.517288
93.104721
93.543945
93.252945
75.547043
75.986252
75.986252
77.452118
77.891335
79.648193
80.087402
80.378403
80.669403
80.230179
80.812164
81.103149
81.394150
81.833359
82.563568
83.293777
85.050644
85.489853
86.368271
86.955719
87.834137
88.421585
88.569809
88.278809
75.695251
75.843475
76.282700
77.309349
77.748566
78.626999
79.505424
78.917984
79.208977
78.621552
78.912537
78.764313
78.616089
78.907074
79.346298
80.224724
81.103157
81.690598
82.569023
83.156464
84.034882
84.331329
85.061539
84.770546
77.018356
77.309357
77.018356
78.187782
78.484230
79.214432
79.362656
78.626999
78.187790
77.600342
77.600342
77.303894
77.155670
77.594894
77.594887
78.034103
78.621544
78.917984
79.648193
79.944641
80.383850
81.410500
81.410507
81.410507
78.484222
78.484222
78.484222
78.923447
79.071671
79.362656
79.801865
78.923431
77.605797
76.579147
76.870132
76.721909
76.282700
76.573685
76.573685
76.430923
76.870132
77.314804
77.314804
77.463028
78.341454
78.928894
78.928894
78.928894
78.923431
78.923431
78.923431
79.362656
79.510880
79.510880
79.510880
78.484222
77.605797
76.288162
76.288162
76.579147
76.430923
76.430923
76.282700
76.139923
76.288147
76.293602
76.293602
76.881042
77.172028
77.759476
77.759476
77.759476
79.362656
79.362656
79.362656
79.362656
79.362656
78.923431
78.923431
78.335999
77.896790
77.018356
76.727371
77.018364
77.018364
77.457581
77.457581
77.166580
77.314804
77.172028
77.172028
77.611252
78.050461
77.907692
77.907692
78.198692
79.653641
79.653641
79.653641
79.214432
79.505432
78.775208
78.775208
78.335999
78.187775
77.748566
77.457573
78.187775
78.775208
79.214432
79.214432
79.071671
79.071671
78.780670
78.780670
78.928894
78.928894
79.368111
79.368111
79.368111
79.505424
79.505424
79.505424
79.066208
78.917984
78.478775
78.478775
78.478775
78.478775
78.626999
78.626999
79.505417
80.092865
80.971291
80.971291
80.828522
80.828522
80.537529
80.537529
80.537529
80.537529
80.537529
80.537529
80.537529
79.505424
79.505424
79.505424
78.626999
78.478775
78.039558
78.039558
78.039558
78.478775
78.626999
78.626999
79.505417
80.092865
80.971291
80.971291
81.119514
81.119514
80.828522
80.828522
80.828522
80.828522
80.828522
80.680305
80.680305
78.039551
78.039551
78.039551
77.748566
77.161125
77.012909
77.012909
77.012909
77.161133
77.748566
77.748566
78.478767
79.214432
79.944641
79.653656
80.092865
80.532082
80.241081
80.680298
80.532074
80.532074
80.971283
80.971283
80.971283
76.721916
76.721916
76.430923
76.721909
76.134476
76.573685
76.134476
76.134476
76.282700
76.721909
76.721909
77.600342
77.748566
78.187775
78.626999
78.775223
79.505424
79.653648
80.092865
79.944641
80.383850
80.823067
80.823067
80.823067
75.991714
75.991714
76.282700
76.573685
76.134476
76.134476
76.134476
76.134476
76.282700
76.721909
76.721909
77.161133
77.309349
78.187775
78.039551
78.478775
79.066208
79.505424
79.944641
80.235626
80.965836
81.405052
81.405052
81.405052
77.891342
77.891342
78.330551
78.330551
77.743118
78.182327
78.034103
78.034103
78.182327
78.621544
78.621544
79.208984
79.208984
79.648193
79.796417
80.087402
80.965851
81.553276
81.844269
82.283485
83.013687
83.601120
83.601120
83.601120
82.865471
82.865463
82.865463
83.156464
82.717239
83.008240
82.569016
82.569016
82.865471
82.865471
82.717239
83.304688
83.452911
83.452904
83.892120
83.892120
84.770554
85.209763
86.088196
86.527420
87.257614
87.696831
88.136047
88.136047
87.839600
87.839600
88.278816
88.130600
87.691376
87.691383
87.252167
87.691376
87.252167
87.691376
87.839600
87.839600
87.987823
88.427040
88.136047
88.575264
89.014481
89.453690
90.041122
91.210556
91.501541
91.940758
92.819191
92.819191
91.935303
91.935303
92.226303
92.226303
91.496094
91.787079
91.496086
91.496094
91.496094
91.496094
91.496094
91.496094
91.792542
91.940758
91.792534
92.379974
92.088989
92.379974
93.258400
94.576042
95.015259
95.454468
96.184677
96.184677
94.274147
94.274139
94.713364
94.422371
93.983154
93.834930
93.395721
93.395714
93.543945
93.104721
93.395714
93.543945
93.840385
93.988602
93.549393
93.988617
93.988617
94.576050
95.454475
96.332901
96.623901
97.063110
98.232536
98.232536
95.591797
95.591797
95.300797
95.591797
94.861588
95.152588
94.422371
94.274139
94.274155
94.274155
94.274139
94.422363
94.570587
94.718811
94.718811
94.576050
94.867035
95.306244
95.893692
97.063110
97.793320
98.380760
99.259186
99.259186
