114.796288
114.357071
113.769638
112.007324
109.805801
108.043480
107.895264
109.070137
111.414429
113.023071
111.557205
108.911011
104.507950
99.665680
95.119858
89.113617
83.255608
78.133255
76.963837
78.577919
81.070435
83.420181
84.737823
84.886047
115.235504
114.505295
114.357071
112.007324
110.245010
108.482697
108.773689
109.800346
111.562653
113.171295
111.705429
109.059235
105.534607
100.401344
96.003738
89.849281
84.430481
79.890106
78.281471
79.895554
82.536301
84.737823
86.055466
86.203690
115.531952
115.092735
114.944511
113.033981
111.271667
109.070145
109.361130
110.387779
112.150093
113.758728
112.292862
109.943115
106.418488
102.163651
97.766052
92.490021
86.922997
82.821846
81.213211
82.679077
85.171585
87.373116
88.399773
88.547997
117.146042
116.706825
115.971161
114.208847
112.298317
110.826996
110.678772
111.853638
113.615959
115.081833
114.055176
111.853653
108.625465
104.958069
100.851471
96.014648
91.908035
87.658661
86.632004
87.806885
89.711967
91.474274
92.791916
92.500931
118.617355
117.881699
117.294266
115.822945
113.764191
112.732079
112.292862
113.615959
115.230049
116.404922
115.965714
113.621414
110.980667
107.900711
105.259972
101.005142
97.628738
94.109566
93.813118
94.252335
95.866425
97.771507
98.358948
98.358940
119.792236
119.495789
118.469139
117.437027
115.526497
114.346169
113.906952
114.790833
116.553146
117.728027
117.437027
115.828392
113.775093
111.721786
109.520264
105.995636
103.788651
101.290680
100.406799
100.994232
102.311874
103.777740
104.216957
104.074188
120.231445
119.935005
119.347565
117.876251
116.553146
115.521042
115.081833
116.404922
117.728020
118.760132
118.469131
117.299713
115.394630
114.071533
112.018234
109.811249
107.895264
105.836502
105.831055
105.831055
106.857704
107.884354
108.175346
107.884354
120.225998
119.786781
119.490334
118.606453
117.140587
116.256699
115.965714
117.288811
118.611908
119.644012
119.353020
118.474586
117.447937
116.273064
114.510750
113.330421
112.001869
110.091339
109.937660
109.937660
110.525101
111.112534
111.112534
110.821541
119.781326
119.342117
119.193893
119.045670
117.579803
116.992363
117.140587
117.733475
119.056572
120.088676
119.797691
119.649460
118.622810
118.178146
116.855049
115.822937
114.642609
113.758728
113.605057
113.023071
113.171295
113.610504
113.610504
113.467743
118.897446
118.897446
118.749222
118.458229
117.579803
117.579803
117.728027
118.320915
119.353020
119.945908
119.945908
119.797684
119.062027
119.056572
118.463684
117.728020
116.695923
116.399475
116.103027
115.812042
115.521042
115.521042
115.669266
115.378273
117.283356
117.722572
117.870796
117.722572
117.431580
117.579803
117.876244
118.469139
119.353020
119.506691
119.506699
119.649467
119.501244
118.617363
118.172691
118.315460
117.579803
117.283356
117.135132
117.283356
116.992363
117.431580
117.140587
116.701370
115.230049
115.669266
115.817490
116.256699
116.256699
116.404922
116.992363
117.585251
118.469139
118.622810
118.331818
118.035370
117.887154
117.590706
117.585251
117.146042
116.997818
116.849594
116.701370
116.849594
116.997818
117.585251
117.294266
117.003273
113.033981
113.324966
113.473190
114.203400
114.642616
115.521042
116.108482
116.553146
117.146042
117.299713
117.299713
116.712280
116.273064
115.537399
115.828400
115.389175
115.680176
115.389183
115.828392
115.685623
117.003273
117.151489
117.299721
117.008720
111.128891
111.568108
112.007324
112.737534
113.758728
114.785385
115.372818
115.669266
116.262154
116.267609
115.976616
115.389183
114.510750
114.362526
114.362526
113.923309
114.510750
114.219757
114.807190
115.251862
116.569504
117.008713
117.744385
117.305176
110.398689
111.128891
111.568108
111.859100
113.319519
114.928146
115.076370
115.812035
115.817490
115.822937
115.531952
114.944511
114.214302
113.626862
113.626862
113.484100
114.071533
114.076988
114.516205
115.251869
116.717728
117.305168
117.892601
117.892601
110.986122
111.716331
112.155548
112.446541
113.610504
114.928146
115.806580
115.954803
116.542244
116.108482
115.965714
115.378273
114.648071
113.769638
114.208847
113.775093
114.214302
114.658966
115.246407
115.982071
117.299713
118.035378
118.622818
118.622810
112.451988
112.451996
113.182198
113.324966
114.346176
115.367371
116.536789
116.536789
116.833237
116.981461
116.838684
115.960258
115.521042
114.351624
114.499847
114.648071
115.235504
114.949966
115.537407
117.151497
118.029922
118.765579
119.644005
119.353020
113.626862
113.917862
114.357079
114.499847
115.224602
115.806580
116.975998
117.266998
117.266998
117.711662
117.272446
117.272446
116.103027
114.933609
115.378273
115.378281
115.526497
115.971161
116.558594
117.733475
119.051117
119.638557
119.935013
119.934998
114.801735
114.944511
115.383728
115.526497
115.521042
116.245796
117.124229
117.415222
117.854431
118.002655
117.711662
117.711662
116.981461
115.812035
116.108475
116.256706
116.404930
116.701370
117.288811
118.024467
118.902893
119.638565
120.225998
120.225998
116.267609
116.558601
116.701370
116.553154
116.108482
116.690460
117.272446
117.563438
118.002655
118.299103
117.859886
117.859886
117.277908
116.838692
117.135132
117.283356
117.283356
117.288803
117.728020
118.167236
118.902901
119.342117
119.199341
119.490334
117.733475
118.024467
117.876251
117.140587
116.844139
117.277901
117.129677
117.859886
117.859886
118.156334
118.595551
118.304550
118.013565
117.574348
117.722572
117.870789
118.019012
117.728020
118.167236
118.167236
118.315460
118.463684
118.172691
118.463684
119.051117
118.611908
118.463684
117.876244
117.870796
117.574348
117.717117
117.568893
117.865341
118.304558
118.304550
118.600998
118.749222
118.452774
118.310005
118.897446
118.749222
118.606453
118.315460
118.167236
117.876244
118.315460
117.585251
118.024467
119.199341
119.051117
119.051125
118.754677
118.019012
117.722572
117.574348
117.865341
117.574348
118.452774
118.452774
118.749222
118.897446
118.600998
118.749222
119.336662
118.897446
118.606453
119.045670
118.167236
117.876244
117.876244
117.585251
117.437035
120.077774
119.490341
119.342117
118.902901
118.310005
117.722572
117.426125
117.717117
118.013565
118.600998
118.600998
118.749222
119.188438
119.040215
119.188438
119.336662
119.045670
119.045670
118.606453
118.167236
117.876244
117.437027
117.146042
117.146042
