123.887939
124.030708
122.861282
122.125626
120.654305
118.304550
117.266998
115.202789
114.159775
113.259529
113.682388
114.687225
116.570496
118.607445
119.474960
120.347939
120.787155
121.517365
121.517365
122.099350
122.395798
122.544014
122.983231
122.544022
123.887939
124.030708
123.004059
122.416618
120.506081
118.886536
117.848976
115.784767
114.302544
113.259529
113.534164
114.978218
116.570496
118.607445
119.474960
120.056946
120.496170
121.226364
121.226372
121.956573
122.104797
122.253021
122.692238
122.253021
123.887939
124.030708
123.004059
122.411163
120.791618
119.172081
118.134521
116.070305
114.588081
113.545074
113.967926
115.269211
116.570496
118.607445
119.474960
120.056946
120.205170
120.935379
120.935379
121.956573
122.104797
122.253021
122.692238
122.253021
124.178932
123.882484
123.586044
122.844925
121.368149
120.182373
118.996590
117.080597
115.746597
114.560822
115.131897
115.851196
117.152481
119.046661
119.623184
119.914185
120.062408
120.792603
120.792618
121.083603
121.522820
121.671036
121.819260
122.110252
124.618149
124.173477
124.019806
123.569679
122.087456
120.896217
119.858658
118.233665
116.608665
115.719330
115.708427
116.427727
117.882690
119.046654
119.771408
119.771416
119.919632
120.358841
120.358849
120.798065
120.649841
121.237274
121.237274
121.380051
124.903687
124.459015
124.305344
123.558777
122.658531
121.901062
120.863495
119.386734
117.618965
116.877846
116.724174
117.300705
118.321899
119.343102
120.067856
119.776871
119.485870
119.485870
119.485870
120.364304
120.216080
120.364304
120.364304
120.655296
124.162567
123.717903
124.294434
123.838860
122.790390
122.472137
121.143585
119.666809
118.195496
116.872391
116.866943
117.300705
118.470123
119.491325
119.782318
119.491325
119.200333
119.200333
118.761116
119.200333
119.343102
119.782318
119.782318
120.073303
124.146210
123.701546
123.838860
123.822502
122.922256
122.752220
121.862885
120.243340
118.481033
117.306152
117.157936
117.448929
118.475578
119.354004
119.205788
119.205788
118.914795
118.914795
118.766571
118.766571
118.618347
118.618347
118.618347
119.057564
123.542412
123.097748
122.944069
123.218704
122.905899
122.593094
121.703758
120.528885
118.772018
117.306160
117.157936
117.893593
118.481033
119.068466
118.777481
118.777473
118.190041
118.190041
118.041817
118.481033
118.041817
118.041809
118.041809
117.893593
122.790390
122.345726
122.779488
122.763130
123.037766
123.021400
121.841080
120.523430
118.766571
117.306152
117.306152
117.750824
118.486488
118.634705
118.491936
118.491936
117.613510
117.613510
117.756279
117.756271
117.317062
116.877853
116.877853
116.877853
121.895607
121.890152
122.032921
122.164780
122.296646
122.576736
121.544632
120.375206
118.766571
116.866943
116.724167
117.168839
117.904503
118.200943
118.058174
118.058174
117.909950
117.909950
117.613510
117.174294
116.735077
116.295860
116.295860
116.295860
120.561600
120.995361
120.847137
121.423676
121.703766
121.841080
121.105423
120.226982
118.766571
116.866943
116.575951
116.581406
117.465286
117.322517
117.618958
117.767181
117.327965
117.327965
117.179749
116.740532
116.449539
115.571106
115.571106
115.571106
119.957809
119.809586
119.661354
120.243347
121.116318
121.110870
120.814423
119.496780
118.036362
116.575951
116.284958
116.290405
116.586853
116.883301
117.179749
117.327965
117.327965
117.476189
117.476189
116.306770
116.015778
115.137344
115.137344
115.137344
118.920242
119.359459
119.211235
119.502228
120.671654
120.380661
119.793228
118.914795
117.745377
116.575943
116.284958
115.702972
116.147644
116.444092
116.740524
116.888748
117.476189
117.185196
117.185196
116.454994
115.724785
114.994583
114.994583
114.994583
119.057556
119.057556
118.618347
119.205780
120.084213
120.232437
119.793228
118.914795
117.745377
116.866943
116.575951
115.993965
116.290405
116.586853
116.883301
117.031525
117.618958
117.476189
117.185196
115.873009
115.142807
114.412598
114.412598
114.412598
119.200333
119.200333
118.761116
119.057564
119.496780
119.645004
118.914795
118.914795
118.036362
116.866943
116.575951
116.433182
116.581406
116.877846
117.174294
116.883301
117.322517
117.327972
117.036980
116.164001
115.433792
114.703583
114.703583
114.412590
119.343102
119.200333
119.200333
119.348557
119.787766
119.057564
118.914795
118.475578
118.036362
117.597153
117.306160
117.454376
117.163391
117.459831
117.608055
117.465286
117.465286
117.322510
116.740532
116.015778
114.994576
114.264374
114.264374
113.973373
119.782318
119.491325
119.491325
119.348557
119.348557
119.348557
118.766571
118.766571
118.327354
117.597145
117.745369
117.893593
117.893593
118.190033
118.190033
117.899048
117.608047
117.465286
116.883301
116.158546
115.137344
114.264374
114.264374
113.973381
120.221527
119.930542
119.930542
119.639549
119.639549
119.348557
118.766571
118.766571
118.766571
118.475571
118.327354
118.475578
118.184586
118.481033
118.481033
117.899048
117.608063
117.465286
116.883301
116.158546
115.137344
114.264374
114.264374
113.973373
121.099960
120.808968
120.808968
120.369751
119.930542
120.078766
119.496780
119.496780
118.766571
118.475578
118.475578
118.475586
118.623802
118.772026
118.481033
117.750824
117.168839
117.026070
116.444084
115.719330
114.698135
113.825157
113.825157
113.534164
121.390961
121.099960
121.099960
120.808968
120.808968
120.226990
119.645004
119.496780
119.057564
119.205780
118.914795
118.914795
118.475578
118.772018
118.190033
117.899048
117.168839
116.586853
116.004868
115.280121
114.698135
113.825150
113.825150
113.534164
121.830170
121.539177
121.539177
121.248184
121.248184
120.957199
120.375214
120.226990
119.496780
119.496780
118.914795
118.914795
118.623802
118.772018
118.481033
117.459839
116.877853
116.295868
115.713882
114.840904
114.258926
113.385941
113.385941
113.094955
121.830170
121.539177
121.539177
121.248184
121.248184
120.957199
120.375214
120.226990
119.496780
119.496780
118.914795
118.914795
118.623802
118.772018
118.190041
117.459839
116.877853
116.295868
115.713882
114.840904
114.258926
113.385941
113.385941
113.094955
122.269379
121.978394
121.978394
121.687393
121.687401
121.396408
120.814423
120.666199
119.935989
119.935989
119.354004
119.354004
118.623802
118.772026
118.190041
117.459831
116.438629
115.856651
115.274666
114.401688
113.819702
112.946732
112.946732
112.655731
