77.161125
77.309349
77.161118
76.282700
75.986252
75.547035
76.277245
77.298447
78.176872
79.785507
82.420807
85.352539
89.014481
93.263855
97.655998
102.926582
108.339928
112.435631
113.901505
112.435638
110.387779
108.630920
107.604271
107.604263
77.161125
77.309349
77.161118
76.282700
75.986252
75.547035
76.277245
76.859238
78.176872
79.346298
81.981590
84.913322
88.575256
92.385422
97.216789
102.487366
107.900711
111.557205
113.023071
112.435631
110.239555
108.482697
107.752487
107.604271
77.161125
77.309349
77.161118
76.282700
75.986252
75.547035
76.277245
76.859238
77.298447
78.467865
81.103165
84.034897
87.257614
91.506996
95.459930
100.730515
106.143860
109.948563
112.144638
111.557205
110.239555
109.361130
108.482697
108.334480
77.309349
77.457573
77.309357
76.721909
75.986252
75.547035
75.838028
76.129028
76.859230
77.589432
79.785507
81.838821
85.500755
88.871704
92.824638
97.804222
103.217575
107.461502
109.948563
110.239555
109.800339
109.943115
109.652122
109.943115
78.039551
77.748566
77.748566
77.161125
76.134476
75.547035
75.398819
75.689804
75.980804
76.271797
78.467865
80.081955
83.013702
85.945427
90.189346
94.729721
99.412857
103.656784
107.022285
108.482697
109.652122
110.234108
111.112534
111.403526
78.187790
77.896790
77.748566
77.161133
76.134476
75.695259
75.107819
74.811371
75.102371
75.102371
76.420013
77.594887
80.669388
83.161911
86.236420
91.216003
95.459930
99.852081
103.947784
106.286621
109.064682
110.816086
112.133736
112.863937
78.187790
77.896790
77.748566
77.161133
76.134476
75.695259
75.107819
74.811371
74.223938
74.075714
75.684357
76.568237
78.764313
81.405052
84.479553
88.141502
92.533646
96.338364
100.873283
104.529762
108.186249
110.667862
111.694519
112.715721
78.187790
77.309357
77.309349
77.161118
75.843483
75.695251
74.959595
74.372162
74.223938
73.636505
74.954147
75.980804
77.885880
80.378395
83.013687
86.236412
89.459145
93.263855
97.798767
101.894478
106.281174
109.350220
111.255310
112.276505
77.457565
77.309357
76.721909
76.721909
76.134476
75.547043
75.250595
74.372162
73.636505
73.488281
74.514938
75.393372
77.298447
79.642746
81.696045
83.892120
87.114838
90.480347
93.845840
98.819977
104.085098
108.032578
109.789436
110.958862
77.309357
77.161125
76.282700
76.573685
76.134476
75.547043
74.959595
74.223938
73.636505
73.488281
74.366714
74.805923
76.710999
78.616089
80.669395
81.987030
84.331329
87.114853
91.210548
96.184685
101.449814
105.836502
107.593361
108.762787
76.721909
76.573685
76.573685
76.573685
76.134476
75.838028
75.541580
74.223938
73.636505
73.488281
73.488281
74.366714
76.271790
77.589432
78.912537
80.230171
82.135269
84.770554
88.136047
93.549393
98.814514
103.201210
105.545509
106.566711
77.012909
76.573685
76.573685
76.864685
76.425468
75.986252
75.250595
74.223938
73.345512
73.197296
73.197296
73.927498
75.102371
76.420013
77.885880
78.912529
80.378403
82.426254
85.500748
91.205093
95.740021
100.274933
102.322784
103.201210
77.012909
77.012909
77.012909
76.864685
76.425468
76.277245
75.250595
74.372162
72.906296
72.467079
72.318863
72.906296
74.514931
75.541580
76.716461
77.594894
78.912537
80.378403
83.595673
88.278816
92.813736
96.470222
98.078857
99.248276
77.303902
77.303902
77.303902
76.716461
76.716461
76.277245
75.250595
73.932953
72.615303
71.736877
71.588654
72.467087
73.784729
74.811371
75.689812
76.277237
77.743118
78.912537
81.399605
86.082733
89.739227
92.956497
94.565140
95.443573
77.007446
77.007446
77.007446
76.716461
76.716461
76.277245
75.250595
73.932953
72.615303
71.736877
71.588654
71.588654
72.906296
73.932945
74.811386
75.689812
76.277237
77.155670
79.790970
83.595673
86.812943
89.591003
91.347870
91.929848
76.859230
76.859230
76.859230
76.568237
76.277245
75.986252
74.959595
73.202744
71.885101
71.297668
71.149429
71.588654
72.758072
74.075714
74.663147
75.541580
75.547043
76.425461
78.473320
81.399605
84.325882
86.225510
87.834152
88.273361
77.001999
77.001999
76.420013
76.420013
75.838028
75.547035
74.229393
72.911751
71.445877
70.567444
70.419235
71.292206
73.049065
73.927490
74.514938
75.102371
75.547043
76.134476
77.743118
79.351746
81.838814
83.299225
84.468651
84.907867
76.853775
76.853775
76.271790
75.980797
75.398819
75.107819
73.499184
72.472534
71.006668
70.419220
70.271011
71.292206
72.461624
73.779282
74.805923
75.102371
74.959602
75.404266
76.721916
78.182327
79.790962
80.663940
81.542374
81.981583
76.705551
76.705551
75.975342
75.684357
74.811378
74.229393
73.499184
72.472534
71.006668
70.858444
70.271011
71.292206
72.461624
73.779266
74.366707
74.954147
74.520386
74.965057
75.843491
76.425468
78.034103
79.198067
79.346298
79.785507
76.266342
76.557327
75.975342
75.393356
74.372162
74.229393
72.911743
72.324310
71.297653
70.710220
71.001221
71.731422
72.461624
73.340057
74.075714
74.223938
74.081169
74.525833
74.965057
75.547043
77.007454
78.319641
78.171417
78.610634
75.975342
75.827126
75.536133
74.805923
74.223938
73.932953
73.202744
72.615303
72.027863
71.879639
71.440430
72.170639
72.609856
73.197296
73.636505
73.493729
73.350967
73.938400
74.377625
75.398819
76.710999
77.732201
77.583977
78.314194
75.827118
76.266335
75.975342
75.245132
74.514931
73.493736
73.054520
72.467079
72.318848
71.879646
72.170639
72.609848
72.609848
73.488281
73.636505
73.493736
72.911743
73.499184
73.938400
74.811386
76.562782
77.583984
77.583984
77.874985
75.536133
75.827118
75.536125
74.805923
74.075714
73.493736
73.054520
72.467079
72.318848
72.318863
72.170639
72.609848
72.609848
73.197281
73.345512
73.054520
72.911743
73.499184
73.938400
74.811386
76.123566
77.144768
77.435768
77.287537
75.536140
75.827133
75.536133
74.805923
73.927490
73.054520
73.054520
72.467079
72.318848
72.758072
72.609848
72.609848
72.609848
73.197296
73.345505
72.763535
72.472534
73.059967
73.499191
74.372162
75.684357
76.705551
76.996552
77.578529
