114.208847
114.499840
114.648064
114.208847
114.648064
114.208847
113.769638
113.917862
114.357071
114.357071
114.066086
114.505295
115.092735
114.653519
115.531952
116.558601
117.585251
118.760132
119.929550
120.807983
121.538185
121.977402
122.416618
123.295044
114.796288
114.796288
114.796295
114.648064
114.796295
113.917862
114.357071
113.626869
114.505295
114.208847
114.505302
114.653519
115.092728
115.092735
115.531952
116.558601
117.585251
118.611908
119.490334
120.368767
121.538185
121.977402
122.855835
122.855835
114.944519
114.944504
114.944511
115.235504
114.944504
114.505295
114.505295
114.505295
114.944511
114.357071
114.505295
114.653519
115.092728
115.092735
115.531952
116.558601
117.146042
118.611908
119.051117
120.368767
121.538185
121.977402
122.416618
122.855835
115.389175
115.680168
115.680168
115.680168
115.680168
115.240959
115.092735
114.801743
115.092728
114.944519
115.092735
115.092743
115.531952
115.531952
115.531944
116.119385
117.146042
118.024467
118.611908
119.490334
120.659760
121.247192
121.686409
122.416618
116.273064
116.273056
116.273064
116.124840
116.124832
115.976616
115.685631
115.537399
115.537399
115.531952
115.828392
115.680168
115.971161
115.531952
115.822937
115.680176
116.267609
116.997818
117.294258
119.051117
119.929550
120.807976
121.686409
121.686409
117.156944
117.156944
116.717735
117.008720
116.569504
115.982071
116.421280
116.273064
116.564049
116.267609
116.267609
116.267609
116.119385
115.971161
115.971169
115.531952
116.119385
116.410370
116.267609
118.315460
119.342117
120.077774
120.956207
120.956207
117.453392
117.453392
117.453392
117.305168
116.865952
116.717728
116.569504
116.569511
116.860504
116.855049
116.564056
116.267601
116.119385
115.680168
115.971161
115.240959
115.240952
115.971161
116.267609
117.585251
119.051125
119.786781
120.225998
120.956207
117.601608
117.601608
117.601608
117.453392
117.014168
116.865944
117.014175
116.865952
117.008720
116.421280
116.712280
116.415833
115.976616
115.680168
115.828392
115.240959
115.389175
115.531952
115.828400
117.294266
118.611908
119.786781
120.225998
120.225998
117.749832
117.749832
118.040833
117.310616
117.162392
117.162392
116.723175
116.723183
116.865959
116.569504
116.569504
116.273064
115.685616
115.537399
115.537407
114.949966
114.949966
115.240959
115.828400
117.442490
118.760132
119.495789
120.083229
120.374222
117.601608
117.601608
117.601608
117.601608
116.871407
117.162399
117.162399
116.871407
116.865952
116.717735
116.130295
116.273064
115.833839
115.246414
115.246414
115.098190
115.098183
115.098190
115.976616
117.151489
118.320915
119.935005
119.644012
120.374222
118.183594
118.035370
117.744385
117.744385
117.453384
117.453392
117.453392
117.453392
117.156944
117.008728
116.569504
116.421288
115.833855
115.246414
115.246407
115.098183
115.098190
115.246414
115.976616
117.299713
118.617355
119.644012
119.501244
120.083229
117.881706
118.029915
118.029922
118.178146
117.738930
117.447937
117.887154
117.887154
117.299713
117.299713
117.151489
116.712280
116.273064
115.685623
115.685623
115.685623
115.246414
115.685623
116.273064
117.299713
118.474594
119.501236
119.501244
119.940460
118.167236
118.019012
118.167236
118.315460
118.024467
118.172691
118.320908
117.881699
117.881699
117.881699
117.442482
117.003273
116.564056
116.415833
116.124840
115.685623
115.394638
116.273056
116.421288
117.887146
118.622810
119.649460
119.797684
120.088676
117.865341
117.865341
118.013565
118.452774
118.310013
118.458229
118.606461
118.606453
118.315453
118.463684
117.585251
117.585258
117.146042
116.706825
116.415833
116.415840
115.982063
116.273064
117.008720
117.744385
118.331818
119.649467
119.797684
120.236900
117.568893
117.129684
117.717117
118.156326
118.013565
118.161789
118.310005
118.310005
118.019020
118.167236
117.288811
117.288811
116.997810
116.706825
116.997818
116.415833
116.564056
116.712280
117.008728
118.326370
118.771034
119.649467
119.797684
120.236900
116.542244
116.542244
116.690460
117.420670
117.277908
117.426132
117.574341
117.574348
117.283356
117.431572
116.992363
116.992363
116.992363
116.262161
116.701370
116.849602
116.706825
117.294266
117.881699
118.617363
119.062027
119.792236
119.940460
120.379669
115.954803
115.515594
116.103027
116.103027
116.690460
116.251251
116.399475
116.399475
116.399475
116.547699
116.399475
116.547699
116.256699
116.695923
116.404922
116.992363
117.579803
117.876251
118.463684
119.051117
119.495789
119.644012
119.792236
120.231445
115.224594
114.785385
115.372818
115.372818
115.812035
115.663818
115.663811
115.372826
115.812042
115.812035
115.812035
115.372818
115.960258
116.108475
116.547699
117.135132
117.283356
117.870789
118.606453
118.902893
119.199341
119.786781
119.935005
119.495789
114.642609
114.203400
114.642616
114.642616
115.081833
115.081825
115.081833
115.081833
115.081825
115.081825
115.081833
115.081833
115.960258
115.960258
116.547691
116.986908
117.574356
118.161781
118.897446
119.045670
119.342110
119.929550
119.638557
119.638557
114.796288
114.357079
114.796288
114.796288
114.648064
114.648064
114.357071
114.796288
114.648071
115.087280
114.648064
114.939056
115.378281
115.817490
116.256706
116.695915
117.135132
117.574348
118.600998
118.749222
119.045670
119.193893
119.342110
119.781326
114.949966
114.949966
114.801743
114.219757
114.071533
114.071541
114.071541
114.071541
114.510750
114.362526
114.801743
114.944511
115.383728
115.383728
115.674721
116.695923
116.695915
117.426117
117.865341
118.161789
118.897446
118.897446
119.484879
119.484879
114.955421
114.955421
114.955421
114.225220
114.225220
113.785995
113.346779
113.346779
114.076988
114.516205
114.807198
114.949974
115.240959
115.240952
115.383728
116.404922
116.256699
116.986908
117.574341
118.013565
118.161789
118.749222
118.749222
119.188438
114.812653
114.812653
115.251862
114.521660
113.643234
113.643234
113.495010
113.204010
114.225212
113.934219
114.225212
114.367981
114.949959
115.240959
115.531952
116.113930
115.817490
116.838692
117.426125
117.574348
118.013565
118.600998
118.749222
119.188438
115.251862
115.251862
114.960869
114.230659
113.791443
113.352234
112.913017
113.352226
114.373436
113.934219
114.664429
114.807205
114.658974
115.389175
115.240959
116.113930
116.256699
116.838684
116.986908
117.574348
118.013565
118.452774
118.600998
119.188438
