111.848198
110.382324
107.011375
100.999687
93.082909
85.759033
80.631226
76.535515
74.344894
71.863281
70.402870
69.667213
70.106430
70.831177
71.413162
73.307343
75.492508
78.116890
79.286308
80.894943
82.360817
82.360817
83.239250
83.678467
111.996414
110.530548
107.159607
101.147903
93.670349
86.489243
81.070435
76.974731
74.344894
72.302505
70.693863
69.667213
70.106430
70.540184
71.413162
73.598335
75.931725
78.265114
79.725525
80.455734
81.921600
82.800034
83.678467
83.678467
112.583855
111.117981
107.747040
102.174561
94.987999
87.658661
82.239853
77.853165
75.223328
72.593491
70.693863
69.667213
70.106430
70.540184
71.122169
73.307343
75.492508
77.825897
79.286316
80.455734
81.921600
81.921600
83.239243
83.239243
113.610504
112.144638
109.212906
103.931419
96.305634
89.415527
83.848495
79.901016
76.101761
73.032700
71.572296
70.106430
70.106430
70.249199
71.122177
73.016342
75.201515
77.095688
78.847092
79.577301
81.043167
81.773376
82.360817
82.651810
115.224594
113.758728
110.826996
105.397285
98.649940
92.050812
86.044571
81.509651
77.710388
74.350349
72.154274
70.693863
70.254646
70.397415
70.831177
72.286140
74.762299
76.656479
78.116890
79.577301
80.164742
81.334167
82.212585
81.773376
116.547699
115.372818
112.732079
107.889809
101.285225
94.246887
88.531631
83.996719
79.319031
75.371552
73.032707
71.424072
70.545639
70.397415
70.540192
71.995148
74.323082
76.074493
77.825897
78.847099
79.725525
80.455734
81.334167
81.334160
117.722572
116.838684
114.197945
109.355675
103.338531
96.442963
90.727722
85.753586
81.075890
76.101753
73.614693
71.715057
70.836632
70.397415
70.540192
71.995148
73.741104
75.196060
76.947472
77.968666
78.847099
80.164742
80.455734
80.455734
119.040215
118.013565
115.663811
111.260757
105.243614
98.496262
92.632790
87.071220
81.806099
77.122955
74.196671
72.297050
71.127625
70.979393
70.831177
71.995148
73.741104
74.905075
76.217262
77.238464
78.116890
79.286316
79.725525
79.725525
120.945297
119.622200
117.129677
112.726624
106.857704
100.401344
94.246880
88.828079
82.536301
77.704941
74.339447
72.730812
72.000595
71.270386
71.122177
71.846924
73.010895
74.174866
75.047844
76.217262
76.947472
78.556099
78.556107
78.995316
121.823730
120.648849
118.156334
114.192490
108.471794
102.163658
96.300186
90.293945
84.144943
79.165352
75.360641
73.603783
72.582588
71.852386
71.264946
71.698700
72.719902
73.444649
74.026642
75.487053
76.365486
77.386688
77.386688
78.116890
122.702156
121.088066
119.034760
115.367371
110.525101
104.513405
99.089149
92.786469
86.341011
80.773987
76.672836
74.476761
73.164566
71.995148
71.407707
71.698700
71.989693
72.862671
73.005440
74.905075
75.635277
76.804703
76.804703
77.534904
122.702156
121.675507
119.622200
116.690468
112.435631
107.450592
101.587128
95.427208
88.685310
82.673615
78.133247
75.497963
73.746552
72.286133
71.407715
70.968498
71.550476
72.280685
72.862671
74.323082
74.905075
76.222717
76.074493
77.243919
122.114716
121.236290
119.770424
117.717117
114.785385
110.096786
104.963524
98.655388
91.320602
85.160690
80.032875
76.958374
74.328537
72.428917
71.259491
70.529282
70.820274
71.259491
71.841469
73.301888
74.323090
75.492508
75.931717
76.222717
121.236290
120.357857
119.479431
117.722572
115.817490
112.885750
107.900711
101.444351
94.252335
87.356758
82.519943
78.567009
74.910522
72.571678
70.820267
70.529282
70.381058
70.968498
71.259483
72.719902
73.741096
74.910522
75.201523
75.931717
119.182983
118.452774
118.013565
117.431580
116.553146
114.357071
110.250465
104.376091
96.887619
90.140274
85.007011
80.175644
76.370934
73.450111
71.402252
70.672050
70.090065
70.386505
70.968491
72.137917
73.159119
74.328537
74.619537
75.349731
115.812035
115.372818
115.521042
115.965714
116.701370
115.531952
112.303772
106.429398
99.528366
92.775566
87.642303
82.223503
77.979568
74.614075
72.423454
70.963043
70.090065
70.386513
70.825722
71.555931
73.016342
73.746552
74.037552
74.619522
111.853645
111.853653
112.150093
113.912407
115.822937
116.558601
113.917862
108.482697
102.311874
95.707291
90.277588
84.858788
79.588211
76.074493
73.296432
71.545029
70.529274
70.534729
70.534729
71.264938
72.286140
73.016342
73.307343
73.746559
107.456047
108.043480
108.779144
111.568108
114.796288
116.706825
115.235504
110.536003
104.804398
98.639038
93.209320
87.494080
82.075279
77.683128
74.465858
72.275230
71.111267
70.825729
70.243744
71.413162
71.995148
72.286148
72.725357
73.307335
103.206665
103.645882
105.699188
109.514801
113.330421
116.410378
116.113937
112.292862
106.857704
101.718994
96.289276
90.425812
83.980354
79.291771
75.487053
73.005440
71.111259
70.825729
70.243744
70.534729
71.704155
71.846924
72.286140
72.577133
98.369858
98.957291
101.010597
105.556419
111.128891
115.235504
115.817490
113.610504
109.350220
104.798943
99.808456
93.505768
87.054855
81.339615
77.095688
74.317627
71.984238
70.529282
69.947296
70.238289
70.968498
72.137917
72.137917
72.428909
93.242043
94.559685
96.909431
102.624680
108.488152
113.764183
115.812035
114.049721
111.403526
107.587906
103.036629
96.585724
89.547379
83.244698
78.704330
75.047836
72.275238
70.672050
69.650848
69.941833
71.111267
71.550484
71.841469
72.280685
89.728325
91.336960
93.977699
99.692947
106.725838
112.880302
115.076370
114.779930
113.017616
109.641212
105.386383
98.787254
91.452461
85.001564
79.873749
75.926270
72.566223
70.523827
69.502632
69.354408
70.814819
71.693253
71.693253
72.132462
87.235794
89.140884
92.072617
98.666298
105.550964
112.144638
114.928154
115.658356
113.605057
111.255310
107.000473
100.104897
92.918327
85.879990
80.603958
76.508255
73.148209
70.666595
69.354408
69.206177
70.814819
71.693253
71.693253
72.132462
86.357376
88.262451
91.045975
98.078857
105.402740
112.144638
115.076370
115.658356
114.483482
111.842743
107.587906
100.692337
93.209320
86.319206
80.752182
76.656479
72.857216
70.227379
69.206184
69.057968
70.666595
71.693253
71.693253
72.132462
