83.304688
83.304688
82.574471
81.547821
79.790962
78.621536
76.864685
76.425461
76.425468
75.547035
75.107819
74.377617
73.938400
73.647415
72.620758
72.911743
72.472534
72.033325
72.620758
74.086624
75.843483
76.430923
77.309349
77.018364
83.892120
84.183105
82.865463
81.547821
79.939178
78.621536
76.864685
76.425461
75.986252
75.107819
74.668610
74.377617
73.938400
73.938400
73.059967
72.911743
72.472534
72.033310
73.059975
74.377617
75.843483
76.430923
77.309349
77.018364
84.622330
84.622330
84.034889
82.426254
80.669388
78.621536
76.864685
76.425461
75.986252
74.668610
74.668610
74.377617
73.938400
73.938400
73.059967
72.911743
72.472534
71.885101
72.472534
73.790176
74.965057
75.552490
76.430923
76.139938
86.230965
86.082741
85.352539
83.304688
80.669403
78.473320
76.425476
75.986252
75.547043
74.668610
74.229393
73.938400
73.938400
74.377625
73.499191
73.350967
72.472534
72.324310
72.472534
73.350960
74.525833
74.822281
75.552490
75.261505
88.278809
87.839600
86.521957
84.325882
81.399597
78.473320
76.425476
75.547035
74.668610
73.790176
73.790176
74.229401
73.790176
74.229385
73.938400
73.350967
72.763527
71.885094
72.033325
72.472534
73.499191
73.795631
74.234848
73.943863
90.765884
90.469437
88.569809
85.934525
82.278030
78.325089
75.838036
74.959602
74.081177
73.790176
73.350960
73.790176
73.790176
74.377617
73.938400
73.641953
72.615295
72.027878
71.445892
71.885101
72.181534
72.477989
73.065430
72.917206
93.104721
92.517288
90.469437
87.103943
82.860016
78.616089
75.689812
74.811378
74.081177
73.350960
73.350960
73.790176
73.641953
73.790176
74.229393
73.202744
72.176086
71.879654
71.149429
71.297653
71.594109
72.181549
72.329765
72.181541
95.882782
94.856140
92.956505
88.273361
83.151009
78.319641
75.541580
74.372169
73.493729
73.202744
73.202744
73.641953
73.641960
73.641953
73.350960
72.615311
71.149437
70.852989
70.561996
70.561996
70.858444
71.006668
71.154892
71.006668
98.660843
97.343201
95.147125
89.733772
83.732986
78.610641
74.954147
74.075714
73.345520
73.784729
73.493729
73.054520
73.202744
72.911743
72.472534
71.588654
70.852982
69.826340
69.535339
69.535339
70.122787
70.561996
70.710220
71.001213
101.147911
99.682045
96.903984
91.633408
84.902420
78.901627
75.536133
73.927490
73.636505
74.075714
73.345505
73.345520
73.054520
72.615311
72.176094
71.001205
70.704773
69.678116
69.678116
70.117325
70.265549
71.434975
71.292206
71.583199
103.195755
101.587128
98.951836
93.681259
86.511047
79.631836
76.557327
74.509476
74.070267
74.218491
73.779266
73.340057
73.488281
73.049072
72.758080
72.461624
71.725967
71.138527
71.577744
72.016953
73.043610
73.773819
73.922043
74.361252
105.100845
103.783203
100.708694
95.586342
88.267914
81.679688
78.165970
75.239685
74.213036
73.773819
73.334602
72.747162
73.773819
74.213028
74.652252
74.064812
73.916595
73.916580
74.795013
76.112663
76.991089
78.308739
78.896179
78.896179
106.714935
105.836502
102.613777
97.052208
90.903198
84.605972
80.653030
76.551872
74.646797
73.180923
72.741714
73.032700
74.789566
75.667999
76.398209
76.837418
76.837425
77.424850
78.890717
80.647583
82.404434
84.161301
84.748741
85.187950
107.889809
107.011375
104.079643
99.396507
93.538483
87.093033
83.140106
78.890717
76.107208
73.762924
74.053902
74.344902
76.831963
78.588829
79.758240
80.784897
81.663330
82.398987
84.304070
86.500145
88.257004
89.871094
90.749527
91.188736
107.598816
107.011383
104.667084
100.274933
95.295349
90.606758
86.653816
82.695435
79.763687
77.567619
77.419403
78.588821
81.075897
83.562958
85.319817
86.346474
86.933907
88.108780
89.722870
92.209938
93.824028
95.438110
96.316544
97.194977
106.281174
105.550964
103.497658
101.301590
97.930634
94.411469
91.776184
88.405228
85.912704
84.155846
84.446838
85.616257
88.542542
91.617050
93.225677
94.400558
95.136215
96.162872
97.776962
99.533821
100.856918
101.883568
102.762001
103.349442
104.233322
103.794106
103.058441
102.031792
100.417709
98.951836
97.337746
94.993454
93.088364
91.770721
92.500931
94.548782
97.475060
100.110352
102.163658
103.190308
103.777740
104.804398
105.540054
106.714935
107.889809
108.625473
108.773689
109.212906
101.598030
102.037247
102.328232
102.619232
102.762001
102.613777
102.317329
101.290680
99.973038
98.946381
99.385597
102.020889
105.095390
108.021667
109.635757
110.223198
111.249847
111.837288
112.133736
113.017616
113.462280
113.610504
114.197945
114.346169
100.280388
100.867828
101.889023
103.058441
104.518860
105.836502
106.418488
105.540054
104.661629
104.222412
105.100845
106.857704
109.932205
112.567497
113.742371
114.769020
115.356461
116.092117
116.240341
116.685013
116.838684
116.838684
116.986908
116.844139
99.692947
100.132164
101.740799
103.497658
105.984726
108.620010
109.789436
109.937660
108.768234
108.768234
109.355675
110.821548
112.726624
114.192490
115.367371
116.394020
117.272446
117.711662
117.717117
118.013565
118.019012
117.728027
118.315460
118.024467
98.666290
99.692947
101.301590
103.936874
107.889809
110.964310
112.869392
112.726624
112.435631
112.144638
112.292862
113.028519
114.203400
114.790833
115.674721
116.553146
117.431580
118.019012
118.167236
118.024467
117.881699
117.738930
117.887154
118.035370
98.078857
99.396507
101.153366
103.936874
108.768234
112.869392
114.631706
114.779930
114.637161
114.055176
114.790833
114.208847
114.944511
114.949966
115.098190
115.976616
117.003265
117.733475
118.320915
117.887154
117.596161
117.453392
117.162399
117.601608
97.782410
99.396507
101.005142
104.376091
108.916458
114.044273
115.949348
116.394020
116.251251
115.669266
115.965714
115.531952
115.537399
115.394630
115.542854
116.421288
117.299713
118.326363
118.474594
118.183594
117.892609
117.749832
117.458847
117.167847
97.491425
99.248276
101.153366
104.376091
109.503899
114.483482
116.976006
117.272446
117.277901
116.695915
116.553146
116.267609
116.124832
115.982063
115.839302
116.717728
117.596161
118.474594
118.474586
118.480042
118.040833
117.898056
117.167854
117.755287
