66.258087
66.258087
66.258087
66.554535
66.993752
67.290192
67.290192
67.729401
67.581184
67.432961
67.432961
67.136520
67.279297
67.131065
67.131065
67.427505
67.723953
67.877632
68.316849
68.613297
69.052505
69.491722
69.491722
69.491722
66.258087
66.258087
66.258087
66.554535
66.993752
67.290192
67.290192
67.729401
67.581184
67.432961
67.432961
67.136520
67.279297
67.131065
67.131065
67.427505
67.723953
67.877632
68.316849
68.613297
69.052505
69.491722
69.491722
69.491722
66.258087
66.258087
66.258087
66.554535
66.993752
67.290192
67.290192
67.729401
67.581184
67.432961
67.432961
67.136520
67.279297
67.131065
67.131065
67.427505
67.723953
67.877632
68.316849
68.613297
69.052505
69.491722
69.491722
69.491722
65.967094
65.967094
65.967094
66.263542
66.702759
67.290192
67.290192
68.020401
67.432968
67.284744
67.284744
67.427505
67.131073
66.691856
66.691856
66.988297
67.575729
68.168625
68.168625
68.465073
68.904282
68.904282
68.904282
68.904282
66.263542
66.263542
66.263542
66.263542
66.850975
67.290192
67.290192
67.581192
67.432968
67.575729
67.427505
66.840080
66.543633
66.543633
66.543633
66.840073
67.866722
67.872177
68.311386
68.168625
68.756065
68.904282
68.904282
68.904282
66.263542
66.263542
66.263542
66.702759
67.290192
67.581192
67.581192
67.872177
67.284744
67.427513
67.279289
67.131065
66.543633
66.104416
66.104416
66.840073
67.427513
68.163162
68.163162
68.020401
68.168625
68.316849
68.316849
68.316849
67.141968
67.141968
67.141968
67.141968
67.290192
67.581192
67.581192
67.872177
67.284744
67.427513
67.279289
67.131065
66.543633
66.104416
66.104416
66.840073
67.427513
68.163162
68.163162
68.020401
68.168625
68.316849
68.316849
68.316849
68.163170
67.723953
67.723953
67.723953
67.872177
68.602386
68.163177
68.311401
68.163177
68.305939
68.014954
67.718506
66.988297
66.988297
66.988297
67.136513
67.284737
67.723953
67.723953
67.581192
68.020401
68.607834
68.607834
68.607834
69.184372
68.893379
68.893379
68.454163
68.454163
68.893372
68.893372
68.602386
69.041595
68.893372
68.602386
68.602386
68.163170
67.432961
67.432961
66.993752
67.581192
67.581192
67.581192
67.581184
68.020401
68.459618
68.459618
68.459618
70.793015
70.353798
70.502014
70.062798
69.475365
69.623589
69.475357
68.893387
69.041595
69.480812
68.898827
68.898834
68.607834
68.168625
68.168625
67.438416
67.438416
67.290199
67.290199
67.290192
68.020401
68.459610
68.459610
68.459610
73.428291
73.280067
72.989075
72.401642
71.232216
70.792999
70.205566
69.623589
69.771805
69.480812
68.898827
68.898834
68.607834
68.316849
68.316849
67.438416
67.438416
67.290199
67.290199
67.290192
68.020401
68.459610
68.459610
68.459610
76.793785
76.793785
75.915367
74.597717
72.840851
71.962433
70.644783
69.914574
69.332596
69.041603
68.020401
68.168625
68.025856
68.025848
68.025848
67.586639
67.586639
67.877632
67.877632
67.729401
68.607841
68.607841
68.607841
68.607841
80.894951
80.746727
79.429085
77.672226
75.327927
73.131851
71.374992
70.205566
68.893379
68.602386
68.020401
67.729416
67.586639
67.734863
68.174080
67.734863
68.025856
68.025856
68.025856
68.168617
68.756058
69.047058
69.047058
69.047058
85.435318
85.287094
83.821228
81.334167
78.550659
75.179703
72.692635
71.083992
69.623589
68.163162
67.432968
67.290192
67.586639
68.174080
68.174080
68.174072
68.465073
68.465065
68.465065
68.756058
68.904282
69.195274
69.195274
69.195274
91.150566
91.002342
88.949036
86.313751
82.651810
78.841644
75.476151
73.280067
71.380447
69.623581
68.311394
68.168617
68.025856
68.613297
68.174080
68.174072
68.465073
68.465065
68.465065
68.756058
68.904282
69.195274
69.195274
69.195274
98.770897
98.183456
96.130150
92.468208
88.218834
83.530243
79.868301
76.793793
73.867508
71.671432
69.771805
69.041595
68.607841
69.195274
68.465073
68.613289
68.904282
68.613297
69.052505
68.904282
69.052505
68.904282
68.904282
68.904282
106.687668
105.512787
103.898705
99.649323
94.373291
89.097260
84.996109
81.185944
77.233009
74.597717
71.962433
70.941231
69.920029
70.216476
69.486267
69.343498
69.343498
69.200729
69.491722
69.052505
69.052505
68.613297
68.613297
68.613297
112.847580
112.111923
110.058617
105.809242
100.675980
95.251724
90.123917
85.726318
81.185936
77.963211
75.327927
72.989075
71.819664
71.237671
70.655685
70.073715
70.073708
69.491722
69.491722
69.052505
68.761513
68.322296
68.322296
68.322296
116.811424
115.636543
113.731468
110.064072
104.930809
99.358337
94.960732
90.123917
85.726311
81.916145
78.841644
76.793793
74.745941
74.015739
72.555321
71.534119
71.243118
70.370148
70.370148
69.052505
68.761513
68.322296
68.322296
68.322296
117.997200
116.822327
115.208237
112.567497
108.312660
104.057831
99.803001
95.696388
91.150566
87.631393
84.699654
81.916145
79.720070
78.111435
76.063583
74.312180
72.851761
71.830559
70.952133
69.491722
69.052505
68.031303
67.592087
67.592087
117.426125
116.690460
115.515587
113.605057
110.519646
107.582458
104.206055
100.681427
96.865814
93.637634
90.118454
87.186729
84.403214
82.207138
79.280861
77.381233
75.042389
72.851761
71.391350
69.634499
68.613289
67.883087
67.443871
67.443871
116.849594
116.262154
115.526497
114.346161
112.287415
110.519646
107.434235
104.788040
100.972420
97.887009
94.367844
91.578873
88.795364
85.424416
82.058914
79.429085
76.211807
74.312180
71.973335
70.073715
68.904282
67.883087
67.004654
66.713661
116.855042
116.267609
115.531944
114.939056
113.758728
111.842743
109.196548
106.989563
103.316719
100.231308
97.003128
93.774948
90.843216
87.033051
83.667557
80.889496
76.942017
74.312180
71.973335
70.073715
68.904282
67.883087
67.004654
66.713661
117.003265
116.124847
115.828392
115.087280
113.906952
112.578400
110.223198
108.016220
104.782585
101.257965
98.468994
95.092590
91.721642
87.620491
84.397758
81.328712
77.672226
75.042389
71.973335
70.073715
68.904282
67.883087
66.565445
66.274445
