108.016220
108.021675
109.344765
111.260757
113.033981
115.828392
116.712280
117.733482
117.728020
117.870796
118.310013
117.870789
117.728027
118.019012
118.463684
118.463684
119.199341
120.077774
120.374222
120.813431
121.400871
121.549095
122.427521
122.866737
107.428780
107.873451
109.196548
110.964317
113.176743
115.680176
116.855049
117.585251
117.728027
117.722565
117.870796
117.870789
117.728020
118.167236
118.754677
118.611908
119.490334
120.077774
120.374222
120.813431
121.691864
121.840088
122.279305
122.718521
107.280563
107.577011
108.900093
110.519646
112.732079
115.526489
116.410385
117.288811
117.722572
118.013565
118.452774
118.161781
118.310005
118.897446
119.193893
119.342117
119.490334
120.077774
120.374222
120.813431
121.982857
122.279297
122.718513
123.157730
106.687668
106.544899
108.307213
110.074974
112.430183
115.224594
116.108482
117.426125
118.156334
118.156334
118.743774
119.182983
119.627655
120.215088
120.511536
120.659760
120.807983
121.104424
121.691864
122.131081
122.279297
122.866737
123.157730
123.305954
105.655563
106.242996
107.126892
109.185638
111.831833
114.917252
115.949348
117.415215
118.150879
118.590096
119.616745
120.352402
120.797073
121.384506
121.389969
121.686409
121.834633
122.422066
122.422073
122.718513
123.157730
123.745171
124.036163
124.184380
104.914444
105.501884
106.385773
108.735519
111.233490
114.170677
115.790222
116.816872
117.700760
118.436424
119.611298
120.346954
121.082611
121.675507
121.823730
121.829178
122.268394
122.125626
122.564842
123.152275
122.713058
123.739716
123.739716
123.887939
105.057220
105.644653
106.380310
108.290848
111.222580
113.281342
114.752663
115.488327
116.372208
117.107864
118.282745
118.727417
119.754059
120.198730
120.495178
120.061417
120.500626
120.500626
120.648849
121.236290
121.236290
121.384506
121.675507
121.823730
106.374863
106.814079
107.549736
109.015602
111.068909
113.270439
114.154327
114.741760
114.747208
115.043655
115.779320
116.075760
116.663200
117.547081
117.695305
116.965096
117.113319
117.113319
117.113319
117.261543
117.700760
118.139969
118.139969
118.288193
107.692513
108.131729
108.719162
110.036804
111.063461
112.381104
112.677551
112.825775
112.392014
112.101013
112.249237
112.545685
112.836670
112.842133
113.281342
112.842125
112.842133
112.693909
112.842125
112.842133
113.133125
113.281342
113.720558
113.868782
107.692505
107.983498
108.422714
109.152924
110.031349
110.761559
110.179573
110.031349
109.158371
108.279945
107.988953
108.137177
108.137177
108.285400
108.137177
107.988953
107.988953
107.840729
107.692505
107.692505
107.840729
108.279938
108.279938
108.719162
105.490982
105.781975
105.781975
106.221184
106.363953
107.094162
106.215729
105.485527
104.464325
103.146683
102.855690
102.855690
102.268257
102.855698
102.268250
102.411026
101.971809
102.114578
102.114578
102.114578
102.553787
102.114578
102.114578
102.553787
100.945152
101.087921
100.796936
101.087921
100.791481
100.791481
99.913055
99.182846
98.161644
96.843994
96.113792
95.822800
95.526352
95.378128
95.229904
94.642471
94.933464
94.637016
94.637024
94.637024
94.928009
95.076233
95.076233
95.076233
94.933464
94.785240
94.346024
94.785248
93.758591
93.610367
92.880157
92.149948
90.689537
89.229126
88.789909
88.350693
88.054245
87.906029
87.609581
87.022141
87.313141
87.016685
87.016693
87.307686
86.868469
87.016693
87.016693
87.455902
89.509209
89.360985
88.630783
88.482559
87.604126
86.725693
86.143715
84.974297
83.953094
82.492683
82.053467
81.466034
81.317810
81.021355
81.164131
80.285698
80.280243
80.132019
79.841034
80.132027
80.132019
80.571236
80.571236
80.571236
84.672394
84.524170
83.793961
83.651192
82.772766
81.455124
81.021355
79.851936
78.830734
77.661316
77.222099
76.634666
76.486443
76.190002
76.041779
75.454338
75.597099
75.448875
75.009659
75.591652
75.152428
75.591644
75.591644
75.591644
80.719460
80.132019
79.550041
78.528839
77.507645
76.486450
75.904457
74.883263
74.592270
72.983627
72.983627
72.687180
72.538963
72.242508
72.094284
71.946075
72.088837
71.940613
71.940613
72.379822
72.231598
72.670815
72.670815
72.670815
76.766525
76.327316
75.306114
74.724129
73.120941
71.956978
71.374992
70.644783
70.062805
69.771805
70.211021
69.914574
69.766350
69.909119
69.760895
69.612686
69.755447
70.194656
69.755447
70.046440
70.046440
70.485657
70.485657
70.485657
74.866898
74.427681
73.697472
72.385284
70.639328
69.475365
68.454163
67.872185
68.020401
67.581192
67.581192
67.723953
67.575737
67.718498
67.718498
68.009491
67.861275
68.300491
68.300491
68.739708
68.739708
69.178925
69.178925
69.178925
75.893555
75.893555
74.724129
72.972717
71.078545
69.184372
67.723961
67.141968
66.411766
66.411766
66.411766
66.263535
66.115326
66.258087
66.258087
66.549088
66.840073
67.279289
67.279289
67.718506
67.718506
68.157722
68.157722
68.157722
81.460571
81.021362
79.560944
77.661316
74.883255
71.962425
70.353790
68.893387
68.163170
66.993752
66.554535
66.406311
65.967102
66.258087
66.258087
66.258087
65.818878
66.109863
66.549080
66.988297
66.988297
67.427513
67.427513
67.866730
87.906029
87.027596
85.709953
83.371109
79.714615
76.349121
73.713837
71.523216
70.205566
68.305939
67.575737
67.136520
66.406311
65.818871
65.818871
65.818871
65.818878
65.818871
66.258087
66.697304
66.988297
67.866730
67.866730
68.305939
93.473053
92.155403
90.689537
87.763252
83.958542
79.566399
76.782883
73.713837
71.665985
69.618134
68.157715
67.718498
66.988297
66.258095
66.258095
65.818871
65.818878
65.818871
66.258087
66.697304
67.427513
68.305939
68.305939
68.745155
96.108337
94.790695
93.473053
90.398544
85.858170
81.175034
78.391525
74.735031
72.687187
69.909126
68.448708
67.718498
66.988297
66.258095
66.258095
65.818871
65.818878
65.818871
66.258087
66.697304
67.427513
68.305939
68.305939
68.745155
97.574203
96.256561
94.060486
91.716187
86.445610
81.905235
78.830734
75.174248
73.126404
70.200119
68.739700
67.718498
66.988297
66.258095
66.258095
65.818871
65.818878
65.818871
66.258087
66.697304
67.427513
68.305939
68.305939
68.745155
