115.070923
115.367371
115.663811
116.844139
118.024475
119.204796
119.353020
118.474586
117.299713
116.124840
115.537399
115.240952
115.674713
115.822937
116.113937
117.140587
118.606453
119.633102
119.781326
118.024467
117.585251
115.828392
114.949966
115.098190
115.219147
115.367371
115.663811
116.844139
118.024475
119.204796
119.353020
118.474594
117.299713
115.685623
115.976624
115.680168
115.822937
115.822937
116.404930
117.579803
119.045670
120.072319
119.781326
118.463684
117.294266
115.537399
115.389183
115.389175
115.219147
115.367363
115.812035
116.844139
118.024467
119.204803
119.353027
118.474594
117.299721
116.124840
115.976616
116.119385
115.971161
115.971161
116.553146
117.728027
119.045670
120.072319
120.220535
118.463684
117.876244
115.828392
115.389183
115.828392
115.806580
115.954803
115.960258
116.992355
118.024467
119.056572
119.204796
118.474586
117.299721
116.564056
116.415840
116.119385
116.410378
116.410378
117.140587
118.606453
119.633102
120.659760
120.659760
119.342110
117.876244
116.849594
116.410378
115.971161
116.103027
116.103027
116.547699
117.140587
118.024467
119.204796
119.644012
118.765579
117.738937
117.151497
116.855042
116.706825
116.706825
116.997818
117.876244
119.193893
120.511536
121.538193
121.538193
120.072319
118.606453
117.579803
116.992363
116.701370
116.690468
116.399475
116.695923
117.579803
118.172691
119.204796
119.204796
118.913803
118.178146
118.029922
117.442482
117.294266
117.733475
117.876244
118.754677
119.781326
121.247192
122.125626
121.977402
120.950752
119.775879
118.600998
118.013557
117.283356
117.277901
116.986908
117.135132
117.579803
118.172691
119.056572
119.204803
118.765587
118.178146
118.178146
117.881699
118.172684
117.733475
118.463684
119.342117
120.368767
121.834633
122.564842
122.855827
121.389969
120.215088
118.600998
118.304550
117.722572
117.283356
118.013565
117.431580
117.728027
118.172691
118.908356
118.765579
118.326370
118.178146
118.178146
117.590706
118.320915
118.469131
118.760132
119.490334
120.956200
122.713058
123.004051
123.004051
122.268394
120.654305
119.479431
118.891991
118.891991
118.019012
118.310013
118.458229
118.315460
118.172691
118.469139
118.617355
117.887154
118.178146
118.178146
118.178146
118.469139
118.617355
118.908348
120.077774
120.813431
122.861282
123.591492
123.004051
122.707611
121.093521
119.918640
119.331207
118.891991
118.606453
118.897446
118.606453
118.463684
118.172691
118.320915
118.326370
117.738930
117.887146
118.178146
117.887154
118.765579
119.056572
119.347565
120.225998
121.252647
122.861282
123.591492
123.443268
122.855835
121.532730
119.918648
119.479431
119.770424
118.754669
119.193893
118.902893
118.902893
118.172691
118.320915
118.029922
117.738922
118.178146
118.326370
118.326370
118.765579
119.204796
119.495789
120.225998
121.252647
122.861282
123.443268
123.295044
122.559387
121.823730
120.357857
120.209641
120.209641
119.342117
119.193893
119.051117
118.902893
118.320915
118.172691
118.029922
117.590706
118.178146
118.326370
118.765579
118.913803
119.056572
119.495789
119.935005
121.104424
122.564842
123.146820
123.437813
122.411163
121.675507
120.648849
120.209641
120.061417
119.051117
119.342110
119.051117
118.611908
118.172691
118.172691
117.733475
117.590706
118.029922
118.765579
119.204796
119.204796
119.056572
119.786781
119.935005
121.247192
121.829178
122.850380
122.702156
122.114716
121.527283
120.939842
120.061417
120.939842
119.638557
119.638557
119.051125
119.051117
118.760124
118.172691
118.172691
118.029922
118.469139
118.617355
119.495789
119.204796
119.056572
119.347565
119.786781
120.659760
121.241745
122.405716
121.966492
122.109268
121.379059
120.791618
120.352402
120.791618
119.638557
119.638557
119.347565
119.490334
118.908356
118.611908
118.611908
118.760132
118.469139
119.347565
119.495789
119.056572
118.617355
118.908356
118.908356
120.072319
120.654312
121.527283
121.379059
121.521828
120.791618
120.643402
120.204185
120.791626
119.935005
119.935005
119.495789
119.786781
119.786781
119.638557
119.490334
119.638557
119.638557
119.495789
119.786781
119.347565
118.469131
118.320915
118.029922
118.754677
119.336655
120.357864
120.648849
120.500626
121.082611
120.643394
120.643402
121.082611
120.231445
119.940460
120.231445
120.522446
120.522446
120.813431
120.956200
120.665207
120.665207
120.225998
119.786781
118.908356
117.590714
117.003273
117.003265
117.437035
118.167236
119.188431
119.479431
120.061417
120.204178
120.204185
120.786171
120.786163
120.088676
120.088676
120.379669
120.818886
121.400871
121.691864
121.982857
121.543640
121.104424
120.077774
119.638557
118.611908
117.003265
116.124840
116.415833
116.267609
116.997818
118.167236
118.310005
119.182983
119.764969
120.346954
120.637947
120.637947
120.385124
120.385124
120.676117
120.967110
121.549095
122.718513
122.570290
122.422073
121.982857
120.516991
119.638565
118.611908
117.003265
116.124840
115.537399
115.537399
116.119392
116.849594
117.431580
118.595551
119.468521
119.759514
120.341499
120.193275
120.242355
120.242355
120.533348
121.263550
121.845535
122.575745
122.718513
122.279297
121.252647
120.665207
119.638557
118.611908
117.003265
115.685623
115.246407
114.949959
115.240952
115.383728
116.256706
117.129684
117.854431
118.875633
119.457619
119.457619
120.390579
120.390579
120.390579
121.120789
121.993759
122.432976
122.427521
121.988312
121.252647
119.935005
119.347565
118.469131
116.712280
115.833847
114.955414
114.510750
114.505295
114.648071
115.521042
116.685013
117.118774
118.430969
118.721954
119.012947
120.247810
120.247810
120.247810
121.269012
121.850990
122.581200
122.284752
122.427521
121.252647
120.083221
119.347557
118.178146
116.860497
115.833847
114.955421
114.071533
114.066086
113.621414
114.494385
115.949348
116.674103
117.695305
117.986298
118.859268
120.247810
120.247810
120.247810
121.269012
121.850990
122.581200
121.993759
122.136536
120.961655
120.083221
119.347565
118.178146
116.860504
115.833847
114.955421
113.632324
113.187653
113.621414
114.346169
115.510139
116.086670
117.398857
117.838074
118.420059
120.247810
120.247810
120.247810
121.417229
121.999214
122.729424
122.284752
122.284760
120.670670
120.231445
119.347565
118.178146
116.860504
115.542854
114.664429
114.071533
113.187653
113.182205
113.758728
114.922699
116.086670
117.250641
117.250633
118.271835
