112.292862
112.144638
112.144638
112.144638
111.557205
111.266212
111.117989
111.117989
111.408981
111.699974
111.551750
112.133736
112.424728
112.858490
112.858490
113.149483
113.149483
113.001259
113.001259
113.001259
113.001259
113.001259
113.001259
113.001259
112.292862
112.144638
112.144638
112.144638
111.557205
111.266212
111.117989
111.117989
111.408981
111.699974
111.551750
112.133736
112.424728
112.858490
112.858490
113.149483
113.149483
113.001259
113.001259
113.001259
113.001259
113.001259
113.001259
113.001259
112.292862
112.144638
112.144638
112.144638
111.557205
111.266212
111.117989
111.117989
111.408981
111.699974
111.551750
112.133736
112.424728
112.858490
112.858490
113.149483
113.149483
113.001259
113.001259
113.001259
113.001259
113.001259
113.001259
113.001259
112.001869
111.853653
111.853653
111.853653
111.266205
110.975220
110.678772
110.826996
111.117989
111.408981
111.112534
111.694519
111.985512
112.419273
112.271049
112.271049
112.562042
112.413818
112.413818
111.974602
112.562042
112.122826
112.122826
112.122826
111.710876
111.562653
111.562653
111.562653
111.414429
111.123444
110.826996
110.975220
110.826996
111.117989
110.821548
111.255302
111.546295
111.689064
111.540848
111.831833
111.683609
111.096176
111.244400
111.535385
111.535393
111.535385
111.535385
111.535385
111.419891
111.271667
111.271667
111.123444
111.123444
110.975220
110.826996
110.975220
110.826996
111.117989
110.821541
110.964310
111.107079
111.249847
110.953407
110.953407
110.805183
111.096176
111.096176
110.656960
111.096176
111.096176
111.096176
111.096176
111.716331
111.568108
111.568108
111.419891
111.419891
111.123444
110.826996
110.975220
110.826996
111.117989
110.821541
110.964310
111.107079
111.249847
110.953407
110.953407
110.805183
110.805183
110.656960
110.656960
110.805183
111.244400
111.096176
111.096176
111.716331
111.568108
111.568108
111.419891
111.859100
111.710876
111.266205
111.414429
111.414429
111.705429
111.408981
111.551750
111.694519
111.249847
111.392624
111.392624
110.953407
110.805183
110.805183
110.805183
111.244400
111.392624
111.392624
110.953407
111.716331
112.007324
112.007324
111.859100
112.298317
112.150093
112.292862
112.292862
112.292862
112.583855
111.848198
111.990967
112.133736
111.689064
111.540848
111.831833
111.540840
111.244400
111.244400
110.953407
111.392624
111.540848
111.689064
111.540840
112.742989
113.033974
113.033974
112.737534
113.176743
113.028519
113.171295
113.023071
113.171295
113.171295
112.874847
113.017616
112.572952
112.276505
112.276505
112.419273
112.128281
112.271049
112.271049
111.540840
111.689064
112.276505
112.424728
112.276505
113.182198
113.473190
113.473190
113.324966
114.055176
113.906952
114.049721
114.049721
114.049721
114.197945
113.753281
113.605057
113.747826
113.154930
113.154938
113.297699
113.006714
112.858490
112.858490
112.276505
112.424728
112.572952
112.721169
112.572945
114.499847
114.790833
114.790833
114.642616
115.372818
115.224594
115.515594
115.076370
115.076370
115.076370
114.928154
114.631706
114.626251
113.890594
114.329803
114.033363
113.742371
114.033363
113.742371
113.742371
113.747826
113.747826
114.044266
113.896042
115.669266
116.108482
116.108482
115.960258
116.690460
116.542244
116.542236
116.542236
116.542244
116.981461
116.245796
116.388565
116.240341
115.504684
115.356461
115.208237
115.208237
115.208237
115.356461
115.065468
114.922699
115.510132
115.070923
115.219147
117.426125
117.426125
117.426125
117.568893
118.008110
117.568893
117.568893
117.568893
118.008110
118.008110
117.711662
117.415215
117.266998
116.531334
116.531334
116.383118
116.383118
116.383118
116.531334
116.679558
116.536789
116.685013
116.394012
116.542236
118.891991
118.891991
118.891991
119.034760
119.473976
119.034760
119.034760
119.325752
119.182983
119.182983
118.886543
118.590096
118.441872
117.854431
117.706215
117.706207
117.706207
117.557983
117.706207
118.002655
117.420670
118.008102
117.717117
117.865341
120.945297
120.797073
120.945297
120.648849
121.236290
121.088066
120.939842
120.648849
121.088066
120.797073
120.061417
120.204185
120.055962
119.616745
119.029312
119.029312
118.881088
119.029312
119.177536
119.034760
118.891991
119.331207
119.331207
119.040215
122.559387
122.559387
122.559387
122.411163
122.850380
122.262939
122.262939
122.262939
122.702156
121.971947
121.384514
121.379059
120.939842
120.791618
120.791626
119.913193
120.500626
120.061417
120.209641
120.506081
120.215088
120.654305
120.654305
120.363312
124.173477
124.173477
124.173477
124.025253
124.755463
123.877029
124.168022
123.586037
123.437820
122.998604
122.559387
122.262939
122.553932
122.114716
121.675507
121.088066
121.236290
120.945297
121.384514
121.241745
121.389961
121.538185
121.538185
121.977402
125.348351
125.348351
125.200127
124.760910
125.491119
124.903687
124.464470
124.173477
124.025253
123.586037
122.707611
122.998604
123.141373
122.553932
122.114716
121.823730
122.262939
121.971947
121.971947
121.680954
122.120171
122.268394
122.268394
122.268394
125.496574
125.935791
125.496574
125.348351
125.639343
125.200127
125.051903
124.612694
124.173477
123.295044
122.855835
122.998604
122.850380
122.553932
122.553932
121.966499
121.966499
122.114716
121.966499
121.675507
121.823723
122.262939
121.823730
122.262939
125.644798
125.644798
125.644798
125.496574
125.348351
125.200127
125.200127
124.321701
123.443268
123.152275
122.416618
122.707611
122.262939
122.553932
122.257492
121.818275
122.109268
122.109268
122.109268
121.961044
121.670052
122.257492
121.818275
121.670052
125.793022
125.941238
125.793022
125.496574
125.496574
125.348351
124.909134
124.030708
123.152275
122.713066
122.416618
122.268394
121.823723
122.405708
122.257492
122.109268
121.812820
122.252029
122.103813
121.955589
121.516373
121.664597
121.225380
121.225380
125.793022
125.941238
126.232231
125.793022
125.496574
125.348351
124.909134
124.030708
123.152275
122.713058
122.416618
122.268394
121.823730
121.966492
122.109268
121.961044
121.955589
122.394806
122.246582
121.659142
121.368149
121.807365
121.368149
121.368149
126.232239
126.089462
125.941238
125.644798
125.644798
125.348351
124.909134
123.739716
123.152283
122.422073
122.416618
121.977402
121.823730
121.966492
121.961044
121.812820
121.516373
121.955589
121.807365
121.950134
121.807365
121.807365
121.368149
121.368149
