119.347565
119.347565
119.347565
118.469139
117.442490
115.685623
115.246414
114.658974
113.928764
112.902115
112.462898
113.050339
112.902115
113.489555
113.489555
113.928764
114.071533
114.071533
114.510750
114.367981
114.367973
114.516197
114.516197
114.516197
119.786781
119.347565
119.786781
118.469139
117.881699
116.124840
115.246407
115.246407
114.367981
113.050339
113.050331
113.050339
113.050339
113.489548
113.489548
113.489548
114.219757
114.219757
114.219757
114.367981
114.367973
114.516197
114.516197
114.516197
120.665215
120.225990
120.225998
119.347565
118.320915
117.003273
116.124840
115.394630
114.807198
113.928772
113.198563
113.928764
113.928764
114.367981
114.367981
113.928764
114.219757
114.367981
113.928764
114.367981
114.367973
114.516197
114.516197
114.516197
122.718521
122.279297
121.840080
120.961655
119.935005
118.326363
117.447937
116.860504
115.982071
115.103645
114.955421
114.955414
114.807190
114.955414
114.955414
114.516205
114.076988
114.076996
114.076996
114.225212
114.225204
114.225212
114.225212
114.225212
124.184380
124.036163
123.745171
122.866745
121.549095
119.940460
119.062027
118.035378
117.447945
116.860504
116.421280
116.273064
115.833847
115.833847
115.685623
114.955421
114.373428
114.225212
113.495010
113.934219
114.373428
114.225204
114.373428
114.373428
125.205582
125.205582
124.475380
123.596939
122.427521
121.258102
120.231445
119.353020
118.765579
118.326370
117.887154
117.299713
117.151489
117.151489
116.712280
115.542854
114.521660
114.373436
113.352242
113.934219
114.521660
114.373428
113.934212
113.934212
123.877029
123.877029
123.146820
122.707611
122.125626
121.395416
120.516983
120.225990
119.638557
119.347572
119.056580
118.469139
118.469139
118.029922
117.590706
116.421295
115.400093
114.960869
114.230675
114.521660
114.812660
114.373444
114.812660
114.812660
120.341499
120.489723
120.346954
120.346954
120.352402
120.939842
120.797073
120.654305
120.802521
121.098969
120.807983
120.077774
119.786774
119.347565
118.908348
117.447937
117.008720
116.278519
115.400085
115.400093
115.691078
115.394630
115.394630
115.542862
115.340103
115.927536
116.075760
116.811424
118.134521
119.748611
120.193275
121.225388
121.670044
122.114716
122.120178
121.538193
120.956207
120.225990
119.935005
119.056580
118.326370
117.887154
117.299706
116.712280
116.564064
116.564056
116.564056
116.273064
110.047714
110.486923
111.222588
112.688454
114.747208
117.387955
118.420059
119.891380
121.071709
121.664597
121.818268
121.823723
121.680954
120.807983
120.516991
119.638557
119.347565
119.347565
118.760132
118.320915
117.733475
117.294266
117.585258
117.585258
104.321564
104.760773
105.935646
107.549736
109.899490
112.831223
114.450768
116.509521
117.689850
119.161171
119.902283
120.346954
120.791626
120.066864
120.654312
119.633102
119.484879
119.781326
119.342117
119.051117
118.754677
118.315460
118.754669
118.463684
97.574203
98.304413
99.040077
100.945160
103.294907
106.226639
108.428169
110.777924
112.836678
114.895432
116.366753
117.398857
117.991753
118.145424
119.320297
119.325745
119.622200
120.066864
120.363312
120.072327
119.633102
120.072319
120.072327
119.781326
90.684082
90.975075
92.001732
93.906815
95.811897
98.304413
100.945152
103.437675
106.374863
109.015610
111.074364
112.984894
114.895432
115.636543
117.689850
118.288193
119.611298
120.204185
120.797073
120.945297
120.802521
121.241745
121.389961
121.098969
83.942184
84.672394
85.259834
86.577477
88.482559
90.826851
93.610367
96.393875
100.061279
102.411026
105.490982
108.279945
110.338699
112.249237
114.598991
116.075760
117.695305
119.314850
120.055962
120.500626
120.797073
121.532730
121.680954
121.680954
79.401810
79.401817
79.989250
81.158676
82.767319
84.381401
87.016693
89.800201
93.610367
96.690323
99.770279
102.559250
105.057220
108.137177
110.486923
112.693909
114.752663
116.520432
117.848984
118.584641
119.907738
120.643402
120.500626
120.939842
75.015114
75.163338
75.893547
76.332764
77.211197
78.819832
81.015900
83.651192
86.582932
89.514664
93.033836
95.817345
98.606308
101.686272
104.327011
106.824982
109.465729
111.963699
113.583244
115.493774
116.965096
117.991753
118.875633
118.875633
71.512314
71.803299
72.242523
72.094292
72.533501
73.263718
75.311562
77.216644
80.291153
83.074669
86.006393
88.641685
91.721649
94.653381
97.145897
100.516846
103.300362
106.089325
108.439072
110.640602
113.138573
114.752663
115.636543
115.636543
69.178909
69.178909
69.178909
69.321686
68.443253
69.025238
70.633873
72.099747
74.147598
76.343674
79.418175
82.053467
84.545982
88.059708
90.404007
93.626724
97.140442
99.923958
102.712921
105.644653
108.730064
110.783371
111.667252
112.545685
67.427505
67.279297
67.279297
67.131073
66.691849
66.543625
67.564827
68.591476
70.491112
72.247963
74.444038
76.640121
78.984413
81.910690
84.545982
87.620483
90.837761
93.621277
96.553009
99.923958
103.739578
105.353668
106.967758
107.406967
66.697304
66.697304
66.406311
66.258095
65.967094
65.670647
66.109863
66.840073
67.718506
68.887924
70.935776
72.253426
74.010284
76.058136
78.254204
80.741280
83.519333
86.154625
89.377342
92.600075
96.410240
98.754532
100.220398
100.368622
66.845528
66.845528
66.845528
66.554535
66.263542
65.385109
65.676102
66.115318
66.554535
67.284744
68.163162
68.893379
69.623581
70.941231
72.840858
74.888710
77.084785
79.571854
82.058914
85.863625
88.938133
91.864410
93.330276
94.060486
67.141975
67.141975
67.141975
66.702759
66.411766
65.681549
66.120766
65.681557
65.681564
65.824333
65.972557
66.263550
66.263550
66.993744
68.893379
70.062805
72.110649
74.158501
76.497353
80.593048
83.810326
86.588379
88.197021
88.636230
67.141975
67.141975
67.141975
66.850983
66.559990
65.829773
65.829773
65.390564
64.660355
64.512138
64.512138
64.803131
64.506683
64.654907
66.406311
67.284744
68.745148
71.084000
73.422844
77.370323
80.439377
83.656647
85.265282
85.704498
67.141975
67.141975
67.141975
66.999207
66.708214
65.977997
65.247803
64.808578
64.660355
64.512138
63.781921
63.924698
63.337257
63.337265
65.088669
65.967087
67.575737
69.766350
71.665985
75.904465
79.121735
81.751572
83.799423
84.238632
