104.639816
104.639816
104.639816
104.639816
104.200607
104.491592
104.491592
104.782585
104.782585
105.073578
105.073578
105.073578
105.655563
105.655563
105.655563
105.946556
106.237549
106.528542
106.528542
106.528542
106.676765
106.676765
106.676765
106.676765
104.639816
104.639816
104.639816
104.639816
104.200607
104.491592
104.491592
104.782585
104.782585
105.364571
105.364571
105.364571
105.946556
105.946556
105.946556
106.237549
106.528542
106.819534
106.819534
106.819534
107.115982
107.115982
107.115982
107.115982
105.221802
105.221802
105.221802
105.221802
104.782585
105.073578
105.073578
105.364571
105.364571
105.655563
105.655563
105.655563
106.385773
106.385773
106.385773
106.676765
106.967758
107.110519
107.110519
107.110519
107.258743
107.258743
107.258743
107.258743
105.803787
105.803787
105.803787
105.364571
105.364571
105.364571
105.364571
105.655563
105.655563
105.655563
105.655563
105.946556
106.237549
106.528534
106.528534
106.819534
107.110519
107.401512
107.401512
107.253288
107.401512
107.544281
107.544281
107.544281
106.385765
106.385765
106.385765
106.385765
105.946548
106.237549
106.237549
105.946556
106.237549
106.528534
106.528534
106.676758
106.819534
106.819534
106.819534
107.110519
107.549736
107.692505
107.692505
107.835274
107.835281
107.978043
107.978043
107.829819
106.967758
106.967758
106.967758
106.528542
106.528542
106.528542
106.528542
106.528534
107.258743
107.110519
107.110519
107.549736
107.549736
107.840729
107.840729
108.131721
108.131721
108.274490
108.274490
108.269035
108.560028
108.554581
108.554581
108.406357
108.131729
108.131729
108.131729
107.692513
107.692513
107.692505
107.692505
107.253296
107.544289
107.692505
107.692505
108.131721
108.131721
108.422714
108.422714
108.713707
108.713707
108.856476
108.856476
108.851021
109.142014
109.136566
109.136566
108.988342
108.713707
108.713707
108.713707
108.274490
108.274490
108.274490
108.274490
108.565483
108.417267
108.417259
108.417259
108.856476
109.004700
109.295692
109.295692
109.147476
109.295692
109.438461
109.729454
109.284790
109.575775
109.718552
109.718552
109.570328
109.586685
109.586685
109.586685
109.147469
109.147469
108.999245
108.999245
109.290237
109.290237
109.438461
109.729454
109.729446
109.729446
109.729454
109.729454
110.168671
110.020447
109.872223
109.872223
110.014992
110.157761
110.300529
110.300529
110.152306
110.750648
110.750648
110.750648
110.311432
109.872223
109.872223
109.872223
110.163216
110.163216
110.311432
110.454208
110.454208
110.602432
110.602432
110.602432
110.602432
110.602432
110.454208
110.745201
110.596977
110.591522
110.443298
110.443298
110.443298
111.332634
111.332634
111.332634
110.893417
110.454208
110.305984
110.305984
110.596977
110.596977
110.745201
111.036194
111.036186
111.184410
111.184418
111.184418
111.184418
111.184410
111.036186
111.327179
111.178955
111.469955
111.321732
111.321732
111.321732
111.766403
111.766403
111.766403
111.766403
111.327179
111.178955
111.178955
111.178963
111.178955
111.327179
111.909164
111.909172
111.766396
112.057388
111.618172
111.618179
111.327187
111.327179
111.618179
111.469955
111.469955
111.469955
111.469955
111.618179
112.639374
112.639374
112.639374
112.639374
111.760941
111.321732
111.321732
111.612717
111.612717
111.760941
112.491150
112.491150
112.348389
112.639374
112.348381
112.348381
112.057388
111.909164
112.057388
111.909172
111.766396
111.766396
111.766396
111.914619
113.221359
113.221359
113.221359
113.221359
112.782150
112.342926
112.342926
112.342934
112.342926
112.342926
112.782150
112.782143
112.930367
113.221359
112.491158
112.491150
112.200157
111.909164
112.057388
112.057388
111.766396
111.914619
111.914619
112.062843
113.803345
113.803345
113.803345
113.803345
113.364128
112.924911
112.924911
112.924911
112.924911
112.924911
113.364128
113.364136
113.512344
113.803345
113.073135
113.073135
112.782143
112.491150
112.639374
112.639374
112.496605
112.793045
112.793045
112.941269
114.094330
114.094330
114.094330
114.094330
113.655121
113.655121
113.655121
113.655121
113.655121
113.655121
113.946114
114.094330
114.094337
114.385330
113.364120
113.364128
113.073135
112.782150
113.078590
113.078590
112.935822
112.793045
112.793045
112.941269
114.824539
114.824539
114.824539
114.824539
114.385330
114.385330
114.385330
114.237106
114.237106
114.237106
114.237106
114.385330
114.385330
114.676315
114.094337
114.094337
113.512344
113.512344
113.369583
113.517807
113.226814
113.084045
113.084045
113.232269
114.824539
114.824539
114.824539
114.824539
114.824539
114.824539
114.824539
114.676315
114.676323
114.676315
114.237106
114.676315
114.676323
114.676315
114.094330
114.094337
113.951569
113.951569
113.369583
113.517807
113.226807
113.084045
113.084045
113.232269
115.554749
115.554749
115.554749
115.554749
115.554749
115.554749
115.554749
115.258301
115.258301
115.258301
114.819092
115.258301
115.258301
115.258301
114.676315
114.676323
114.533554
114.533554
113.951569
114.099792
113.957016
113.666031
113.814255
113.523254
115.554749
115.554749
115.554749
115.554749
115.554749
115.554749
115.554749
115.406525
115.406525
115.406525
114.967316
115.406525
115.406525
115.406525
114.824539
114.824539
114.533554
114.533554
113.951569
114.248016
114.248016
113.517807
113.666031
113.814255
115.845741
115.845741
115.845741
115.845741
115.845741
115.845741
115.845741
116.136734
115.845741
115.845741
115.406525
115.845749
115.406525
115.406525
114.824539
114.824539
114.972763
114.972763
114.390785
114.099792
114.099792
114.248016
114.248016
113.957016
115.993958
115.993958
115.993958
115.993958
116.284958
116.284958
116.284958
116.284958
115.993958
115.993965
115.554749
115.993973
115.554749
115.554749
115.263763
115.263756
115.263763
115.263756
114.681778
114.390778
114.539001
114.099792
114.248016
113.957016
115.993958
115.993958
115.993958
115.993958
116.284958
116.284958
116.284958
116.284958
115.993958
115.993965
115.554749
115.993973
115.554749
115.554749
115.263763
115.263756
115.263763
115.263756
114.681778
114.390778
114.539001
114.099792
114.248016
113.957016
115.993958
115.993958
115.993958
115.993958
116.284958
116.284958
116.284958
116.724167
116.433182
116.433182
115.993965
116.433182
115.554749
115.554749
115.263763
115.263756
115.263763
115.263756
114.681778
114.390778
114.539001
114.099792
114.248016
113.957016
