117.135132
117.135132
116.992363
116.992363
116.997818
116.706825
116.706825
116.415833
116.119385
115.971161
114.653519
113.775085
112.018227
111.139801
109.531166
108.795509
107.626083
107.329636
107.033188
108.493607
109.663025
110.393234
110.975220
111.562653
117.135132
117.135132
117.283356
116.701370
116.849594
116.706825
116.706825
116.706825
116.119385
115.971161
114.653519
113.775085
112.457443
110.700584
108.943733
107.917076
107.038643
106.451202
106.154755
107.324181
108.784592
109.075592
109.657578
110.245010
116.256699
116.256699
116.404922
116.553146
116.849594
116.706825
116.706825
116.706825
116.119385
115.971161
114.653519
113.775085
112.018234
110.261375
108.504509
107.477852
105.720993
105.133560
104.397903
105.128113
105.710098
106.588531
106.731293
107.170509
116.108482
115.669266
115.965714
116.404922
116.701370
116.997818
116.997818
116.997818
116.558601
115.971161
114.944504
113.335876
111.430794
109.673927
107.477852
105.430000
103.815918
102.059052
101.471619
101.323395
101.905380
102.196373
102.048149
102.487366
114.939056
114.790833
115.378273
115.965714
116.262154
117.288811
116.997818
117.437035
116.849594
116.262161
114.944511
113.187653
110.991577
108.356285
106.011993
103.524925
100.741409
98.106125
97.079475
96.492035
95.904594
95.904602
95.608154
96.047363
113.473190
113.473190
114.060631
115.087280
115.822945
117.140587
117.288811
117.728027
117.288803
116.701370
114.944511
113.039429
110.404144
107.917068
104.842575
101.477074
97.815140
94.740623
92.835541
91.369675
90.634018
90.194809
89.755592
89.316376
111.716331
111.568115
112.594765
113.621414
115.526497
116.701370
117.288811
117.728027
117.579803
117.140587
115.674721
113.917862
111.282570
107.768852
104.694351
100.889641
96.788475
93.274765
90.639481
88.295174
86.829300
86.241867
85.363434
85.363434
109.372040
109.520264
110.689682
112.594757
114.648064
116.701370
117.579803
118.167236
118.749222
117.870789
117.283356
115.087280
112.161003
109.086494
105.424561
100.741409
96.640259
92.396332
89.173599
86.390091
84.485016
83.897575
82.579926
82.140717
106.588524
107.175957
108.054398
110.837898
113.769638
116.113930
117.579803
118.606453
119.627655
119.479431
118.452774
116.404922
113.330429
110.255920
106.451202
101.619850
96.640259
92.248108
88.586166
85.363434
83.458359
81.992493
79.944641
79.796417
103.805008
104.831665
105.710098
108.641830
112.012779
115.235504
117.140587
118.897446
120.066864
120.066864
119.479431
117.574348
114.648064
111.573563
108.059837
102.498268
97.370461
92.248108
88.877159
85.215218
82.579926
80.674843
78.917992
78.478775
100.291290
101.317947
103.074814
106.006538
109.816704
113.478645
115.822937
118.019012
120.066864
120.357864
119.770424
118.452774
115.378273
112.451988
108.938271
104.106911
98.248901
93.417526
89.607368
85.506210
82.870918
80.817619
78.769768
78.330551
96.338364
97.804222
99.121872
102.641045
106.890427
110.843353
114.214302
116.701370
118.897446
119.918648
120.209641
119.040215
116.404922
113.478638
110.546906
105.276337
99.857529
95.174393
90.925011
86.823853
84.040344
81.696045
79.939194
79.060760
92.533646
94.142288
95.756378
98.688110
103.376701
108.356293
111.727234
114.653519
117.579803
119.188438
119.627655
118.749222
117.283356
114.357071
111.573563
107.033188
101.614395
97.074020
93.121094
89.019928
86.236412
83.452911
81.696045
81.256828
88.580711
90.337578
92.094437
95.174393
99.862984
104.842575
108.652733
112.166458
115.383728
117.431580
118.310005
118.310005
117.283356
114.796288
112.742989
108.350830
104.249680
99.709305
96.195587
91.655212
88.871704
86.088196
84.331345
83.743896
85.945419
87.263062
89.168152
91.660675
96.349274
100.889633
104.699799
108.504509
112.309219
115.235504
116.553146
116.992363
116.844139
115.526497
113.621414
110.107697
106.445755
102.783813
99.270088
95.168945
92.385429
89.601913
87.845062
87.257614
83.310135
84.336792
86.093643
88.146957
92.248108
96.788483
100.011200
104.255127
108.208069
111.134346
113.330421
114.939056
115.817490
115.087280
114.499840
112.155548
109.520256
106.588516
103.223022
100.000298
96.925797
94.433273
92.676422
91.797989
81.262283
82.140717
83.458359
85.215218
88.146950
91.808891
94.592407
99.275551
103.228485
107.033188
109.959473
112.303764
114.060631
114.939056
115.230049
113.912407
112.446541
110.250465
107.906166
104.540672
101.757164
99.412857
97.656006
97.068558
79.505432
79.944641
80.971283
82.140717
84.194016
86.977531
89.903809
94.004959
98.539886
102.492828
106.006538
108.641830
112.155548
113.912407
114.790833
114.790833
114.642616
113.324966
111.568108
108.784599
106.149307
103.805008
102.487366
101.899925
77.748566
78.187775
79.214432
80.383850
81.558723
83.606575
85.511658
89.903809
94.147736
98.100670
101.905380
104.979889
109.081039
111.568108
113.033981
114.351624
115.081833
114.642609
113.324966
111.128891
108.932816
107.027740
106.149307
105.710091
77.748566
77.748566
78.335999
78.626999
79.214432
80.532074
82.288933
86.093651
89.607376
92.972855
96.486588
100.291290
104.392448
107.175964
109.520256
111.568108
112.885757
113.912407
113.764183
112.155548
110.837906
109.959473
109.081039
108.932816
77.748566
77.748566
78.187782
77.748566
77.896790
78.187790
79.944641
82.140717
85.506210
88.432495
91.797989
95.459930
99.412865
103.074799
105.710098
108.493607
110.689682
112.303772
113.033974
112.891205
112.594757
111.716331
111.716331
111.716331
77.748566
77.748566
77.748566
77.309357
76.579147
76.430923
78.039558
79.944641
82.431702
84.918777
88.284271
91.797989
95.750916
99.852074
102.635590
106.149307
108.493607
110.837898
111.864555
112.891205
113.473190
113.330421
113.330421
113.330421
77.748566
77.748566
77.748566
76.430923
75.991714
75.552490
76.721916
78.039566
80.965836
83.013687
86.088196
89.601913
93.554840
97.656006
100.878738
104.683441
107.615173
110.546906
111.864555
112.891205
113.621414
114.208847
114.208847
114.648064
77.748566
77.748566
77.309357
76.430923
75.843475
74.965050
75.843491
77.452118
79.648193
81.987030
85.209770
88.723488
92.528198
96.777573
100.439514
103.953232
107.175964
110.255920
111.573563
113.330421
114.499840
114.796288
115.087280
115.235504
