120.077774
120.225998
120.956200
120.225998
120.665215
120.665207
120.077774
119.786781
119.638565
119.199341
118.760132
118.029922
116.712273
115.833847
115.394630
114.949966
115.092728
114.796288
115.081825
115.372818
116.245804
116.245804
116.097572
116.388565
120.077774
120.077774
120.665207
120.077774
120.516991
120.225998
120.077774
120.077774
119.199341
118.760124
118.320915
117.590706
116.712273
115.833847
115.394630
115.389175
115.092735
115.235504
115.230057
115.812035
116.394020
116.536789
116.536789
116.827782
120.077774
119.929550
120.077774
120.077774
120.516991
119.638557
119.490341
119.490341
118.760132
118.611908
118.172691
117.151497
116.712280
115.833847
115.394630
115.389183
115.092735
115.235504
115.230057
116.251251
116.394020
116.685013
116.536789
116.976006
119.490341
119.342110
119.929550
119.490334
119.490334
118.611908
118.611908
118.172691
117.733475
117.733475
117.294258
116.855049
116.415833
115.685631
115.685631
115.680176
115.531952
115.822937
115.817490
116.399475
117.420670
117.711662
117.563438
117.854431
119.193893
119.193893
119.193893
118.754669
118.463684
118.024467
117.585251
117.146042
117.146042
116.706818
116.706818
116.267609
116.267609
115.537399
115.537399
115.828400
116.119385
116.410378
116.553146
117.426117
118.008110
117.859886
118.150879
118.441872
118.606453
118.606453
118.167236
118.167236
117.146042
116.997818
116.558601
115.680168
116.119385
115.828400
115.828400
115.680168
116.119385
115.828392
115.976616
116.267616
116.706818
116.997818
117.288811
118.013565
118.156326
118.595551
119.177536
119.468521
118.606453
118.606453
118.167236
118.167236
116.997818
116.119385
115.680176
115.240952
115.680176
115.680176
115.389175
115.680168
116.119385
115.828392
116.267609
116.706825
117.585251
117.876244
118.167236
119.188438
119.331207
119.182983
119.473976
119.764969
118.754677
118.606453
118.606453
118.315460
117.146042
116.267609
115.828392
115.389175
115.389183
115.389175
115.240952
115.828392
116.558601
116.706825
117.294266
117.733475
118.463684
118.902901
119.193893
119.775879
119.627655
119.770424
120.209641
120.209641
118.902893
119.193893
118.463684
118.172684
117.146042
116.415833
115.976624
115.537399
115.828392
115.389175
115.389183
115.976624
116.855049
117.294266
117.733475
118.611908
119.342117
119.490341
119.781326
120.511536
120.215088
120.215088
120.506081
120.654305
119.490341
119.051117
118.902901
118.320923
117.442482
116.415833
115.976624
115.685631
115.537407
115.537407
115.685623
116.415833
117.003265
117.733475
118.611908
119.638557
119.929550
120.368767
121.098969
121.098969
120.950745
120.950745
120.950752
120.950752
119.199341
118.760132
118.760132
118.029915
117.442490
116.124840
115.833855
115.685631
115.833847
114.955421
115.685623
116.712280
117.003265
117.881699
118.760132
119.638557
120.368767
121.247192
121.686409
121.395416
121.247192
121.538185
121.247192
121.247192
119.490341
118.611908
118.760132
118.029930
117.442482
115.833855
116.130295
115.833847
115.394630
115.394630
115.833847
116.712280
117.151489
117.881699
118.908348
120.077774
120.665207
121.834633
121.982849
121.982857
121.834633
121.834633
121.834633
121.834633
118.760132
118.611908
118.320915
117.590714
116.712280
115.833839
115.542854
115.542847
115.542862
115.542854
116.421288
116.712280
117.151497
118.029922
118.908348
119.935005
121.104424
121.543640
121.982857
122.131081
122.131081
121.982857
122.422073
122.131081
118.320908
118.172684
118.320908
117.151497
116.712280
115.833839
115.691078
115.542854
115.542854
115.251862
116.569504
116.860504
117.151489
117.881699
118.469139
119.935005
120.813431
121.982857
121.840088
122.279297
122.279297
122.570290
122.279305
122.279305
118.320908
118.172684
117.881699
117.151497
116.712280
116.130295
116.130287
116.421288
115.691078
115.839294
116.717728
117.008728
117.738930
118.029922
118.908356
119.935005
120.813431
121.691864
121.400871
122.279297
121.988312
121.988312
122.279297
121.988312
117.881699
117.881699
117.881699
117.590714
117.151497
116.421288
116.278511
116.569504
116.569504
116.717728
117.156944
117.447937
117.887154
118.617363
119.347565
119.644012
120.083229
120.813431
121.109879
121.549095
121.549095
121.840088
121.840088
121.549095
117.881699
118.029922
118.029922
117.590714
117.738930
117.008720
117.008720
117.008728
117.156944
117.156944
117.887146
117.887154
118.474594
119.056572
119.495789
119.495789
120.083229
120.083229
120.522438
120.670662
120.522446
120.522438
120.961655
120.961655
117.881699
118.029922
118.029922
117.590706
118.178146
117.887146
117.596161
117.596161
118.035378
118.035378
118.035378
118.474586
118.913803
119.644012
119.935005
119.204796
119.644012
119.204796
119.644012
119.644012
119.644012
120.083221
120.083221
120.083229
117.881699
118.029922
118.029922
118.469131
118.178146
117.887154
118.326370
118.035370
118.913803
119.062027
118.622810
119.353020
119.353020
119.792236
120.083229
119.644012
119.204796
118.765579
119.204796
118.765579
118.765579
118.765579
119.204796
119.204796
118.172691
118.320915
118.320915
118.469139
118.617355
118.765579
118.617355
119.353020
119.792236
119.792236
119.501244
120.231445
120.670662
120.522438
120.522438
119.644012
119.204796
118.765587
118.326370
117.887154
117.887154
117.008728
117.299713
117.738930
118.172691
118.611908
118.320915
118.469139
119.056572
119.347565
119.495789
119.792236
120.231445
120.818886
120.818886
120.967110
121.549095
121.109879
120.818886
120.231445
119.204796
118.765579
117.887146
117.008720
116.569511
115.982071
115.982071
116.130295
118.463684
118.611908
118.611908
118.760124
119.347565
119.495789
119.935005
120.670662
120.670662
121.258102
121.258102
121.697319
121.988312
121.697311
121.258102
120.670670
119.644012
118.326363
117.447945
116.130287
115.691078
115.103645
114.664421
115.103638
118.463684
118.611908
118.611908
118.760132
119.347565
119.786781
119.935005
121.109879
121.109879
121.697319
121.697319
121.845535
122.575745
121.845535
121.697311
120.670670
119.644012
118.326363
117.447937
116.130302
115.691078
114.664429
114.225204
114.664421
118.463684
118.611908
118.611908
119.051117
119.786781
119.786781
120.225998
121.109879
121.549095
122.136528
121.845535
122.284752
122.575745
122.136536
121.258102
120.670670
119.644012
118.326370
117.447937
115.691071
115.691078
114.225212
114.378891
115.114548
