79.730980
78.852554
77.825897
75.481606
72.407097
68.887924
66.691849
64.638542
63.463676
61.997803
61.410370
59.801727
58.775078
58.335861
58.341316
57.468338
58.204002
58.209450
59.823540
60.707428
61.585854
63.051720
63.490929
63.930145
81.636063
80.318420
79.291763
76.947464
73.872971
70.793007
68.448715
66.543633
64.781311
63.463669
62.437019
61.410370
60.092720
59.362511
59.658951
59.076981
59.521637
59.378876
60.701973
61.437637
62.316063
63.342720
63.781929
64.221146
84.716019
83.837585
82.810936
80.466637
77.243912
74.603172
72.110649
69.766350
68.152260
66.686401
65.511520
64.193878
62.876236
62.437027
61.855034
61.273048
61.717720
61.426727
62.601593
63.337257
63.628258
64.654900
65.094116
65.533333
90.870483
89.992050
88.526184
86.621101
83.837593
80.318420
78.265114
75.920815
73.719284
72.105194
70.491104
68.734253
67.559372
65.950729
65.950745
64.929535
65.077759
64.786774
65.522430
65.670654
65.961639
66.258087
66.549080
66.549080
98.639030
98.199814
96.733948
94.828865
91.897133
88.965401
86.176430
83.244705
81.043167
78.698868
76.936562
75.031479
73.126404
71.660530
71.073097
70.051895
70.051895
69.612686
69.612679
69.173462
68.734245
68.295029
68.734245
68.586021
106.555801
106.116592
104.211502
102.597420
100.104897
96.733948
94.823410
91.600685
88.663498
86.319199
83.969452
82.064369
80.011063
78.396973
77.370323
76.491898
76.052673
75.756233
75.026024
73.851151
72.824509
71.946068
71.797844
71.797844
111.249847
110.958862
109.492996
107.878906
105.534607
102.893860
100.983330
97.760605
95.410858
92.770103
90.716805
88.954498
86.901184
85.578087
84.112221
83.085571
82.789124
82.492676
81.466034
79.851936
78.386070
77.068428
76.920204
76.771980
113.605057
113.605057
112.287415
111.551750
109.646667
108.032578
106.270264
103.777740
101.867210
99.374695
97.612381
96.728493
95.114410
93.791306
92.907425
91.880768
90.996887
90.552223
89.086357
87.763260
85.858177
84.683296
84.244080
84.095856
115.230049
115.521042
114.642609
114.055176
113.028519
112.001877
110.826996
109.064682
107.741585
106.127495
105.243607
104.359726
103.915062
102.882957
101.999069
101.263412
99.940315
99.495651
97.733337
96.410240
94.356934
92.891068
92.303627
92.155411
116.262154
116.262161
115.971161
115.822937
115.531952
115.235504
114.499840
113.033981
112.150101
111.414429
110.530548
110.964310
110.519646
109.926758
110.064072
109.328415
108.444527
107.412422
105.650116
104.178787
101.834488
100.659615
99.632965
99.775726
116.855049
117.003265
117.003273
117.003273
117.003273
116.855049
116.415833
115.680176
115.383728
114.060623
114.203400
114.928154
114.922699
114.769020
115.054565
114.609894
113.286797
112.402916
111.370804
109.317505
107.703415
106.380318
105.062668
105.353661
116.860497
116.569511
116.860497
117.008720
116.717735
116.717728
116.569511
116.273064
115.246407
115.240952
114.944511
115.669266
116.833237
117.266998
117.261543
117.256088
116.520432
116.223984
115.191879
113.726013
111.672707
110.497833
109.619400
109.471176
115.839294
116.130287
116.130302
116.426735
116.283974
116.283966
115.696533
115.257317
114.812645
114.516197
114.658966
115.822945
117.135132
117.859886
118.002655
118.584641
118.288193
118.288193
117.991753
116.377655
114.620804
114.033363
113.297707
113.006706
115.109093
115.109093
115.109093
115.696526
115.262764
115.262764
115.114540
114.236122
113.939674
113.643227
114.076988
114.949966
116.701370
117.865341
118.743774
119.325752
120.055962
120.055962
119.907738
118.590096
117.272446
116.536789
115.806580
115.658356
114.818100
114.818100
115.109093
115.405540
115.262772
114.680786
114.971779
114.532562
113.796913
113.500458
114.082436
115.246414
116.997818
118.310005
119.040215
119.918640
120.648849
121.527283
121.088066
120.209641
118.891991
118.452774
117.574348
117.426125
114.818108
114.818108
114.818108
115.114548
114.971779
114.680779
114.971779
114.532562
113.945122
113.939674
114.230667
115.394630
117.585251
118.167236
119.336662
120.066864
120.945297
121.384514
121.384514
120.215088
118.897446
118.458229
117.870789
117.870789
114.378891
114.378891
114.378891
114.675339
114.532562
114.532562
114.532562
114.384338
114.236115
114.378891
114.669876
115.542854
117.294266
118.167236
119.188438
120.066864
120.802528
121.093521
120.802528
119.924103
118.606453
118.167236
117.288811
117.288803
114.669876
114.669876
114.669876
114.818108
114.823555
114.823555
114.823555
114.527115
114.527107
114.818108
115.400078
115.982063
117.294266
117.876251
118.897446
119.775879
120.363312
120.802528
120.511536
119.484886
118.606453
117.728027
116.849594
117.288803
114.960869
114.960869
114.669884
115.109093
114.966324
114.675339
114.966324
114.378883
115.109093
115.109100
115.691078
115.982071
117.294258
118.315460
119.336655
120.215088
120.363312
121.241745
120.511536
119.924095
118.754677
118.024467
117.437027
117.876244
115.542854
115.103638
115.251862
115.691071
115.548309
115.548309
115.548309
115.400085
115.251862
115.691078
115.982071
116.712280
117.585251
118.315460
119.336655
119.924103
120.802528
121.532738
121.389969
120.802528
119.924095
119.484879
118.463684
119.193893
115.976616
116.124840
116.124840
115.833855
116.273056
116.273064
116.421288
115.833847
115.833847
115.833847
116.564056
116.855049
117.876244
118.606453
119.775871
120.363312
121.532730
121.532738
121.680954
121.680954
120.802528
120.363312
119.633102
119.924103
116.267609
116.267609
116.706818
116.706818
116.564056
116.564056
116.564056
116.124840
116.415833
116.564056
116.706825
117.437027
117.876244
119.336662
120.215088
120.654305
121.971947
121.971947
122.559387
122.411163
121.241745
121.532738
120.363312
121.241745
116.558601
116.558609
116.706818
116.706818
117.146042
117.146034
117.146042
116.415833
116.706825
116.415833
116.997818
117.437027
118.167236
119.336655
120.215088
121.093521
121.971947
122.262939
122.559387
122.411163
121.680954
121.971954
120.802521
121.241745
116.849594
116.558594
116.997818
116.997818
117.146034
117.146034
117.146042
116.706833
116.415833
116.706825
117.288811
117.728027
118.167236
119.336662
120.654305
120.654305
121.971947
122.553932
122.998604
122.850380
122.120171
121.971947
121.241745
121.680954
