89.624710
90.069382
91.392479
94.038681
97.563301
101.532593
105.062668
108.301758
111.831833
115.219147
118.161789
119.786781
121.993767
123.174088
123.761528
124.052513
122.877647
122.141975
122.284760
121.840088
121.691864
122.273849
122.125626
121.834633
88.603516
89.339172
90.662277
93.160248
96.684868
100.505943
103.596802
106.835892
110.365967
114.044273
116.695915
118.463676
120.670662
122.438431
122.734871
122.877647
122.729424
121.845535
121.845528
122.131073
121.543640
121.834633
121.538193
121.977402
85.973679
86.709335
88.032440
90.382187
93.610367
97.431435
100.522301
103.904160
107.725220
110.964317
113.758728
115.822945
118.029922
119.940453
121.115326
121.406326
121.406326
120.961662
121.400864
121.395416
121.247192
121.538185
121.389961
121.389961
81.444214
81.740662
83.206528
85.556282
88.927223
92.451851
95.537262
98.919113
102.591965
106.122040
109.646667
111.562660
114.648064
116.558601
117.881699
119.199348
119.638557
120.368767
120.659760
121.389969
121.389961
121.680962
121.680954
121.680954
75.893555
76.041763
77.798630
79.412720
82.635452
85.863632
88.943588
92.319984
96.283829
99.665695
103.481300
106.127502
109.064682
112.001877
113.912407
116.108482
117.574341
118.452774
119.627647
120.357864
120.945297
121.823730
121.675507
121.823730
70.194664
70.342888
72.099747
73.417389
76.343674
79.566399
82.349915
85.578094
88.954498
92.770111
96.437500
99.813904
102.751091
106.418488
108.768234
111.408981
113.901505
115.367371
116.981453
118.299103
119.325752
120.204178
120.204178
120.791626
67.273834
67.713051
68.882469
70.200119
72.099747
74.883255
77.518555
80.450279
83.239250
86.906631
90.425819
93.505768
96.882172
100.110352
102.751091
106.122040
108.323570
110.376869
112.430183
113.896049
114.922699
116.388565
116.388565
116.976006
66.400856
66.691849
67.422058
68.300484
69.760902
71.665985
72.983627
75.476151
77.529449
80.461182
83.392921
86.324654
89.404617
92.484566
94.686096
97.617828
100.258575
102.602875
104.656174
106.709480
108.466339
109.641220
110.080429
110.519646
66.840073
67.279289
67.131065
67.570282
68.009491
68.887924
69.766357
71.232224
72.407097
74.751389
77.095688
79.291763
81.636055
84.567795
86.181885
89.113617
91.606140
93.368454
95.712753
97.617828
100.253120
101.427994
102.306427
102.745636
67.279289
67.279289
67.279289
67.279289
66.988297
66.549080
66.988297
68.014946
68.454163
69.480820
71.237671
72.846306
75.042389
76.947472
79.143547
81.196854
82.959167
85.303452
86.917549
89.552834
92.479118
93.802216
95.119858
95.410851
67.279289
67.279289
67.279289
66.840073
66.109863
65.379662
65.379662
65.527885
65.379662
66.406311
67.723953
68.893379
70.941223
72.549866
74.454948
75.772591
77.095695
79.149002
80.905861
83.541145
86.028214
87.642303
89.250938
89.250938
67.570282
67.131065
67.131065
66.400856
66.109863
64.940445
64.501236
64.501221
64.792221
65.088669
65.818871
66.988297
68.596931
69.623581
71.380447
72.258873
73.285530
74.460403
76.069031
78.116890
80.312965
81.630608
82.509033
83.239243
67.422058
67.422058
67.422058
66.543625
66.252640
65.083214
65.083214
64.792221
64.792221
64.501236
64.940445
66.258087
67.136520
68.454163
69.332596
69.920036
69.920036
71.089447
71.967880
73.867508
75.476151
76.497345
77.375778
77.666771
67.564827
67.564827
67.564827
66.834618
66.543625
65.374207
65.374207
64.353004
64.792221
64.940445
65.379662
65.967094
66.845535
67.723961
68.311401
68.311401
68.163177
68.454163
68.893379
70.496567
71.226776
72.687187
72.978172
73.269173
67.564827
67.564827
67.564827
66.834618
66.543625
65.374207
65.374207
64.643997
64.792221
64.501228
64.940445
65.527878
65.967102
66.554535
66.993744
66.993744
66.845520
66.988297
67.279282
68.739708
69.612686
70.342888
70.633873
71.803299
66.977386
66.977386
66.977386
66.247177
65.956192
65.225983
65.225983
64.934990
64.792221
64.792221
64.940445
65.088669
65.967102
66.115318
66.554535
66.845520
67.136520
67.279282
67.718498
68.739708
69.760895
71.221313
71.073090
71.803299
66.098953
66.098953
66.098953
66.247177
65.807968
65.225983
65.225983
64.934990
65.083214
65.231438
65.670654
65.818878
66.258087
66.406319
66.845535
67.284744
67.427505
68.157715
68.596931
70.348335
71.517761
72.538963
72.978180
73.417397
65.220535
65.220535
65.220535
65.368759
64.929543
65.077759
65.077759
65.225983
65.374207
65.961639
65.961639
66.109863
66.549080
66.697304
67.136520
67.575729
68.305939
69.036148
69.914581
71.814209
72.983627
74.301277
74.301277
75.179703
65.220535
65.220535
65.220535
65.368759
64.929543
65.077759
65.077759
65.225983
65.374207
65.961639
65.961639
66.109863
66.549080
66.697304
67.136520
67.575729
68.305939
69.036148
69.914581
72.110657
73.280067
74.306725
74.745941
75.185150
64.342094
64.342094
64.342094
64.781319
64.342102
64.929543
64.929543
65.077759
65.665192
66.252632
66.252632
66.400856
67.131065
67.279282
67.279282
67.866722
67.575729
68.305939
69.332596
71.237679
73.142754
74.169411
75.196060
75.196060
64.342094
64.342094
64.342094
64.490318
64.051102
64.490326
64.490326
65.516975
65.665192
66.104408
66.543625
66.982841
67.422058
67.279282
67.718498
67.279282
67.136520
66.993759
68.020401
70.512917
72.857216
74.180313
75.206963
75.206963
63.611893
63.611893
63.611893
64.051102
64.051102
64.490326
64.490326
65.368759
65.956184
66.395401
66.834618
67.273834
67.713043
67.861267
67.861267
67.279282
66.406319
66.263542
67.438416
69.788162
72.132462
74.185768
75.360641
75.360641
63.611893
63.611893
63.611893
64.051102
64.051102
64.490326
64.490326
65.368759
65.956184
66.395401
66.834618
67.273834
67.713043
67.861267
67.861267
67.279282
66.406319
66.263542
67.438416
69.788162
72.280685
74.191223
75.366096
75.366096
63.611893
63.611893
63.611893
64.051102
64.051102
64.490326
64.490326
65.368759
65.956184
66.395401
66.834618
67.273834
67.713043
67.861267
67.861267
67.279282
66.406319
66.263542
67.438416
69.645401
72.137924
73.900230
75.075104
75.075104
