88.784454
89.371895
90.546768
91.134209
93.044739
95.537262
97.887009
100.675972
103.173950
104.497047
102.306427
96.162872
88.992661
81.526009
77.133865
74.937782
73.032715
72.297043
71.275848
71.863281
72.598938
73.625595
74.064812
74.213028
90.102097
90.102097
91.128754
91.864410
93.774948
95.098053
97.008583
99.797546
103.173950
104.497047
101.867210
96.602081
89.283653
81.965225
77.573074
75.376999
73.471924
72.445267
71.275848
71.863281
72.598938
73.186386
73.625595
73.773811
92.001724
92.440941
92.737396
93.033836
93.774948
94.949821
96.569366
99.358337
102.586510
103.618614
101.867210
97.041306
90.601295
83.722092
79.620926
76.694641
74.350357
72.445267
71.275848
71.863281
72.598938
73.186386
73.625595
73.334595
95.949211
96.388428
95.806442
95.081688
94.505157
94.071396
95.251724
98.040688
100.977875
103.179405
101.718987
97.480515
91.770721
86.357376
82.256210
78.451508
75.667999
72.884476
70.984863
71.424065
72.159729
72.747169
72.747169
72.895386
101.505325
100.775124
99.753922
97.272308
95.378128
93.044739
93.785858
96.574821
99.512009
101.422546
101.279770
98.210724
94.257790
89.722870
85.478943
81.086800
76.985641
73.471924
71.424072
70.984856
71.572296
72.159729
72.598938
72.307953
106.622231
105.601036
103.849625
100.341354
96.547554
92.896515
92.319992
94.817963
98.046143
100.544113
100.840553
98.940933
96.453865
93.236588
89.574646
84.013077
78.742493
74.350349
71.424072
70.984856
71.424072
72.011505
72.011505
71.720505
111.008926
109.987732
107.357895
103.558632
98.007965
93.335739
91.880768
93.939529
97.167709
99.369240
100.544113
99.522911
98.062500
95.575432
92.209938
86.648361
80.790344
75.667999
72.302505
70.984856
71.424072
71.133080
71.133080
70.842079
115.104630
113.644211
111.014374
106.045700
99.616608
94.065948
92.171768
93.643082
96.432053
98.342590
99.517456
99.374695
99.083702
97.475067
94.548782
88.987213
82.398987
77.128418
73.032715
71.715057
71.275848
70.984848
70.545639
70.254654
118.321899
117.152481
114.231651
109.262970
101.955444
95.526352
92.901970
93.494858
95.405396
97.606918
98.342590
99.517456
100.104897
99.522919
96.887627
91.035065
84.298615
78.737053
74.493118
72.445267
71.566833
70.836639
70.836632
69.958206
121.687401
119.930542
116.718719
111.601814
103.712311
97.283211
94.510605
94.076843
95.108955
96.432053
97.606926
99.221016
100.686882
100.835106
98.787254
93.225685
86.637466
80.345688
76.101753
74.053909
71.857834
70.836632
70.249191
69.809975
123.147812
121.248184
118.618347
113.358673
106.051147
99.770279
96.410240
95.246262
95.251724
95.696388
96.871262
98.485352
100.829651
101.856308
99.808456
94.834320
88.685310
82.393539
78.149605
75.371552
72.736252
71.418617
70.249191
69.809975
122.856827
121.687401
119.205788
114.676315
108.099007
102.109131
98.749084
96.706680
95.394501
94.521515
95.548172
97.601471
100.533203
101.999069
100.829651
96.003738
90.733162
84.880600
80.636673
77.419403
73.905685
71.857834
70.979401
70.391968
122.126617
121.396408
119.205788
115.406525
110.586067
105.474625
101.675369
98.606308
96.267464
94.225067
94.082298
96.865814
99.797546
101.702629
100.972420
97.024940
92.781013
87.367668
83.271965
79.467255
75.662537
73.027252
71.418617
70.831184
120.957191
120.226990
118.766571
115.554749
112.342926
107.813469
104.162430
100.654160
96.558464
93.780403
93.637634
95.690933
98.913666
100.966965
100.675980
98.046143
94.389656
89.854736
86.198242
81.515106
77.271179
74.196671
72.148819
71.270401
120.666199
120.226990
118.475571
115.993965
113.369583
109.427551
105.628296
101.532593
97.145897
93.780396
93.198410
95.394493
98.035233
100.670517
100.236763
98.628128
95.998291
92.490028
88.685318
83.711174
78.737045
75.075104
73.027252
72.148827
120.078758
119.496780
118.184586
116.290413
113.666031
110.454208
106.803169
102.707466
97.733337
93.928627
92.759201
94.516060
97.008583
99.352875
99.940315
99.067337
97.167709
94.537872
91.468819
85.907249
80.642120
76.101753
73.762909
72.884491
119.496780
119.205788
117.893593
116.147644
113.962471
110.898872
107.247841
103.003914
98.029785
94.516060
93.346649
94.225067
96.130150
98.035233
98.770897
99.067337
98.485352
97.024940
93.807671
88.103333
82.398987
77.715851
74.937782
73.620148
118.766571
118.475586
117.311615
116.004868
113.676933
111.052551
107.983498
103.448578
98.765442
95.542709
93.785858
94.225067
95.690948
97.156799
97.744240
98.919113
99.363785
99.072792
96.003738
90.299400
84.304070
79.181717
76.842865
75.673447
118.332809
117.893585
116.729630
115.422890
113.682388
111.057999
108.428169
104.623451
99.940315
97.156799
94.960732
94.812500
95.399948
96.278374
96.865814
98.479904
100.093994
99.951225
97.760605
92.347252
86.351921
81.965225
79.478165
78.308739
117.168839
116.877846
116.004868
115.137344
113.100403
110.476013
108.872833
105.359116
101.554405
98.770897
97.453247
96.135605
95.696396
96.426598
96.574814
98.479897
100.384987
100.681427
99.221016
94.395103
89.717422
85.330719
82.843658
82.113449
116.592308
116.592316
115.428345
114.264374
112.375648
110.042259
108.439072
105.803787
103.607712
100.972427
99.506554
98.188911
96.723038
95.844604
95.844604
98.188911
100.093994
100.972420
99.951218
96.442955
92.056259
88.547997
86.939362
86.500153
116.158546
115.867554
114.994576
113.391396
112.084656
109.899490
108.296303
106.539444
104.634361
102.877502
101.120651
99.215561
97.310486
95.992836
95.553619
97.749695
99.945770
101.263412
101.120644
97.903374
94.395103
91.913498
90.156631
89.865646
115.576569
115.285568
114.412590
113.539619
111.793671
109.608498
108.296303
107.126884
105.661011
104.052383
102.295517
99.951225
97.458710
95.992828
95.553619
97.749695
100.236763
101.702629
101.120644
98.781799
96.003746
93.522125
91.913498
91.913490
115.724792
115.433792
114.560814
113.248627
111.502670
109.317505
108.444527
106.835892
105.809235
104.491592
102.295525
100.242218
97.606934
95.701843
95.553619
97.749695
99.945770
102.141846
101.559860
99.221016
96.151962
93.961342
92.643700
92.643700
