118.337273
118.919258
119.210251
119.056572
119.199341
118.897446
118.595551
117.272453
115.510132
113.451378
111.540840
109.333862
106.835892
104.777130
101.988167
99.495651
96.854904
93.632179
91.287880
87.483170
84.556892
81.630608
79.873756
79.143539
118.776497
118.480042
118.771034
118.765579
119.051117
118.606453
118.304550
116.833237
115.070923
113.308609
111.837296
109.482086
107.423325
104.925354
102.575607
100.083084
97.590561
95.098053
92.314529
88.800812
85.874535
83.096474
81.339615
80.900398
117.898056
118.480042
118.331825
118.765587
118.320915
118.606453
117.722572
116.838684
114.928154
113.017616
111.985512
109.778534
107.719772
106.100227
104.189697
101.697174
99.495651
97.151352
95.246269
91.584328
88.806267
86.319206
84.562340
84.414124
117.458847
117.749832
117.601616
117.744385
117.738930
117.733475
116.849594
116.256699
114.642616
113.171295
112.139191
110.519646
109.191093
107.280556
105.809235
104.195152
102.872047
101.257965
99.643875
96.860359
94.373291
92.468208
91.150566
90.272133
116.432182
116.432198
116.723183
116.723183
116.717735
116.421288
116.124840
115.531952
114.357071
113.324966
112.441086
111.260757
110.080429
109.048325
108.746429
108.010765
107.566093
106.391220
105.507339
103.014816
101.257965
99.792091
98.913666
98.035233
115.844757
116.141197
115.992981
115.992981
115.696526
115.400085
114.960869
115.246407
114.071541
113.478645
113.473190
112.441086
111.699966
111.107086
111.392624
111.387169
111.233490
110.937050
110.783371
108.878288
107.703415
106.676758
106.237549
105.650108
116.135742
116.283974
116.135742
115.844757
115.696533
115.839302
115.251862
114.955421
114.219757
114.066086
114.060623
113.324966
112.583855
112.430176
112.715714
112.271057
112.556587
112.260147
112.545685
111.810020
110.931595
110.195930
110.486923
109.608498
117.008728
117.447937
117.299713
116.717735
116.569511
116.421280
115.982071
115.394630
115.098190
114.653519
114.357071
113.912399
113.610504
113.017624
113.012161
112.567490
112.265594
111.529938
111.376266
111.667252
112.106468
112.397461
111.958244
111.958244
118.611908
118.760132
118.611908
118.320908
117.442482
117.442490
116.855042
116.267609
115.828392
115.383728
115.087280
115.081833
114.488937
113.456833
113.012161
111.540848
110.508743
109.333862
109.767624
110.206833
111.233490
112.551132
112.699356
112.990349
119.924095
119.924095
119.924095
119.342117
118.463684
118.315460
118.024467
117.146042
117.288811
116.553146
115.965714
115.521042
115.367371
114.335266
113.012161
110.958862
108.900101
107.137787
107.719772
108.307205
110.503281
112.117371
112.556595
112.995804
120.511536
120.802528
120.802528
120.072319
119.633102
119.193893
118.754669
117.876251
117.728020
117.140587
116.844139
116.108482
115.954803
115.070923
113.747818
110.958862
108.460892
106.698578
106.111130
107.428780
109.476631
111.090721
111.090721
111.820930
121.247192
121.247192
120.807976
120.368767
120.220543
119.929550
119.781326
118.902901
118.754677
118.167236
117.870789
117.574348
117.277901
116.245796
114.483482
112.133736
108.757339
106.407578
105.523697
106.105682
107.275101
108.153534
108.592751
108.444527
121.258102
120.961655
121.109879
121.252647
120.665207
120.956207
120.368767
119.929550
119.633102
118.463684
118.458229
118.600998
118.452774
117.568893
115.806580
112.869400
109.492996
106.555801
104.645264
104.200600
104.925354
104.777138
105.210892
105.062668
121.263557
121.115334
121.115334
121.258102
121.400871
121.400871
121.104424
120.665207
119.781326
119.342117
119.045670
119.336662
119.188438
118.452774
116.981453
113.753273
109.937653
107.143250
104.645264
103.755936
102.723831
102.570152
101.834488
101.977264
121.411774
121.702766
121.263557
121.406326
121.549095
121.549095
120.813431
120.665215
119.638557
118.611908
118.463684
118.754677
119.484886
119.188438
117.568893
114.340714
110.816093
107.878899
105.523697
104.195145
103.014816
101.834488
101.389824
101.389824
121.850990
121.702766
121.411774
121.115334
121.258102
120.818886
120.374222
119.495789
118.760132
117.442490
117.294258
118.024467
118.754669
118.897446
117.717117
115.219147
112.281952
109.635757
107.719772
105.512787
104.332466
103.300354
102.855690
102.268250
121.702774
121.554550
121.263550
121.554550
120.967110
120.231445
119.353012
118.035370
117.299713
115.833847
115.976616
116.564056
117.146042
118.019012
117.135132
115.806580
113.599602
111.392624
109.915848
108.296310
106.237549
105.496437
104.760773
104.612549
121.845535
121.554550
121.554550
120.967110
120.088684
119.062027
118.035370
117.305168
116.130295
115.103638
114.807198
115.246414
116.415833
117.140579
117.135132
115.954803
114.626251
113.297699
112.260147
110.349609
109.169281
108.137177
107.401520
106.374863
121.697319
121.845535
121.406326
120.818886
120.088676
119.062027
118.035378
116.426735
115.400085
114.664421
114.516205
114.664421
115.976624
116.849594
116.553146
116.251251
115.510139
114.620804
113.731461
112.111923
111.079819
109.756721
109.312050
108.433624
121.697319
121.697311
121.258102
120.818886
119.940460
118.622818
117.596161
116.865952
115.691078
114.373428
114.373436
114.812653
115.394630
116.124840
116.119385
115.965714
116.103027
115.510139
114.769020
113.879684
112.995804
112.111923
111.815475
111.228043
121.840088
121.549095
120.961655
120.670662
119.792236
118.765579
117.596161
117.156944
116.130295
114.960869
114.812645
114.960869
115.103645
115.394630
115.685631
115.680176
115.965714
116.399467
115.806580
115.356461
114.620804
114.467117
114.170685
113.292252
121.400871
121.400871
120.961655
120.083221
119.792236
118.765579
117.887154
117.156944
116.278519
115.400085
115.400085
115.109093
115.251869
115.251862
114.664429
115.246414
116.119385
116.553146
116.547699
116.685013
116.240341
115.795677
115.938446
115.351013
121.400871
121.400871
120.961655
119.935005
119.644012
118.765579
117.887146
117.156944
116.278511
115.548302
115.400078
115.109093
114.960876
114.960869
114.812653
115.394623
116.415833
116.997818
117.431580
117.568893
117.124222
116.827782
116.970551
116.383118
121.400871
121.400871
120.961655
120.083229
119.644012
118.765579
117.887154
117.156944
116.278511
115.400085
115.548302
115.109100
114.669876
114.669876
114.521660
115.103645
116.415833
117.146042
117.288803
117.426125
117.420670
117.266998
117.848984
117.261551
