77.452118
77.303894
77.155670
75.986259
74.959595
74.223938
73.345512
72.318855
72.461632
72.456177
72.604401
73.488281
74.372162
74.965050
75.552490
75.113281
74.822281
74.822289
77.012901
80.372955
83.442001
86.511047
88.410675
88.992661
78.330551
78.182327
77.885880
76.864677
75.250595
74.223938
73.636505
72.609848
72.461632
72.604401
72.752625
73.488281
74.372162
74.816826
75.404266
74.965057
74.674057
74.965050
76.573685
80.372955
84.172195
86.950264
88.701675
89.431870
80.230179
79.790970
79.055298
77.594894
75.980804
74.223938
73.488281
72.609848
72.461632
72.752609
72.900848
73.488281
74.372162
74.668602
75.256042
74.816833
74.525833
75.256042
77.155670
80.663940
84.463196
87.971466
89.871094
90.601303
82.717239
82.129807
81.394150
79.346298
77.001999
74.805923
73.488281
72.900841
72.900848
73.191833
73.340057
73.488281
73.784721
73.790176
74.520386
74.081177
74.081177
74.811371
76.859230
81.097702
85.923615
89.431877
91.479729
92.209938
86.225510
85.638077
84.320435
82.124359
78.462418
74.948685
73.631042
73.191833
73.631042
73.927490
73.636505
73.927490
73.345505
73.493729
73.345512
73.197281
73.197289
74.366707
76.996552
82.261673
87.235809
91.331512
93.818573
94.987999
90.321213
89.881996
87.976913
84.754181
79.922821
75.969894
73.773819
73.482834
74.218491
74.366714
74.514923
73.927490
73.049057
72.758072
72.900841
72.752625
72.752625
74.213036
77.139313
82.843658
89.135429
93.522125
96.157417
97.766052
94.416924
93.538498
91.342415
87.389481
82.261673
77.869522
75.382454
74.943245
74.509476
74.805923
74.514923
73.927490
72.900833
72.461624
72.604393
72.456177
73.186386
74.795021
78.012299
83.864853
90.744072
95.278992
97.475060
99.083694
98.660843
97.782410
95.438110
91.194199
85.336182
79.917374
76.991089
75.969894
75.387909
74.657700
73.927490
73.191833
72.165176
71.725967
71.868736
71.868744
72.889938
74.937790
78.303284
84.743286
91.474274
96.157417
98.940926
100.549568
102.904770
101.735352
99.391052
94.998901
89.140884
82.991875
79.187164
77.139313
76.118118
74.361252
73.631042
72.604401
71.577744
71.138535
71.572289
72.011513
73.180923
75.816216
79.472702
85.912704
92.500931
97.332291
99.967583
101.137001
106.418488
105.540054
102.904770
98.364395
92.215393
86.505600
82.113449
79.187164
77.287537
74.652237
73.773819
72.307953
72.159729
72.450714
72.302505
73.620148
75.228775
77.864067
81.377792
87.526794
93.966797
98.798157
101.433449
102.751099
108.614563
107.736130
105.249069
100.999687
95.729111
89.580101
85.627167
82.261673
79.187164
76.112656
75.234222
74.646797
74.937790
75.667992
75.958992
76.985641
78.742493
81.377792
84.600510
90.601303
97.337746
101.290680
103.486755
105.243614
109.789436
109.201996
107.445145
103.343979
99.100060
93.681259
89.728325
86.066383
82.113449
78.890717
78.303284
78.446045
79.615479
81.372337
82.102539
83.277420
85.330727
87.675018
90.897743
95.586342
101.296127
104.958069
107.154144
108.180801
110.376877
109.789436
108.180801
105.688278
102.322784
98.512619
94.411469
90.310310
85.918152
82.838196
82.102539
83.271973
85.759026
88.246101
89.860184
91.326057
93.088364
94.850685
97.782410
101.592575
105.841957
108.916458
110.821541
111.408981
109.646667
109.059235
108.180801
106.423943
104.667084
101.735352
98.512619
94.263245
90.013855
86.642914
85.907257
88.394318
91.611588
94.686096
97.030396
98.353493
99.824814
101.735352
103.788651
106.868607
110.091339
112.583855
113.901497
114.488937
106.868607
106.720390
106.281174
105.984726
105.545509
103.931419
101.587120
97.776962
93.966797
90.886841
91.029602
93.516678
96.882172
100.544113
102.158203
103.481300
104.952621
105.984726
108.186249
110.536003
112.732079
115.076378
116.103027
116.399475
101.746254
102.328239
102.328239
103.497658
104.667084
105.249069
104.513405
101.878113
98.507164
96.453857
97.035843
99.231918
102.015434
105.529152
106.704025
108.027122
108.911011
109.503899
110.826996
113.028519
114.933609
116.838684
117.717117
117.865341
95.745468
96.475677
97.205887
99.692947
103.349434
105.836502
106.270264
105.391838
103.634972
102.899323
103.629524
105.095390
107.439690
109.932205
110.958862
111.255302
111.848190
111.853653
113.028519
114.933609
116.547699
118.161789
118.600998
119.188438
89.305466
90.765884
92.522743
95.740021
100.714142
104.958076
107.296921
107.736130
107.587906
107.587914
108.466339
110.080429
111.694519
113.747818
114.483475
114.192490
114.049728
113.906952
114.351624
115.378273
117.283356
118.458229
119.336662
119.336662
84.622330
86.230965
88.278824
91.935303
97.639641
102.322784
105.979271
107.736130
109.201996
110.519646
112.276505
113.451378
114.483490
116.097572
115.806580
115.663818
115.081825
114.351624
114.648064
116.113937
117.288811
118.463684
119.342117
119.193893
80.521164
81.547821
84.034889
87.252167
92.665512
97.200424
101.883568
105.397293
108.762787
111.985512
113.890594
115.213692
116.245804
116.542236
116.399475
115.669266
114.939064
113.478645
113.775093
115.092735
116.558601
117.733475
118.172691
118.172691
77.155678
78.034103
80.081955
83.008240
87.543152
91.638855
96.470222
101.740799
107.302368
112.281960
115.065468
116.240341
116.542236
116.547699
115.965706
114.796288
113.335876
112.457443
112.605667
113.632324
114.807190
116.273056
116.860504
117.151489
75.250595
75.547043
77.594887
79.933739
83.590225
87.103943
92.665512
99.105515
106.132950
111.990967
115.504684
116.827782
117.277908
116.256699
115.531952
114.362534
112.753891
110.997032
111.584473
112.611122
113.785995
115.103638
115.839302
115.982071
73.202744
73.790176
75.547043
78.034103
81.103149
84.616875
90.617661
97.936089
105.693733
112.139191
116.092117
117.415222
117.717117
116.404922
115.680168
114.362526
112.314674
110.415047
110.854263
111.880920
112.907562
114.812645
115.400085
115.251862
72.763527
73.350960
74.959610
77.155670
80.224731
83.590225
89.739227
97.496872
105.254517
112.430183
116.240341
117.563446
117.426125
116.553146
115.680168
114.219757
112.023682
110.415047
110.706039
111.880913
113.055786
114.521652
115.109093
115.400085
