129.005829
129.005829
129.296829
129.587814
130.021576
129.873352
130.894562
130.746323
131.767532
132.206741
131.185547
131.190994
130.318024
128.566620
127.545410
126.227768
124.328140
122.280289
121.401855
120.671646
120.232437
119.793228
119.793228
119.354004
129.296814
129.296814
129.439590
129.730591
130.021576
130.164337
130.746323
131.037323
131.767532
131.767517
131.185547
131.190994
130.318024
128.566620
127.545410
125.936775
124.328140
122.280289
121.401855
120.671646
120.232437
119.793228
119.793228
119.354004
129.873352
129.873352
130.312561
130.164352
130.455338
130.598114
131.328308
130.889099
132.058517
131.767532
131.185547
130.751785
129.587814
127.836411
126.666985
125.058350
123.449707
121.401863
120.523422
119.793221
119.354004
118.914795
118.914795
118.475578
130.444427
130.592651
130.883636
130.883636
131.322861
131.613861
131.613846
131.471085
131.910294
131.910294
130.746323
129.873352
129.000366
127.248970
125.936775
124.179916
123.010498
120.962646
120.084213
119.354004
118.914795
118.475586
118.475586
118.036362
131.745712
131.745712
132.333160
131.893936
132.481384
132.338608
131.899384
132.195831
132.053070
131.910294
131.037323
128.994919
127.830948
126.079544
124.619133
123.010498
121.401855
119.935989
119.496780
118.327362
118.327362
118.327362
118.327362
117.888138
133.046997
132.904236
133.052460
133.052460
133.057907
132.915131
132.772369
132.338608
132.053070
131.471085
130.307114
128.264709
127.100746
124.910126
123.449707
121.841072
120.084213
119.057556
118.618347
117.739922
117.009712
117.009705
117.009705
116.570496
133.337997
133.486221
134.073654
133.782654
133.497131
133.502563
132.481369
132.047607
131.322861
130.740875
129.137695
127.095291
125.343887
123.153259
121.841080
120.084213
118.914795
117.597153
117.597153
116.718719
116.427727
116.427727
116.427727
115.988510
134.221878
134.661102
134.518311
133.936340
133.502579
133.217041
132.344055
131.613861
130.301666
129.280457
127.677277
125.195663
123.444260
120.523430
119.063011
118.184586
117.306152
116.866943
116.427719
115.697525
115.406525
115.406525
115.406525
115.115532
134.962982
135.111206
134.968445
134.386459
133.661713
132.788727
131.915741
130.746338
129.285919
127.968269
126.216858
123.296036
121.105415
118.036362
116.724174
116.284958
115.845734
115.406525
115.406525
114.676323
114.385330
114.242554
114.242554
114.390778
135.270340
135.270340
134.688354
134.254593
133.529846
132.656860
131.196442
129.878799
128.561157
126.804306
124.465454
121.983841
119.205788
116.136734
115.115540
114.676323
114.385330
114.385330
114.237106
113.655121
113.512352
113.369583
113.660576
113.808792
135.286713
135.286713
134.704712
134.270950
133.106979
132.524994
130.916367
129.889709
128.714844
126.809753
124.761902
121.544632
118.327347
115.697525
113.797882
113.358673
113.797890
113.506897
113.506897
113.073135
112.782143
112.491150
112.491150
112.639374
134.869293
135.017517
134.287323
133.853546
132.980576
132.250366
131.371948
130.488052
129.016739
127.254425
125.497559
122.423058
118.909340
115.840286
113.940659
113.353226
113.210449
112.919464
113.067688
112.194702
111.903717
112.051941
111.760941
112.348381
134.309128
134.309128
134.018127
133.875366
132.414948
132.272186
131.536530
130.647186
130.197067
128.868515
126.815201
123.740707
120.078766
116.861481
115.104630
114.226196
112.914001
112.771240
112.189255
111.607269
111.755493
111.173508
111.321732
111.909172
133.743500
133.452515
133.452515
133.309738
132.288544
131.997543
131.404663
131.245529
130.647186
129.752396
127.990082
124.619133
120.808975
117.734467
115.247398
114.368973
113.056778
112.035583
111.162598
111.459045
111.316284
111.025284
110.443298
110.882515
133.024200
133.172424
133.172424
132.590439
132.008453
131.860229
130.976349
131.108215
131.240082
129.906067
128.286530
125.497559
121.248184
118.173676
115.538391
114.368965
112.908554
112.035576
110.723389
110.871605
110.437851
110.146851
110.004082
110.443298
132.590439
132.299438
132.008453
132.304901
131.283691
131.283691
130.839020
131.261887
131.245529
130.350739
128.731201
125.942230
121.692856
118.321899
115.686615
114.077972
112.469345
110.717934
109.696732
109.993179
109.411194
109.559418
109.125656
109.416649
131.860229
132.008453
131.278244
131.574692
131.140930
130.410721
130.114288
130.976349
130.811768
130.065201
128.736649
125.947678
121.550079
118.179131
115.834839
113.638763
112.178352
109.987732
108.818306
109.114746
108.823753
108.680992
108.389999
108.829208
131.712006
131.272797
130.690811
130.987244
130.410736
130.119720
129.675064
130.542587
130.378006
129.631439
128.302887
125.513924
121.407318
118.036362
115.401077
113.056778
111.157150
109.257523
108.527313
108.236320
107.654335
107.950783
107.659790
107.950783
130.828125
130.828125
130.246140
130.251587
130.114273
129.093079
128.796631
129.664154
129.647797
128.610229
127.281693
124.931938
120.973557
117.163391
114.528099
112.332024
110.284172
108.823761
107.654335
107.072350
106.781357
107.077805
107.077805
107.368797
130.229767
130.229782
129.356812
129.071259
128.785721
128.209198
127.621765
127.759071
128.039154
127.440819
125.969498
123.328758
119.518585
116.147644
113.512352
111.316277
109.416649
107.517021
106.786812
106.204834
106.204826
106.501274
106.210281
106.501274
129.774200
129.774200
128.610229
128.472931
127.753616
127.028870
126.589653
126.584198
126.282303
125.392967
124.069870
121.138138
117.915405
114.544456
112.496613
110.448753
108.258133
106.797714
106.067513
105.776520
105.776520
106.072968
105.633751
105.633751
129.324097
129.324097
128.599335
127.731804
126.864281
125.996758
125.414780
124.970108
124.816429
124.223541
122.609451
119.677719
116.894203
113.528717
111.332634
109.284782
107.533379
106.072968
105.490982
105.199989
105.199989
105.496429
105.496429
105.496429
128.879425
128.879425
128.154663
127.726349
126.276840
125.700317
125.266556
124.530899
124.377220
123.784325
121.879242
119.095734
116.312225
112.946732
110.750648
108.851021
107.099617
106.078415
105.496437
104.766228
104.766228
104.914444
104.914444
104.914444
128.582977
128.582977
127.858215
127.869125
126.419609
125.552101
124.679115
123.943451
123.938011
123.054123
121.879242
118.656517
115.730240
112.655731
110.459656
108.999245
106.956848
105.496429
104.914452
104.914452
104.914444
104.623459
104.623459
104.771683
