123.427902
122.845917
121.972939
120.523430
118.343719
115.867554
114.560814
113.973373
113.534164
113.676933
112.216515
110.602432
108.993790
107.824371
105.924744
105.633751
105.348206
104.766228
104.914452
104.623459
104.623459
104.623459
104.623459
104.623459
122.988678
122.845917
121.972939
120.084213
117.904495
115.576561
114.121597
113.243172
113.385941
113.385941
111.777298
110.311440
108.702805
107.385155
105.924744
105.633743
105.496437
105.205444
105.205444
104.914452
104.914452
104.914452
104.914452
104.914452
122.549469
121.967484
121.094505
119.354004
117.026070
114.407143
112.952179
112.803955
112.364738
112.507507
111.338089
110.311440
108.411812
107.094162
105.924744
105.633751
105.639206
105.348213
105.496437
104.766228
104.766228
104.914452
104.914452
104.914452
121.671036
120.940826
119.776855
117.888138
115.417435
113.089493
111.343536
111.343544
111.195328
111.047096
110.316895
108.851021
107.972595
106.654953
105.633751
105.633751
105.490982
105.199982
105.496429
105.496429
105.057220
105.205444
105.205444
105.205444
120.205170
119.623184
118.898438
116.279510
113.808792
110.898880
109.883133
109.004700
109.295692
109.147469
108.708252
107.681602
106.803169
106.363960
105.485527
105.633751
105.490982
105.490982
105.639206
105.490982
105.639198
105.639198
105.639198
105.639198
118.739304
118.157326
117.141579
114.961861
112.051933
108.702797
107.396065
107.105072
107.687057
107.538834
107.099617
106.951393
106.512177
105.924744
105.924744
105.924744
105.924744
106.072968
106.660400
106.072968
106.072968
106.221191
106.221191
106.221191
118.442863
117.860870
116.554138
113.786987
111.025284
107.824371
106.517632
106.517632
106.517632
107.099617
106.951393
106.363960
106.363960
106.215736
106.215736
105.924744
106.215736
105.776520
106.363960
106.654945
106.654945
106.803169
106.803169
106.803169
118.585632
117.564430
116.839676
113.929749
110.289627
107.527924
106.221191
105.930191
106.221191
106.512177
106.951393
106.803169
106.654945
107.094162
106.945938
107.236938
107.088715
106.797714
107.236931
107.236931
107.236938
107.385155
107.385155
107.385155
118.580170
117.998192
116.543228
113.924301
110.432396
107.522476
105.924744
105.633751
106.363953
106.945938
107.824371
107.824371
107.676147
107.676147
108.115356
107.967140
108.109909
107.818916
108.109909
108.258133
108.258133
108.406357
108.406357
108.406357
118.574722
118.140961
116.976990
113.918846
110.426941
107.956238
105.919289
106.215729
106.797722
107.527924
108.406357
107.967140
108.697350
109.136559
109.136559
108.549126
108.691895
108.252678
108.400902
108.691895
108.691895
108.988342
108.988342
109.136566
119.156708
118.426498
116.971542
114.500832
110.860703
107.950775
106.353058
106.501274
107.379700
108.400902
108.988342
108.988342
109.427551
109.866768
109.427551
109.279327
109.422104
108.982887
108.982887
109.131111
109.422104
109.279327
109.279327
109.427551
119.151253
118.569267
117.553528
114.934593
111.585457
108.675529
107.368797
107.665237
108.104454
108.982880
109.570328
109.570328
110.009537
110.448753
110.157761
110.009537
110.152313
109.564873
109.564873
109.713089
109.713089
109.861320
109.861320
110.009544
119.733238
119.151253
117.987289
115.659348
112.310211
109.839508
108.384544
108.680992
109.268425
110.004089
110.443298
110.591522
110.448753
110.887970
110.596977
110.739746
110.443298
110.443298
110.295074
110.443298
110.734291
110.443298
110.443298
110.591522
119.733238
119.151253
118.278275
115.950340
113.034966
110.564255
109.548515
109.844955
110.141403
111.168053
111.025284
111.173508
111.030739
111.178963
110.887970
111.030731
110.882515
110.586075
111.025284
111.025284
111.316284
110.734291
110.734291
110.734291
119.442245
118.860260
118.135506
116.389557
113.474182
111.437233
110.712479
110.717934
111.305367
111.750046
111.310822
111.755493
111.612717
111.760941
111.469955
111.612717
111.464500
111.316284
111.607269
111.607269
111.607269
111.316284
111.316284
111.316284
118.574722
118.283730
117.410751
116.246788
114.352608
112.458435
112.024673
111.881905
111.739136
112.183807
111.892807
111.750031
111.755493
111.903717
111.612724
112.194702
112.046486
112.337479
112.628471
112.189255
112.189255
111.898254
111.898254
111.898254
117.416206
117.125214
116.834221
115.813026
114.940048
113.627853
113.485085
112.754875
112.760330
112.326569
112.035583
111.744583
112.189255
111.898254
112.046478
112.919464
112.919464
113.210457
113.940659
113.501450
112.480247
112.041031
112.480247
112.480247
116.405914
116.405914
116.405914
115.966698
115.236488
114.797279
114.654510
113.924301
113.342316
112.760330
112.469345
112.326569
112.183800
112.332016
112.332024
113.353226
113.644211
114.083427
114.374420
114.083435
113.353226
113.062225
113.062225
112.914009
115.538391
115.538391
115.538391
115.681160
115.532936
115.093719
115.384712
114.654510
114.072525
113.781532
113.490540
113.051323
113.347771
113.347763
113.347771
114.517197
114.808182
115.099174
115.538391
115.247398
114.374420
113.644211
113.644211
114.083427
115.258308
115.258308
115.258308
115.252853
115.395622
115.538391
115.681160
115.532936
114.654510
114.654510
114.654510
114.654510
115.093719
114.802734
115.093719
116.114922
115.966705
116.405914
116.554138
115.972153
115.247398
114.956406
114.665413
114.813637
114.539001
114.978218
114.829994
114.972763
115.258301
115.104630
115.686615
115.681160
115.532944
115.675705
116.109467
116.109467
116.548683
116.548683
116.691452
117.130661
117.273438
116.982445
117.421661
116.405914
116.120377
115.686615
115.395615
115.983063
114.401688
114.840904
114.692680
114.248016
114.824539
115.110085
115.543846
116.268600
115.972153
116.696907
117.130669
117.421661
118.003647
117.564430
118.294640
117.707199
118.289185
117.849968
118.294640
117.130669
117.141571
116.707809
116.565048
116.274048
114.407143
114.846359
114.549911
114.544456
115.120987
115.406525
115.840294
116.268600
116.554138
117.427116
117.860878
118.294640
118.585632
118.289185
118.728394
118.140961
118.871170
118.431953
118.289185
117.712646
117.432571
117.289795
116.856033
116.713264
114.116150
114.555367
114.258919
114.253464
115.120987
115.406525
115.840294
116.707809
116.702362
117.866333
118.003647
118.585632
118.876617
118.728394
119.310379
118.871170
118.722946
118.574722
119.019394
117.712646
117.723557
117.729012
117.004257
117.004257
