123.284142
122.553932
122.257484
121.521828
120.489723
119.605843
119.018402
118.134521
117.107864
116.372208
115.345551
114.758118
114.900887
114.313446
113.138573
113.720558
112.984901
112.249237
111.513580
109.894035
108.279945
106.956848
105.930191
105.633751
122.405708
121.966492
121.230835
120.495178
120.050507
118.727409
117.991745
117.398857
116.520432
115.784767
114.758118
114.170677
113.726013
113.138573
111.963699
112.106468
111.519028
110.783371
110.047714
108.428169
106.665855
105.490982
104.464333
104.167885
120.204178
119.764969
119.616745
118.732864
117.997200
117.113319
116.377663
115.493774
114.758118
114.461670
112.847580
112.260147
111.376266
110.497833
109.322952
109.317505
108.581848
107.555191
106.819534
104.908997
103.294907
102.120033
101.241608
100.945160
117.563438
117.124222
116.827782
116.092117
115.356461
114.324356
113.879684
113.144028
112.699356
111.815475
110.640602
109.756721
107.851639
106.237549
104.623459
104.327011
103.152138
101.686272
100.950607
98.458084
97.283218
96.256561
94.938919
94.642471
113.308609
113.599602
113.012161
112.276505
111.540840
110.508743
110.064072
109.180191
109.174728
109.021057
106.819534
105.787422
102.855690
100.802383
98.749084
97.283218
95.817352
94.642471
92.737396
90.832306
89.366440
88.488014
87.318588
87.022148
108.762787
108.614563
108.027130
107.730682
106.704025
106.111137
105.518242
105.073578
105.210892
105.057220
103.294907
101.384369
98.304413
95.224457
93.171150
90.826851
89.069992
87.604126
85.556274
83.651192
82.333549
81.455116
80.576691
80.137474
103.052994
102.904770
102.756546
102.460098
101.724442
100.988777
100.835106
100.390442
100.527756
100.813293
99.199203
97.288666
94.208710
91.419746
89.075447
87.022148
85.413513
83.799416
81.751572
80.433922
78.677063
77.946861
77.068428
76.629211
95.882790
95.734566
95.734558
95.438118
94.850677
94.993454
94.987991
95.130768
95.416306
95.410851
94.526970
93.055649
90.563133
88.070610
86.308289
84.842430
83.524788
82.349915
81.032265
79.275406
78.545197
77.375778
76.497353
76.206360
88.569809
88.421585
88.421585
88.712570
88.416138
88.707123
88.849892
89.289108
89.574646
90.447632
89.569199
88.246101
86.922997
85.308899
84.573250
83.546593
82.959152
81.932503
81.054077
80.175644
79.006226
77.979568
77.101135
77.249359
82.278030
82.278030
82.278030
83.156464
82.860016
83.299232
83.590225
84.468658
85.050629
85.341629
85.341629
84.896957
84.161301
83.573868
83.129196
83.129196
82.832748
82.245316
81.657875
81.218658
80.340225
78.731598
78.292374
78.292389
79.790962
79.790962
79.790962
80.230179
79.790970
80.521164
80.521164
80.960388
81.399597
81.838814
82.278030
82.129807
82.711792
82.563568
82.267120
82.558121
82.409897
82.113449
82.261673
81.526001
80.795807
79.478149
79.478165
79.478157
79.790970
79.790970
79.351746
79.790962
79.203522
79.351753
79.060760
79.499977
79.648193
79.648193
80.235634
80.823074
81.553268
82.574478
82.574478
83.304672
83.595673
83.008240
83.008240
82.711792
81.833359
80.806709
80.367493
80.367493
81.690598
81.251381
81.251373
80.960388
79.933731
79.642746
79.060760
78.769760
78.478775
78.045013
78.632446
79.659103
81.415955
83.463806
84.342247
84.633232
84.342239
84.194031
83.754807
83.310135
82.431702
81.844269
81.696045
81.844269
84.468651
84.029442
83.738449
82.860016
81.394150
80.372948
79.351746
78.621536
77.748566
76.875595
77.759468
79.225342
81.130417
83.765717
84.644142
85.374344
85.083359
84.495918
84.204926
83.760254
83.024597
82.585381
82.585381
82.585381
87.098488
86.807495
85.929070
84.611420
83.145554
80.954933
79.933731
78.473320
76.870140
76.584602
77.029266
78.643356
80.987648
83.913940
84.501366
84.940582
84.210381
83.622940
84.062157
83.326492
83.030045
82.442612
82.442612
82.442612
91.045967
90.606750
89.728317
87.389481
85.336174
82.997330
81.245926
79.494514
77.452118
75.997162
76.732819
77.907700
80.542984
82.887283
83.474716
83.474716
82.744507
81.717857
81.717850
81.860626
81.712418
81.564194
81.564178
81.564178
95.284439
94.845222
93.527580
90.601303
88.257004
85.039726
82.700890
80.367493
78.325089
76.430923
76.727364
77.902237
80.098312
82.003395
82.151619
81.712402
80.394760
79.516335
79.225334
79.368103
80.246544
80.098312
80.389313
80.537537
98.792709
98.353493
97.035843
94.109566
90.886841
87.082138
84.452286
81.092255
78.467865
76.425461
76.721909
77.605789
79.362656
80.680298
80.828522
80.098320
78.780678
77.314804
77.754028
78.484222
79.071663
79.801865
80.092865
80.241081
100.840561
100.401344
98.644485
95.718201
92.347252
88.542542
85.182495
81.822456
78.758858
75.986252
75.843475
76.579147
78.335999
79.214432
79.362656
79.214439
77.896790
77.018364
77.457573
79.066208
80.092857
81.262283
81.701492
82.140709
101.131554
100.840561
98.935478
96.157417
92.934692
89.129990
85.621712
82.118896
78.319641
75.107826
74.525833
74.674065
76.430923
77.600342
78.478775
78.039551
78.330551
78.330551
79.208977
81.405052
83.601128
85.357986
86.236412
86.675629
100.988777
100.549561
98.792709
96.305634
93.231133
89.865639
86.209152
82.118896
77.737671
73.938400
72.917206
73.065414
74.525848
75.695267
76.864685
77.743118
78.912537
80.081955
81.987045
84.474106
87.257614
89.453690
90.332123
91.210548
100.697784
100.110352
98.501709
96.305641
93.379356
90.162079
86.505600
81.976128
77.298439
73.499191
71.747787
71.747772
73.208199
74.668602
76.277237
77.446671
79.203522
81.251373
83.886658
86.961166
90.035675
93.110184
94.279602
95.158035
100.697784
99.819359
98.940933
96.453865
93.379356
90.601303
86.505592
81.976135
76.568237
72.620758
70.869354
70.869347
72.329773
73.790176
75.398811
77.446671
79.494522
81.833359
85.056091
88.421585
91.644318
95.158035
96.475670
96.914886
100.846008
99.819359
98.501717
96.893082
93.818573
90.310310
86.944817
82.124359
77.007462
72.620758
70.869354
70.869347
72.329773
73.350960
75.398811
77.298447
79.785507
81.833359
85.347076
88.860802
92.374512
95.597244
97.205887
98.523529
