110.382324
110.821541
111.996414
113.758728
116.251251
118.749222
119.045670
118.315460
116.706825
115.394638
115.833847
116.124840
117.585251
119.193893
119.193893
119.633102
119.045670
119.193893
119.490334
119.051117
118.760132
118.617355
119.056580
119.056580
109.794891
110.234108
111.117989
113.171295
115.812035
118.161789
118.897446
118.315460
116.267609
115.685623
116.124840
116.564056
117.585251
118.754677
118.754677
119.633102
119.045670
119.193893
119.342110
118.902893
118.760132
118.908356
119.056572
118.908356
107.889809
108.329025
109.503899
112.144638
114.785385
118.161789
118.749222
118.315460
117.146042
115.685623
116.564056
116.564056
117.585251
118.315460
118.315460
119.193893
119.045670
119.193893
119.193893
118.902901
118.760124
118.908356
119.056572
119.199341
104.370636
105.249069
107.011383
109.652122
113.319519
116.986908
118.749222
118.458229
117.437027
116.855042
116.855042
116.855042
117.146042
117.876251
117.876244
118.315460
118.167236
118.754677
118.754677
118.754669
119.051117
118.760132
118.908356
119.199341
99.973038
101.290680
103.052986
107.450592
111.557205
116.251251
118.452774
118.749222
118.167236
117.585258
117.585251
117.146042
117.146042
117.437027
116.997818
117.876244
117.728027
118.315460
118.606453
118.754677
118.902893
119.051117
118.760132
119.051125
95.866425
97.332291
99.533821
104.370636
109.943115
114.928154
117.865341
119.040215
118.897446
118.754677
118.754677
117.146042
116.706825
116.706825
116.119385
116.997818
117.288811
117.728027
118.167236
118.754677
119.193893
119.342110
119.342117
119.051117
93.082916
94.548782
97.480515
102.465553
108.329025
113.901497
117.129677
118.452774
119.188438
119.484879
119.193893
117.585251
116.855049
115.976624
115.828400
116.119385
116.997818
117.728020
118.167236
118.754677
119.193893
119.781334
119.781326
119.633102
91.177834
92.643707
95.723656
100.560471
106.572159
112.435631
116.399475
118.013565
118.897446
119.633102
119.633102
118.172691
116.564056
115.537399
115.246414
115.828392
117.146034
117.437035
118.315460
119.193893
119.633102
120.511536
120.072319
120.511536
89.420975
91.177834
93.966797
99.242828
105.254517
111.117989
115.372818
117.135132
118.897446
119.193893
119.929550
118.320915
117.003265
115.394630
114.955421
115.394638
116.855049
118.024467
118.902901
119.633102
120.363312
121.389961
121.241745
121.680954
89.569199
90.886841
93.818573
98.803612
103.936874
110.239563
114.055176
116.695915
118.897446
119.342110
120.077774
118.617363
116.860504
114.812645
114.664429
115.394630
116.564056
118.024467
118.611908
119.633102
120.511536
122.120171
122.120171
122.120171
91.326050
92.352707
94.845230
99.682037
104.963524
110.678772
114.055176
116.695915
118.458229
119.342117
120.077782
118.617363
117.008728
114.960876
114.812645
114.812645
116.421288
117.442482
118.611908
119.781326
120.950752
122.268394
122.268394
122.559387
95.136215
96.453865
98.655388
102.465553
106.720390
111.705429
114.642609
117.283356
118.606453
119.051117
119.786781
118.326370
116.426735
114.669884
114.230667
114.960869
115.982071
117.294266
117.733475
119.342117
120.659760
122.268394
121.977402
122.707611
100.264023
100.994232
103.195755
105.836502
109.503891
113.610504
115.960258
117.722565
118.606453
118.760124
118.908348
117.596161
115.987526
114.818108
114.378891
114.521652
115.542847
116.564056
117.733475
119.051125
120.659760
121.686409
122.273849
122.273849
104.365181
104.952621
106.566711
108.911011
111.699974
114.928154
116.251251
117.722572
118.167236
118.320915
118.029922
117.447937
115.844749
114.818100
114.378883
114.669884
115.542854
116.124840
117.146042
118.463684
120.077774
121.395416
121.543640
121.543640
106.270264
106.418488
107.884354
109.498444
112.139191
114.488937
115.663811
116.844139
117.140587
117.146034
117.003265
116.860497
115.696533
115.257324
114.818100
115.691078
115.685623
116.855042
117.146042
118.611908
119.786781
121.104424
121.840088
121.840088
105.831047
106.418488
107.884354
109.641212
111.842743
114.044266
115.367371
116.251251
116.404922
116.701370
116.706818
117.003265
116.130295
115.839302
116.130287
116.712280
116.855042
117.585251
118.315460
119.199341
120.374222
120.670662
120.967110
120.967110
104.513405
105.391838
106.418488
108.323570
110.376877
112.430183
113.605057
114.197945
115.081825
115.526497
115.822937
116.267609
116.564056
117.151497
117.151489
118.172691
118.463684
119.045670
119.193893
119.638557
120.522446
120.236900
120.676117
120.824341
102.756546
103.195763
104.513412
105.979279
108.032578
109.937660
111.112534
112.435631
112.732079
113.764183
114.499840
115.674721
116.119385
117.146034
118.024467
119.045670
119.336655
120.066864
119.924103
120.077774
120.231453
119.945908
120.094131
120.242355
98.951836
99.391052
100.417709
102.026337
103.788651
105.545509
107.011375
108.334473
109.509354
111.123444
112.007324
113.473190
115.087280
115.822937
116.992355
118.310013
118.600998
119.770416
119.775871
119.929550
120.231453
119.797684
120.094131
120.094131
92.956512
93.247498
94.125923
95.295349
96.909439
98.666290
100.132164
102.037247
104.090553
106.434845
108.048935
109.805794
111.419891
112.885757
114.203400
115.960258
117.129684
118.008110
118.891991
119.193893
119.935005
119.649467
120.236900
120.533348
86.664726
86.955719
87.834152
88.712585
89.739227
91.496086
93.692162
95.597244
98.671753
101.307037
103.651337
105.995628
107.752495
109.218361
110.975220
113.171288
114.928154
116.685013
118.008110
119.040215
119.638557
119.792236
120.088676
120.527893
81.981583
81.981583
82.569016
83.299225
83.886673
85.643524
87.839607
90.765884
94.718811
97.354111
100.428604
102.915680
104.672531
106.577614
108.773689
110.969765
113.605057
115.510139
117.124222
118.452774
119.342117
119.935005
120.522446
121.109879
79.494522
79.494522
79.933731
80.081955
80.812164
82.569023
84.765099
87.987823
92.083527
95.449020
98.814514
101.301582
103.058441
104.963531
107.307823
109.794891
112.869392
114.774475
116.685013
118.304558
119.045670
119.786781
120.813431
121.109879
78.325104
78.176872
78.325096
78.616089
79.642746
81.251381
83.595673
86.521957
91.056870
94.422371
97.936096
100.423157
102.471008
104.376091
106.720383
109.355675
112.281952
114.335266
116.536789
118.156334
119.045670
119.638557
120.374222
121.400871
