101.005142
101.153366
101.153358
100.862366
101.307037
101.746254
102.042702
102.630135
103.217575
103.656792
104.968979
105.693741
105.825600
107.132339
108.730064
111.348999
113.967926
116.444084
117.459831
118.332809
118.475578
118.766571
119.057564
118.909348
100.856918
101.005142
101.005142
101.301582
101.598038
102.037247
101.894478
102.481911
103.069351
103.508568
105.259972
105.984726
106.264816
107.423325
109.021057
111.348999
113.967926
116.004868
117.459831
118.184586
118.914795
118.327354
118.618347
118.909340
100.856918
101.005142
100.856918
101.005142
101.301590
102.180016
102.476463
103.063896
103.651337
104.090553
104.963531
105.688278
105.968369
107.275101
109.021057
111.348999
113.967926
116.004868
117.459831
118.184586
118.618347
118.909340
118.909340
119.200333
100.708694
100.708694
101.147911
101.147903
101.296127
102.026337
102.322784
102.910217
103.788651
104.376083
105.249069
105.973816
106.989563
107.566093
109.163834
111.491760
113.819702
115.417435
117.311615
117.888138
118.909340
118.761116
119.343102
119.634094
100.412254
100.851463
100.703239
101.142456
101.581673
102.163651
102.751099
103.338531
103.925964
104.952621
105.825600
106.698578
107.275108
108.439072
109.745811
111.634537
113.671478
115.560204
117.015167
117.888138
119.052109
119.634094
119.776863
119.776863
100.846008
100.846008
101.576218
101.576218
101.718987
102.449196
103.327621
103.915062
104.793488
105.820145
106.693115
107.275108
107.999855
108.872833
109.888580
111.486313
113.375038
114.972763
116.427727
117.591698
118.755661
119.628647
120.358849
120.649841
101.718987
102.009979
102.152748
102.300972
102.882957
103.316719
104.634361
104.930809
105.661018
106.687668
107.417877
107.999863
108.433617
109.454819
110.031357
112.068298
113.375038
114.972763
116.427727
117.591698
118.607445
119.628639
120.210625
120.501617
102.734734
103.316719
103.607712
103.607712
104.041473
104.771675
105.501884
106.089325
106.967758
107.703415
108.285400
108.576393
109.306595
109.888580
110.613342
111.920074
113.226814
114.533554
115.988510
117.443474
118.607437
119.919632
120.353394
120.353394
104.771683
104.623459
105.353668
105.353661
106.226639
106.517632
107.247833
107.835281
108.274490
108.861923
109.010147
109.301147
109.592133
110.322342
110.904327
112.211067
113.666031
114.385330
115.549301
117.443474
118.607437
119.480423
120.353394
120.644386
106.517632
106.808624
107.247841
107.099617
107.681602
108.263588
108.702805
108.851021
109.729454
109.877678
110.025902
110.465118
110.025894
111.195320
111.047096
112.502060
113.226814
114.385330
115.549301
117.443474
118.607437
119.480423
120.501617
120.644379
108.702797
108.702805
108.702805
108.993790
109.575775
109.866776
110.745201
110.745201
110.893425
111.041641
110.750648
110.898872
110.607887
110.898872
111.629082
112.205612
113.226814
113.803345
114.967316
116.861488
118.025452
119.337646
120.062401
120.353394
110.745201
110.596977
111.036194
110.887970
111.178955
111.469955
112.348389
111.618179
112.057388
111.914627
111.771851
111.332642
111.480865
111.629082
111.629082
112.205612
112.496605
113.512352
114.676315
116.570496
117.734467
118.755661
119.480423
119.771408
113.078590
112.930367
112.930367
113.369583
113.369583
113.660568
114.099792
113.369583
113.078583
113.226807
112.496605
112.353836
111.771851
111.920074
111.920074
111.914619
112.205612
113.369583
114.094337
115.988510
117.152481
118.173683
118.898438
119.189423
114.972763
114.972763
114.972763
114.681778
115.560204
115.120987
115.120987
114.390778
113.660576
113.808792
113.226807
112.644829
112.502060
111.920074
111.920074
111.914627
112.205612
113.078590
113.951569
115.406525
116.861488
117.882690
118.607437
118.898438
115.993965
115.993965
115.993965
116.284958
116.290405
116.581406
116.581406
115.851196
114.681770
114.390778
113.808800
113.226814
113.084045
112.502060
112.650284
112.793045
112.644829
113.517807
114.390785
115.406525
116.861488
117.882690
118.755661
119.194885
117.015167
117.163391
117.163391
117.163391
117.311615
117.311615
116.872391
116.142181
115.411980
114.829994
114.248009
113.666031
113.523254
112.941269
113.380493
113.523254
113.814255
114.248016
115.120987
116.284958
117.739914
118.612900
119.046661
119.337646
118.184586
117.745377
117.745377
117.893600
117.602600
118.190041
117.311615
116.729630
115.851196
115.269211
114.978226
114.544456
114.401688
113.671478
114.110687
114.401688
114.983673
115.417435
115.999420
117.306160
117.739914
118.903885
119.046654
119.337646
118.184586
118.184586
118.184586
118.623795
118.332809
118.481033
117.750824
117.020615
115.999420
115.269211
114.978218
114.544456
114.401688
114.110695
114.840904
115.131897
116.004868
116.438629
117.020615
117.745369
118.030914
119.194878
119.337646
119.776863
118.623802
118.623802
118.623802
118.623802
118.623802
118.772026
118.041817
116.872391
116.290413
115.708420
115.417435
114.835449
114.544464
114.253464
115.422882
115.422882
116.295860
116.729630
117.311615
118.036362
118.470123
119.194878
119.337646
119.776863
118.914795
118.914795
118.914795
119.063019
118.623802
118.772026
118.041817
116.872391
116.142189
115.560204
114.978218
114.396233
114.105240
113.814255
114.983673
114.983673
115.417435
115.851196
116.433182
117.597145
118.030914
118.612900
118.464676
118.903885
119.205780
119.205780
119.205780
118.914795
118.914795
118.623802
118.041817
116.872391
115.411987
114.681778
114.099792
113.957016
113.814255
113.523254
114.105240
114.396240
114.978218
115.702972
116.284958
117.157928
117.739914
118.030914
117.882690
118.173676
119.205780
119.205780
119.205780
118.914795
118.766571
118.475578
117.893593
116.724167
115.263763
114.242554
113.660568
113.369583
113.226807
112.935822
113.517807
113.808800
114.390778
115.263763
115.845741
116.427727
117.009705
117.300705
117.591698
118.030914
119.205780
119.205780
119.205780
118.914795
118.766571
118.475578
117.893593
116.724167
115.263763
114.242554
113.660568
113.369583
113.226807
112.935822
113.517807
113.808800
114.390778
115.263763
115.845741
116.427727
117.009705
117.300705
117.300705
117.591698
119.205780
119.205780
119.205780
118.914795
118.766571
118.475578
117.893593
116.724167
115.263763
114.242554
113.660568
113.369583
113.226807
112.935822
113.517807
113.808800
114.390778
115.263763
115.845741
116.427727
117.009705
116.861488
117.009705
117.300705
