90.041122
90.628571
91.655212
93.263855
95.756378
98.248894
101.323402
104.106911
107.033188
109.959473
111.568108
113.467743
114.637161
115.806580
116.097572
116.536789
116.679558
115.652908
113.605057
110.239555
106.286629
102.772903
101.455261
100.576836
89.162689
89.750137
90.776779
92.972862
95.317162
97.809685
100.444969
103.228477
105.715546
109.081039
110.689682
112.737534
113.906952
114.779930
114.928154
115.949348
115.801132
114.922699
113.605057
109.800339
106.286621
103.651337
102.333687
101.455261
87.845047
88.432495
89.459137
91.364227
93.269302
96.052818
98.248901
101.032402
103.958694
107.033195
108.493599
110.541458
111.859100
113.171295
113.610504
114.488937
115.219147
114.631706
113.605057
110.387779
107.604271
104.968979
103.651337
103.063896
85.506210
85.654434
86.972084
88.289719
90.634018
92.539108
95.174393
97.957901
100.444969
103.371246
105.128113
107.175964
108.784599
110.245010
110.684227
112.441086
113.462280
113.901505
113.462288
111.266212
109.070137
107.604271
106.286621
105.847412
82.579926
82.579926
83.606583
85.215225
86.829315
88.734390
91.369675
93.417526
95.761826
98.688110
100.444969
102.492821
104.101456
106.001083
107.466949
109.954018
111.271660
112.880302
113.171295
112.292862
110.826996
110.239563
109.800339
109.212906
79.653648
79.653648
80.532074
81.849724
83.024597
84.781456
86.977524
89.025383
91.369682
94.004974
95.613609
97.809677
99.709312
101.905380
103.514023
106.297531
109.223816
110.832451
112.441086
112.732079
112.292862
112.435631
112.435631
112.726624
78.335999
78.335999
79.214432
79.653648
80.828522
82.288940
83.903023
85.950882
87.855957
90.634018
92.390877
94.295959
96.195587
98.830872
100.296745
103.810471
106.445755
108.784599
110.832443
112.001869
112.732079
113.753281
113.753281
114.044273
78.187790
78.187790
78.626999
79.066208
79.653648
80.532074
82.288940
83.606583
85.511665
87.998734
89.464600
91.660675
93.708527
96.195587
97.809677
100.884186
103.810471
106.006538
108.493607
110.393234
111.414436
112.874847
113.314064
113.605057
78.917984
78.478767
78.478767
78.478775
78.917984
79.796417
80.674850
81.553268
83.458359
85.506210
87.120300
88.877159
91.073235
93.269302
95.613602
98.100670
100.153976
103.080261
105.567322
108.197159
109.657578
111.557205
112.435631
113.165840
79.357208
78.917984
78.917984
78.478767
78.330551
78.769775
79.060760
79.796417
81.553268
83.161911
84.776001
86.681076
88.437943
90.634018
93.126541
95.174393
97.079468
99.566536
102.201828
105.270882
107.609726
109.361130
110.239555
110.969765
80.087410
79.648193
78.769760
78.182327
78.034103
77.594894
78.034103
78.330551
79.939178
81.256836
82.870926
84.336792
86.681091
88.437943
90.491249
92.539093
94.444183
96.052826
98.688103
101.757156
104.096008
105.995636
107.165054
107.895264
80.378403
79.939186
79.060760
78.473312
77.594894
77.155678
76.716461
77.155678
78.034103
79.060760
80.526627
82.431702
84.336792
86.093643
87.855957
89.464592
90.491257
92.099884
94.004974
96.634804
98.973648
100.873276
101.894470
102.333694
80.378403
80.378403
79.499969
78.912537
77.737656
76.568237
76.129021
76.129028
76.716461
77.303894
78.621544
80.526627
82.431702
83.897575
85.220665
86.390091
86.977524
88.146957
89.464600
91.803444
93.703064
95.454475
96.332909
96.772118
80.669388
80.669388
79.790962
78.764313
77.298447
75.980804
75.102371
75.102371
75.689804
75.838028
77.155678
78.769760
80.674850
82.140717
83.315598
83.606583
83.754807
84.633232
85.072449
86.972076
89.162704
90.332123
91.062325
91.649765
80.230179
80.230179
79.351746
78.325104
77.298447
75.980804
75.102371
75.102371
74.811378
74.959602
75.398819
77.594894
79.499969
80.383850
81.410507
81.849731
81.997940
82.437157
82.876373
84.776001
86.236420
87.257614
87.696838
87.696838
79.790970
79.499969
78.912537
78.325096
77.007462
75.689804
74.811371
74.663155
74.811386
74.668610
75.398819
76.425461
78.330551
79.357208
79.944641
80.823067
81.119522
81.849731
81.997940
83.019150
84.479553
85.061546
85.352531
85.648987
79.060760
78.621536
78.034103
77.155670
76.716461
74.959602
74.520386
74.520386
74.520386
74.668610
74.959595
75.986259
77.303894
78.330551
79.357208
79.796417
80.532074
81.410507
82.288940
82.579926
83.161911
83.743896
83.743896
84.183105
78.182327
78.034103
77.743118
76.864677
76.425468
75.107826
74.668610
74.668610
74.668610
74.668602
74.668602
75.986252
76.864685
77.743118
78.330551
79.357208
80.823074
81.701500
82.579926
82.431702
82.722702
82.574478
82.574478
82.574478
78.473320
77.743111
77.303902
76.864677
76.425468
75.107826
74.668610
74.668610
74.668610
74.668602
74.668602
75.547043
75.986259
77.155678
78.034103
79.060760
79.944641
80.823074
81.701500
81.553276
81.844269
81.696045
81.405052
81.405052
78.621544
78.182320
77.743111
77.743118
76.864685
75.547035
75.547035
75.107819
75.107819
74.668610
74.377625
74.668610
75.986252
76.425476
77.303902
78.182327
78.917984
80.087410
80.674850
80.965836
81.114059
80.965836
80.965836
80.965836
79.939178
79.499969
79.060745
78.621536
77.594894
76.425468
75.547035
75.107819
74.668610
74.377625
74.229385
75.107834
75.547043
76.277245
76.716461
77.303902
78.330551
79.648193
80.235634
80.087410
80.674850
80.674850
80.674850
80.674850
80.669403
80.230179
79.939194
79.351746
78.034103
76.864685
76.425468
75.547035
75.107819
74.668610
74.377617
74.668610
75.107819
76.425476
76.864685
77.303894
78.182327
78.621536
79.208984
79.648193
80.235634
80.383858
80.383858
80.383858
80.669403
80.230179
79.939194
79.351746
78.034103
76.864685
76.425468
75.547035
75.107819
74.377617
74.377617
74.668610
75.107819
75.986252
76.425476
76.864685
77.743103
78.621536
79.208984
79.648193
80.235634
80.383858
80.383858
80.383858
80.669403
80.230179
79.939194
79.351746
78.034103
76.864685
76.425468
75.547035
75.547035
74.377609
74.086624
74.668610
75.107819
75.986252
76.425461
76.425468
77.303894
78.182327
78.769760
79.208984
80.235634
80.383858
80.383858
80.383858
