105.852859
106.143860
106.143860
106.874062
107.313278
107.313278
106.874062
106.874062
106.286621
106.725845
106.286621
105.847412
104.677994
104.238770
105.111755
105.550964
106.281174
107.598816
108.329025
108.916458
109.355675
109.794891
110.234108
109.794891
104.974434
105.265427
105.265427
105.704636
105.995628
105.995636
105.556412
105.556419
105.408195
105.847412
105.408195
104.968979
104.238770
103.360344
103.942329
104.820755
105.550964
106.429398
107.159607
107.747040
108.186249
108.625473
109.064682
108.625473
102.778366
103.069351
103.069351
103.508568
103.799561
103.799561
103.360344
103.360344
102.772903
102.772911
102.333694
101.894478
101.164276
100.725052
101.307037
101.746254
102.476463
103.354889
104.085098
104.672531
105.111748
105.550964
105.990181
105.550964
98.825424
99.116417
99.116417
99.264641
99.407410
99.407410
98.968193
98.968193
98.819969
98.380753
97.941544
97.502327
97.211334
96.772118
97.063110
97.063110
97.941544
98.380760
99.110962
99.259186
99.698402
100.428612
100.428612
99.989395
93.994064
93.994064
93.994064
94.285049
94.136833
93.845833
93.697617
93.258408
93.258408
92.379974
92.379974
91.792526
91.353317
90.623108
90.914108
91.062332
91.792542
91.940765
92.670967
92.379974
93.258408
93.258400
93.258408
93.258408
88.723488
89.014473
89.014473
89.014473
89.305466
89.014481
88.866257
87.987823
87.696831
86.818405
86.818405
86.230972
85.791748
85.500763
85.791748
85.500755
85.939972
85.939972
85.939972
86.088196
86.527405
86.818398
86.818405
86.818405
85.648987
85.648987
85.648987
85.648979
85.939972
85.500755
85.500755
84.622330
84.622330
83.743896
83.743896
83.304680
82.717255
82.426254
82.426254
82.135262
82.574478
82.574471
82.283493
82.283478
83.013695
82.722702
82.722694
82.722694
83.310135
83.310135
83.310135
83.161911
83.892120
83.452904
83.452904
83.161911
83.013687
82.722702
83.013687
82.426254
81.696053
81.696053
81.696053
81.405052
81.114059
80.965836
80.674843
80.526627
80.674850
80.674850
80.674843
80.674843
81.262283
81.262283
81.262283
81.701492
81.992493
81.992493
81.992493
81.992493
82.283478
82.283478
82.283478
82.135254
82.135254
81.405060
81.405060
81.114059
81.114059
80.235634
80.235626
79.944641
79.357208
79.357193
79.796417
79.796417
80.092857
80.092857
80.092857
80.532074
80.823074
81.262283
81.262283
81.701500
81.992493
82.431702
82.431702
82.283478
81.844269
81.844269
81.844269
81.553276
80.823074
79.944641
79.944641
79.796417
79.066208
79.066208
78.626999
78.626999
79.362656
79.362656
79.362656
79.653648
80.092857
80.532074
80.532074
81.262283
81.553276
81.992493
81.992493
81.992493
81.992493
81.992493
81.992493
81.553276
80.823074
79.944641
79.944641
79.066208
78.187790
78.187790
78.626999
78.626999
79.214432
79.214432
79.214432
79.653648
79.944641
79.944641
79.944641
80.532074
80.823074
81.262283
81.262283
81.262283
81.701500
81.992493
81.992493
81.114059
80.823074
79.944641
79.944641
79.066208
78.626999
78.626999
78.335999
78.335999
79.505424
79.505424
79.944641
79.944641
80.092857
80.092857
80.092857
80.383858
80.674850
81.262283
81.262283
81.701500
81.701500
81.701500
81.701500
81.262283
80.674850
80.235634
80.235634
79.505424
79.066208
78.626999
78.775223
78.775223
80.383850
80.383850
80.383850
79.944641
80.823074
80.383858
80.383858
80.383858
80.383858
80.823074
80.823074
81.262283
81.701492
81.701492
81.701492
81.262283
81.114059
80.674843
80.674843
79.944641
79.796417
79.066208
79.066208
79.066208
81.553276
81.553276
81.553276
81.114059
81.262283
80.823074
80.823074
80.383858
80.383858
80.823074
80.823074
81.262283
81.701492
81.701492
81.701492
81.262283
81.114059
80.674843
80.674843
79.944641
79.796417
79.066208
79.066208
79.066208
83.310135
83.161911
82.722694
82.283478
81.553268
81.114059
80.674843
80.235626
80.235626
79.944641
79.944641
80.823074
81.262283
81.262283
81.262283
80.823067
80.674843
80.674843
80.674843
79.944641
79.796417
79.214432
79.214432
79.214432
85.357986
84.918770
84.918770
83.601120
82.870926
81.553276
80.823074
80.383858
80.235626
79.796417
79.796417
80.383858
80.383858
80.823067
80.823067
80.823067
80.383858
80.383858
80.383858
79.944641
79.944641
79.505432
79.505432
79.505432
87.554062
87.114853
86.966629
85.797211
84.040344
83.161911
81.992493
80.965836
80.674850
80.087410
80.087410
80.383858
80.674843
80.823067
80.823067
80.823067
80.383858
80.383858
80.383858
79.944641
79.944641
79.505432
79.505432
79.505432
91.210541
90.480347
90.041122
88.723480
87.114853
85.357986
84.040337
83.161919
82.283493
81.696053
81.256828
81.553284
81.405060
81.262283
81.262283
81.262283
80.383858
80.383858
80.383858
79.944641
79.944641
79.505432
79.505432
79.505432
95.602699
95.454468
94.724274
93.406624
91.649765
89.744682
87.987823
86.818405
86.230965
84.913322
84.474106
83.892113
83.452911
83.161911
82.722702
82.283485
81.553268
81.114059
81.114059
80.674843
80.383858
79.796417
79.796417
79.796417
100.725052
100.576828
99.846634
97.941544
96.184677
93.988617
92.231750
90.765884
89.448242
88.569809
87.252159
86.521957
85.791748
84.622330
84.183113
83.601135
83.013687
82.722694
81.844269
80.674843
80.526627
79.796417
79.796417
79.796417
104.529770
104.090553
103.360344
101.746254
99.550179
97.645096
95.597244
93.840393
92.813736
91.347870
89.887451
88.421585
87.400391
86.521957
85.643524
84.622330
84.183121
83.452911
82.574478
81.405060
80.965836
80.087410
80.087410
80.087410
106.725845
106.286621
105.408195
103.794106
101.746254
99.253738
97.645096
95.740013
94.422371
92.665512
91.056870
89.591011
88.569809
87.400383
86.521957
85.061539
84.183121
83.452911
82.574478
81.405060
80.965836
80.087410
80.087410
80.087410
107.604271
107.165054
106.577621
104.672539
102.476463
100.132156
98.084312
96.327454
94.713364
93.395721
91.935303
90.469437
88.860809
87.691376
86.521957
85.500763
84.622330
83.452911
82.574478
81.405060
80.965836
80.087410
80.087410
80.087410
