101.516235
101.077019
100.050369
97.711525
95.515450
93.758591
92.001732
90.244873
88.339790
87.752350
85.995491
85.259827
84.233177
82.767311
81.888885
81.449669
80.571243
79.692802
78.814377
77.793175
77.062965
76.332764
76.332764
76.041763
99.759377
99.320160
98.002518
96.393875
94.637016
92.440948
90.684082
88.927223
87.461357
86.873917
85.117065
84.529617
82.915535
81.888878
81.449677
80.280243
79.550041
78.671600
77.644958
76.914749
76.332764
75.602554
75.602554
75.311569
96.393875
96.245651
95.367226
93.319366
91.414291
89.366440
88.339790
86.582924
85.265282
84.677849
82.920990
82.481773
80.576691
79.841026
79.110825
78.232399
77.502182
76.623756
75.745323
75.163338
74.581360
73.851151
73.851151
73.560158
90.096649
89.509209
89.069992
87.461365
86.143715
84.677849
83.508423
82.190781
81.164131
80.724915
78.677063
78.089622
76.771980
75.893555
75.015121
73.845703
73.554703
72.528053
71.797844
71.215858
71.073097
70.342880
70.342880
70.200111
81.751572
81.751564
81.312347
80.285698
79.259048
78.089630
77.502182
76.623756
75.893547
75.015121
73.993919
73.406479
71.797852
70.919418
69.898224
69.019791
68.580574
67.850365
67.120155
66.834618
66.104416
66.109863
66.109863
66.258087
74.872353
74.724129
74.433136
73.845695
72.819046
72.379829
72.231613
71.501404
71.062187
70.331978
69.749992
68.871567
66.971931
66.241730
65.511520
64.633102
63.611885
63.320900
62.590691
62.596146
62.305153
62.310616
62.310616
62.458839
71.512306
71.364082
71.364082
70.776642
70.480194
69.750000
69.892761
69.453552
69.310776
68.871567
67.411156
66.680939
65.072304
64.490326
63.469124
62.881691
61.712265
61.421272
60.839287
60.844742
60.553749
60.998413
60.850189
60.998413
71.523216
71.374992
71.226768
70.787552
70.491104
69.903671
70.046448
69.607231
69.316231
68.877014
67.707596
66.977386
65.077759
64.347549
63.617340
62.738914
61.717720
61.426727
61.135735
60.553749
60.553749
60.410980
60.410980
60.850197
72.560768
72.851768
72.264328
72.116112
71.819656
71.671440
70.935776
71.226776
70.348343
69.909126
69.178925
67.570282
66.400864
65.083214
64.353004
63.622795
62.892601
62.162384
62.162392
61.432182
60.992966
60.992958
61.432175
61.141190
74.476761
74.767754
74.180321
74.032089
73.735649
73.148209
72.851768
72.703537
72.116104
71.528664
70.650238
69.332588
67.872177
66.993752
66.115318
65.676102
64.215691
63.776474
63.776482
63.189034
62.749825
62.601601
63.040817
62.892593
76.101753
76.392754
75.805313
75.657089
74.921432
74.624977
74.328537
74.180313
73.592880
73.005440
72.417999
71.100357
69.930939
68.613289
68.025864
67.147430
66.268997
65.977997
65.829781
65.681557
65.385117
65.236885
65.676109
65.088669
78.605179
78.456963
78.308731
77.869522
77.133865
76.837418
76.249969
76.101753
75.366104
74.778656
74.191223
73.164574
71.846924
70.820274
70.232834
70.084610
68.766968
68.618744
68.909737
68.613289
68.756065
68.898834
68.898827
69.041603
81.256821
81.108612
80.521172
80.521164
79.785507
79.489059
78.610634
78.314194
77.578537
76.991089
76.403656
75.816223
74.789566
74.053909
73.318237
72.730812
71.995148
71.846924
71.989700
72.132462
72.566223
73.148209
73.878418
74.021187
83.754807
83.315590
83.315590
82.876373
82.288925
81.992485
81.114059
80.965843
80.230179
79.494522
78.907074
78.171417
77.435760
77.578537
76.842865
76.107208
75.662537
75.514313
75.508865
76.233612
77.106598
78.276016
78.709778
79.000771
85.956329
85.517120
85.517120
85.517120
84.638687
84.929672
84.051247
83.903030
83.315582
82.288940
82.283478
81.547821
80.812164
80.954926
80.510262
79.626381
79.181717
79.324493
79.467255
80.192009
81.504196
82.816391
83.837593
83.689362
87.564972
87.125755
87.564972
87.273979
87.713188
87.861412
87.422195
87.422211
86.395546
86.247330
85.511665
85.066994
84.770554
84.474106
84.029434
83.732986
83.288315
83.722092
83.864853
85.319817
86.922997
88.383408
88.965393
89.695610
89.168152
89.168152
89.464600
89.612816
90.200249
91.375122
90.644920
90.793152
90.644928
90.057480
89.470047
89.025383
88.728928
88.284271
87.987823
87.982376
87.685921
88.410675
88.553452
90.447624
92.638245
93.950439
94.680641
95.119858
90.919556
91.358780
91.946213
92.390884
93.565750
94.740623
94.888855
94.746078
94.158646
93.867645
93.571205
93.126541
92.539093
92.094437
92.528198
92.231750
91.935303
92.660057
93.242050
94.845230
97.326843
99.078247
99.956680
100.395889
93.845840
94.433273
95.020714
96.047363
96.931252
98.545334
98.841789
98.259796
98.402573
97.820587
97.524139
97.227692
96.931252
96.486580
96.629349
96.332901
96.036469
96.909439
97.052200
99.094604
101.285225
102.745636
103.327621
103.915062
98.528976
98.968193
99.264641
100.291298
101.905380
103.080261
103.376701
102.794716
102.646500
101.916290
102.059059
101.471619
101.614388
101.317947
101.460716
100.873276
100.576828
101.010590
101.740799
102.613777
104.513412
105.534607
105.825592
106.264809
102.921135
103.360344
103.656792
104.974434
105.858322
107.324188
107.620628
107.181412
107.033188
106.593979
106.445755
105.567322
105.710098
105.413651
105.265427
105.117203
104.820755
105.111748
105.111748
105.545509
106.714935
107.445145
107.445145
107.445137
106.434845
106.874062
107.022285
108.488152
109.075592
110.832443
110.837906
110.398682
109.959473
109.663025
109.663025
109.223808
108.927368
108.339935
108.191711
107.752487
107.604263
107.456047
107.895264
107.747040
108.329025
108.329025
108.329025
108.768234
108.630920
109.070137
109.218361
110.387779
111.271667
112.589310
112.885757
112.007324
111.859100
111.271667
111.271667
110.832451
110.975220
110.387779
110.239563
109.509354
109.509354
109.212906
109.652115
109.064682
109.503899
109.064682
109.064682
109.503899
109.509354
109.948563
109.657578
111.414429
112.150093
113.319511
113.764183
113.176743
112.737534
112.150093
112.298317
111.859100
112.001869
111.414429
111.266212
110.826996
110.678772
110.239563
110.239555
110.091339
109.943115
109.652115
109.943115
109.652122
