117.129677
117.129684
117.129684
117.563438
117.854431
118.436417
117.848984
117.409767
116.092117
115.361916
114.044266
113.171295
112.298317
110.980667
109.366577
107.598816
105.682831
103.333076
100.686874
97.601471
94.082298
91.880775
90.414902
89.679245
115.663811
115.663811
115.663818
116.245796
116.536789
117.118774
116.531342
116.092117
115.213692
114.483482
113.165840
112.732079
111.710876
110.832451
109.805801
107.747040
106.270264
103.772293
102.152756
98.776352
95.548164
93.055649
91.880775
91.145119
113.028519
113.028519
113.028526
113.610504
114.192490
114.483490
114.335266
113.896049
113.017616
112.287407
111.848190
111.705429
111.271667
110.832451
110.245010
109.064682
107.445145
105.973816
104.354279
101.417084
98.776344
96.283829
95.548164
94.812508
108.927368
108.927368
109.218353
109.509354
110.239563
110.969765
110.821541
110.382324
110.382332
110.091339
110.091339
110.387779
110.684227
110.832443
110.832451
110.969772
110.816086
109.932205
108.900101
106.550354
104.057831
102.734734
102.147293
101.559860
103.069351
103.508560
103.508560
104.090546
104.529770
105.111748
105.841957
105.841957
106.281174
106.429390
107.016830
108.191704
110.096786
111.123444
112.001869
113.023071
114.044266
114.626251
114.181587
113.297699
111.831833
110.508743
110.360519
109.773079
97.211342
97.650551
97.650551
98.380760
98.819977
99.841171
100.571373
100.719604
101.449814
102.037247
103.794106
105.699188
108.043488
110.387779
112.441086
115.219147
117.124229
118.584641
119.314850
119.018402
118.139969
117.843529
117.404312
117.695305
92.379974
92.819183
92.528191
93.258400
93.697617
94.427826
95.158028
95.597244
96.475677
97.645103
99.401955
102.619232
105.402740
108.625465
111.408981
114.631706
117.563438
119.907738
120.637947
121.368149
121.077164
121.368149
121.368149
121.659149
87.845055
88.284271
87.845062
88.284271
88.432495
88.871704
89.601913
89.744682
90.326675
91.496086
93.834930
97.343201
101.438904
104.952621
108.323570
111.694519
115.361916
118.732864
119.907738
120.934387
121.082611
121.521828
121.670052
122.400261
83.458359
83.897575
83.897575
83.606583
83.463814
83.315582
83.606583
84.040344
84.325882
85.638077
87.680473
91.918945
96.305634
100.840553
104.502502
108.609108
112.133728
115.949348
118.002655
118.886536
119.770424
120.648849
121.236290
121.236290
80.532074
80.532074
80.680298
79.950089
79.368111
79.368103
79.219879
79.357208
79.494522
80.658493
83.579315
87.669571
92.781006
97.464157
102.004532
105.968369
109.932205
113.605057
115.954803
117.717117
118.161789
119.336662
119.484879
119.924095
78.923439
78.923439
78.923439
78.050461
77.320267
76.881050
76.732826
76.870132
77.007454
78.462418
81.674232
86.203690
91.611595
96.876717
101.565315
105.089935
109.492989
113.314064
115.663811
116.695915
117.579803
118.315460
118.902901
118.902901
78.923439
78.632446
78.632446
78.341454
77.611244
77.172028
77.023819
77.161133
77.298447
78.610641
81.970680
87.087585
92.495483
98.057045
102.597420
106.561256
110.525101
113.610504
115.960258
116.553146
117.140587
116.997818
117.585251
117.733475
79.801880
79.510880
79.510880
79.071671
78.780670
78.193237
78.335999
78.621536
78.616089
80.515717
83.584763
88.849892
94.263245
100.264030
104.804398
109.059235
112.144638
114.933609
116.844139
116.701370
116.410378
116.119385
116.267609
116.267609
80.680298
80.680298
80.680298
80.092865
79.801872
79.505424
80.235634
80.230179
80.663940
82.563568
85.489853
91.051422
96.761215
102.910225
107.011375
110.536003
114.055176
115.965714
117.579803
116.849594
116.119385
115.240952
115.240959
115.240959
80.971291
80.971291
80.971291
80.383850
80.526627
80.378403
81.399597
81.981583
82.854561
84.611420
87.976913
92.956505
98.666298
104.672531
108.482697
112.150093
114.499840
116.701370
117.876244
116.997818
116.119385
114.801743
114.362526
114.801743
80.383850
80.383850
80.674850
80.378403
80.521164
81.103165
82.124359
83.436546
84.896957
86.944809
90.167542
95.295349
100.862373
106.138405
109.657578
112.885750
115.087280
116.849594
117.585251
117.146042
116.267609
114.801743
114.510750
114.801743
79.499969
79.648193
80.230179
80.372948
80.806709
82.118904
83.140106
84.891502
86.939362
89.865646
93.527580
97.776962
102.910225
107.895264
111.123444
113.324966
115.674721
116.997818
117.733475
117.146042
115.976616
114.949966
114.949966
114.949966
79.790970
80.081955
80.663940
80.954926
82.118904
83.431091
85.330719
87.521347
90.299400
92.934692
96.887627
100.703239
105.545509
109.652122
112.150093
114.351624
115.383728
116.706825
117.442482
117.294266
116.415833
115.389175
115.389175
115.389175
82.129814
82.569023
83.151009
83.881210
85.045181
86.357376
88.696213
91.326057
94.104111
97.178619
100.988785
104.365181
108.477249
111.853645
113.912407
115.674721
116.558601
117.003273
117.590706
117.294258
116.415833
115.680176
115.680176
115.389183
87.839600
87.839600
88.421585
89.151794
90.463989
91.485184
93.824036
97.041306
100.258575
103.772293
106.704025
109.350220
112.435631
115.081833
116.262154
116.997818
117.003265
117.299713
117.299713
117.294266
116.855042
115.680176
115.971161
115.822945
93.401169
93.840378
94.570587
94.861588
95.591789
96.761215
99.100052
102.756546
106.561256
109.635765
112.276505
114.774475
116.542244
117.579803
118.024467
118.760132
118.178146
118.035378
117.447937
117.442482
116.706825
116.262154
116.553146
116.404922
97.793320
97.793320
98.671745
99.110962
100.132156
101.010597
103.497658
107.154144
110.958862
114.181580
116.674103
118.002655
119.331207
119.633102
119.786781
119.644012
118.622810
118.183594
117.596161
117.442482
116.997818
116.992371
116.695923
116.256699
100.428604
100.428612
101.307037
101.455261
102.767456
103.063896
105.841957
109.646667
113.303154
117.113319
119.018402
120.495178
120.945297
120.516991
120.961655
120.670662
119.062027
118.331818
117.596161
117.151489
116.997818
116.992363
116.986908
116.547691
101.598030
101.598030
102.624687
102.624680
103.645882
104.820755
106.720383
110.964317
114.769028
118.579185
120.193275
121.082611
121.823723
121.543640
121.109879
120.818886
119.210251
118.480042
117.305168
116.860497
116.997818
117.283356
116.547699
116.838684
