122.813202
123.395180
123.389725
123.236053
122.934151
122.923248
123.208786
123.790771
124.372757
123.790771
122.780472
119.733238
116.543228
112.914009
110.887970
109.004700
107.412422
106.544899
105.962914
106.835892
107.412422
109.015610
109.158371
109.301147
122.961418
123.252411
123.246956
123.093277
122.791382
123.071472
123.357010
123.499779
124.081757
123.790771
122.780472
119.733238
116.543228
112.914009
110.887970
109.004700
107.412422
106.544899
105.962914
106.835892
107.560646
108.724617
108.867386
109.010155
122.961418
123.252411
122.955963
122.802292
122.500389
122.489487
122.775024
123.208786
124.081757
123.790771
122.780472
119.733238
116.543228
112.914009
110.887970
109.004700
107.412422
106.544899
105.962914
106.835892
107.560646
108.724617
109.015602
109.158379
122.966873
123.257866
123.252411
123.098740
122.505844
122.494934
122.341263
122.626801
123.060562
122.912338
121.902046
119.294022
116.252235
113.210449
111.184410
109.010155
106.830437
105.962914
105.380928
105.962914
106.978653
107.851639
107.994408
108.137177
123.263321
123.263321
122.818649
122.813202
121.781090
121.479187
121.325516
122.193039
122.478577
122.621346
121.462830
118.854813
116.109467
112.776688
110.750656
108.719162
107.126884
106.111137
105.529152
105.820145
106.544899
107.269653
107.851639
107.851639
123.416992
123.268768
122.533112
122.527657
121.495552
120.902664
120.309769
120.880844
121.748367
121.891144
120.732620
118.124603
115.379257
112.924911
110.898872
108.576393
106.984116
105.968369
105.386383
105.238159
106.253906
106.687668
107.269653
107.269653
123.131454
122.983231
121.956573
122.390335
121.210007
120.326126
120.024231
120.595306
121.314606
121.891144
120.732620
118.272827
115.236496
113.073135
111.047096
109.163826
107.423332
106.259361
105.677368
105.529152
106.402130
106.984116
107.566101
107.566101
122.851364
122.703140
122.115707
121.962029
120.929924
120.188812
119.738693
120.309769
120.880844
121.457382
120.589859
118.421043
115.823929
113.369583
111.195320
109.454819
108.005310
107.280563
106.407578
106.259361
107.132339
107.714325
108.005310
108.296303
122.719505
122.571281
121.835617
122.121162
120.501617
120.199722
119.749603
120.463448
121.177292
121.462830
120.156097
118.130058
115.532936
113.369583
111.343544
110.185028
109.026512
108.449982
107.428787
107.719772
107.862541
108.296303
108.587296
108.878288
122.291199
122.142975
121.698303
121.692856
120.803513
120.205170
120.046043
120.468903
121.182747
121.320061
120.156090
118.278275
115.681160
113.517807
111.634537
110.915237
109.756714
109.031967
108.449982
108.740974
108.592751
108.587296
108.587296
108.878288
121.857430
121.709213
121.555534
121.401855
120.512527
119.765961
119.755051
120.468903
121.182747
121.320061
120.595306
118.865715
115.972153
113.808800
111.486313
111.206230
110.338699
109.613953
109.031967
109.471184
108.883743
109.026512
109.026512
109.317505
121.121773
120.973549
120.968094
120.814423
120.507065
120.199722
120.479805
120.902664
121.764732
122.050270
120.595306
118.717491
115.972153
113.660576
111.777306
111.206230
109.899490
109.174728
108.740974
109.180183
108.592743
108.735519
108.735519
108.735519
120.386116
120.237885
120.375206
120.512527
120.353394
120.046043
120.765343
121.188202
121.907501
122.484032
121.177292
118.569275
116.114922
113.803345
111.777306
110.618790
109.460274
108.883743
108.301758
108.740967
108.153534
108.592751
108.444527
108.296303
119.359467
119.502228
119.639549
119.776855
120.199722
120.331589
120.611664
121.770187
122.341263
122.775024
121.320061
119.008484
116.257690
113.364128
111.189865
109.888580
108.730064
108.444527
108.010765
108.158989
107.714325
108.153534
107.714325
107.714317
118.190033
118.332809
118.470123
119.189423
119.321289
120.183357
120.902664
121.621964
122.050270
122.484032
121.616508
118.717499
116.114922
113.073135
110.898880
109.449371
108.290848
108.005310
107.132332
107.428780
107.423325
107.862549
107.275101
107.275108
117.026070
117.459831
117.597153
118.316452
118.591080
119.744141
120.463448
121.330971
121.759277
122.489487
121.182747
118.283737
115.241943
112.930367
110.168671
109.158379
108.290848
107.275101
106.693123
106.841339
106.544899
107.423325
106.984116
106.984116
116.301315
116.444084
116.581406
117.004257
117.569885
118.722946
119.294022
120.600761
121.764732
122.203949
120.606216
118.289185
115.247398
112.057388
109.734909
108.428162
107.560646
106.396675
105.814690
106.402130
106.105682
106.693115
106.544899
106.544899
114.407135
114.840904
114.978218
115.692062
116.548683
117.992737
118.712036
120.457993
121.039978
121.479195
119.881462
117.273438
114.374420
110.745201
108.713707
107.406967
106.391220
105.957458
105.375473
105.523697
105.375473
105.814690
105.814690
105.814697
112.952179
113.385941
113.814247
114.379875
115.527481
117.114311
117.833611
119.436798
120.457993
120.315224
119.595917
116.400459
113.210457
109.723999
107.983505
106.528542
105.952011
105.518250
104.936264
105.375473
105.375473
105.814690
105.814690
105.523697
110.470566
110.904327
111.332642
112.337479
114.067070
115.505676
116.664185
118.415596
119.294022
119.590469
118.431953
115.236488
111.898262
108.263588
106.374863
105.359116
105.073578
104.639816
104.348824
104.497047
104.645271
105.084480
105.084480
104.793488
107.697960
108.422714
109.290237
110.437851
112.458435
114.336250
115.494766
117.246170
118.421043
118.135506
117.416206
114.215294
110.437851
107.242386
105.205444
104.480690
104.195145
104.052376
103.618614
103.766846
103.915070
104.063286
104.354279
104.502502
105.946556
106.380318
107.099617
108.977432
110.849800
113.457825
114.764557
116.664185
117.108856
117.701744
116.543228
113.342316
108.977432
105.924744
104.036018
103.750481
103.755936
103.613159
103.470398
103.327621
103.624069
103.772293
103.772293
104.211510
104.925354
105.359116
106.517632
108.395447
110.119591
112.579391
113.886124
116.224976
117.108856
117.119759
115.961243
112.760330
108.395447
105.342758
103.305817
102.872055
102.877502
103.173950
103.470398
103.327629
103.624069
103.772293
103.772293
103.920517
104.195152
104.628906
106.078415
107.956230
109.828598
112.288399
114.034348
115.933983
116.526871
117.119759
115.961243
112.760330
108.395447
105.194534
103.157593
102.872055
103.316719
103.613159
103.322174
102.888412
103.184853
103.333076
103.333084
103.920517
