78.440605
78.144150
76.974731
75.514313
73.027252
70.979401
69.667213
69.524437
69.969109
69.974564
70.710220
71.885086
72.620758
74.965057
78.917984
84.918770
92.379974
98.380753
103.799561
108.636375
112.446541
115.378273
118.161789
118.749222
79.170815
78.583374
77.413956
75.805313
73.175476
70.979401
69.667213
69.524437
69.969109
69.974564
70.710220
71.445877
73.059967
74.965050
78.917984
84.479553
91.501541
98.089760
103.651337
108.048935
112.446541
115.378273
117.722572
118.749222
80.049232
79.461800
78.292389
76.683746
73.757462
70.979401
69.667213
69.524437
69.969109
69.974564
70.710220
71.006660
72.181534
74.086624
78.039551
83.601128
90.183899
96.914886
101.894478
107.170509
111.568108
114.499847
116.844139
117.870789
82.245316
81.509651
80.049240
78.001389
74.635887
71.418617
70.106430
69.815430
70.408325
70.413773
70.710220
71.006668
71.742325
72.768982
76.721909
81.696045
88.278816
94.718811
99.989395
105.265427
110.102242
113.621414
116.404922
117.431580
84.880600
84.144943
82.536308
79.901016
76.244530
71.857834
69.958206
69.815430
70.260101
70.413773
70.858444
70.567444
70.572906
71.890549
74.525841
79.499969
85.643524
91.935303
97.205887
103.360344
108.345383
112.303772
115.087280
116.113937
88.246094
86.780228
85.171593
82.097092
77.413948
72.588036
70.688408
70.106422
70.699310
70.704773
70.710220
70.276459
69.546249
70.133698
73.208191
77.594894
83.008240
89.003571
94.422371
100.725052
106.001083
110.546906
113.478645
114.648064
90.881393
89.854736
87.806885
84.293167
79.170807
74.344894
71.566833
70.984848
70.699310
70.265564
70.271004
69.980011
69.546249
69.985466
72.768982
76.277245
81.103157
86.368279
91.787079
98.380760
104.096001
108.493607
111.425339
112.742981
94.246880
92.929237
90.442169
86.780228
81.657875
75.953537
73.466476
71.715057
70.551086
70.117325
69.831787
69.540802
69.546249
70.424683
72.768982
75.838028
80.076508
84.611420
89.591011
95.745468
101.899933
106.588524
109.520256
110.398682
97.469604
96.151962
93.955887
89.854736
83.562958
78.440598
74.784119
72.445274
70.842087
68.799683
69.244354
69.540802
70.128235
71.594101
73.938400
75.838028
79.346298
83.002792
87.394943
93.549393
99.555634
104.244225
107.027740
107.906166
100.544113
98.787254
96.591179
92.490021
86.050018
80.927673
77.122955
73.323700
70.693863
68.360474
68.947906
68.953354
70.567459
72.472534
74.668610
75.838028
78.467865
80.954926
84.907867
90.474892
97.211334
101.899925
104.535217
105.561867
102.300972
100.983330
98.787254
94.246880
88.685310
83.414734
79.170807
74.932327
71.572296
68.942451
68.508698
68.953354
70.858444
72.763535
74.668610
75.398804
77.589439
79.346298
82.711792
88.278816
94.576050
99.264633
101.751709
102.630135
104.206055
102.597420
100.544113
96.591179
90.881386
85.610809
81.657867
76.540970
73.032700
69.233452
69.090683
69.096130
70.858444
72.615295
74.229385
74.520386
76.420013
77.298447
80.812164
86.230972
91.792534
96.041908
98.528976
99.846626
104.793488
103.915062
102.009979
98.348038
93.368454
88.537094
83.853958
78.879807
74.350349
70.402878
69.381676
69.387115
70.710220
72.615295
73.350960
73.790176
74.959595
75.838028
78.912537
84.034889
89.305466
93.258408
95.306259
96.332901
105.820145
104.941711
103.036636
99.813904
95.712753
90.733162
86.780235
80.927666
76.398201
71.572296
70.111877
70.117340
70.562004
72.615303
72.911758
72.763527
73.790176
74.229401
76.864685
81.987038
86.670181
90.183899
92.670959
93.110184
106.407578
105.380936
104.063293
101.279770
97.469604
93.368454
88.976303
83.123741
78.006836
73.032700
70.842087
70.699326
70.704773
72.318863
72.615303
72.763535
73.350967
73.790176
75.986252
80.230179
84.474106
87.987823
89.596458
90.474892
106.555801
105.968369
104.502502
102.597420
99.226463
95.273529
90.881386
85.319817
79.906464
74.641342
72.302505
71.429520
71.725967
72.461632
72.758072
72.615303
72.763535
73.202744
75.107826
79.060760
82.135254
85.500748
86.818405
87.987823
106.555801
106.116585
104.798943
103.184853
100.840561
97.617828
93.225685
87.515892
81.663330
76.249985
73.614693
72.450729
72.598938
72.895386
72.900841
72.758072
72.467079
72.763527
74.229401
77.743103
80.378403
83.601128
84.770538
85.209763
106.264816
106.116592
105.238159
103.772293
101.867210
99.813911
95.569977
89.860184
83.711182
78.149612
75.223328
73.762917
73.180931
73.038162
73.043610
72.609856
72.758072
73.054520
74.229385
76.864677
79.208977
81.553276
82.431702
83.019142
105.825592
106.116592
105.238159
104.650726
103.184853
101.279770
97.326843
91.765274
85.907249
80.197456
76.831963
74.932343
73.762909
73.620140
72.747162
72.313400
72.461624
72.906296
73.932945
75.986252
78.039566
80.092865
80.971291
81.410507
105.529160
105.529144
104.798943
105.089935
104.211510
102.745644
99.671135
94.400558
88.103333
82.684532
79.170807
76.540970
74.932335
73.762917
72.741714
72.307953
72.604401
73.049072
73.932953
75.398819
76.870140
78.775215
79.362656
79.801880
104.941711
104.941711
105.089935
105.529152
105.089935
104.650726
101.576218
96.744858
91.177834
85.759033
81.657875
78.440598
75.953529
74.053909
72.884491
72.450722
72.747177
72.900841
73.784729
75.107819
76.430923
77.166580
77.754013
78.193230
104.354279
104.650726
104.502502
105.529152
105.677376
105.238159
103.042084
98.062500
92.934692
87.367661
83.414726
79.758247
76.974731
73.905685
72.297043
71.863281
72.307953
73.191833
73.784721
74.959595
75.991707
76.727371
77.023811
77.463028
103.915062
104.502502
104.502502
105.529152
106.116592
105.677376
103.920509
99.380150
93.813118
88.685303
84.293167
80.488449
77.413948
74.487671
72.588043
72.154282
72.598938
73.043610
73.636505
74.520386
75.552490
75.848938
76.145386
76.584595
104.354279
104.502502
104.502502
105.529152
106.116585
106.555801
104.068733
99.819366
94.252335
89.124527
84.732384
80.779449
77.265724
74.048462
72.439812
72.006050
72.450722
72.895386
73.488281
74.372162
75.113281
75.848938
76.145386
76.584595
