74.059357
74.355804
74.943237
75.673447
76.260895
78.456963
81.970673
86.368279
92.083527
97.650558
102.190918
106.445755
110.404144
113.632324
115.685623
117.003265
117.881699
118.611908
118.172691
118.024467
117.728027
117.140587
116.701370
116.113937
74.059364
74.207581
74.795021
75.525223
76.551880
78.747948
81.531464
85.780838
91.205093
96.623901
101.312485
105.419098
109.086494
112.753891
114.807198
116.564056
117.294258
118.172691
118.463684
117.876244
117.728027
117.288811
116.992363
116.553146
73.911133
74.059364
74.646790
75.377007
75.964447
77.869522
80.653030
84.754196
89.739227
94.427826
99.116425
103.514023
107.472412
111.579010
113.632324
115.389175
116.415833
117.585251
117.876244
117.876244
117.876244
117.728020
117.579803
117.140587
74.350349
74.498573
74.498573
75.377007
75.376999
76.842880
79.187172
82.118896
86.659271
90.765884
95.306259
100.143074
104.101456
108.499062
111.430794
113.775085
115.092735
116.849594
117.728027
118.167236
117.876244
118.024467
117.728027
117.876244
74.641342
74.641342
74.789558
75.080559
74.789566
75.667992
77.573074
79.626389
82.997330
86.516510
90.617661
94.867035
100.291290
105.270874
107.911621
111.134346
113.917862
116.113930
117.579803
118.167236
118.315460
118.611908
118.463684
118.611908
74.784111
74.784111
74.493118
74.932335
74.493126
74.641342
75.958992
77.133865
79.187164
81.827911
85.489853
90.178444
95.454475
100.873276
104.683441
108.054390
111.716331
114.499847
116.553146
117.579803
117.876244
118.611908
118.760132
119.347565
74.635887
74.635887
74.635895
74.784119
74.635887
74.344894
75.371552
75.667999
77.573074
79.044403
82.267120
86.807495
91.353317
97.063110
100.582283
105.122650
108.784599
112.446541
114.939056
116.553146
117.437035
118.172691
118.611908
119.347565
74.196678
74.487671
74.487671
74.926880
74.778656
75.075104
75.662544
75.519775
76.255432
77.139313
79.780060
83.442001
87.691376
92.670959
96.481125
100.582283
105.413651
109.514809
112.155548
114.648071
115.971161
117.294266
117.733475
118.320915
73.900223
73.900223
74.339447
74.778656
75.508865
76.096306
76.244522
75.810768
75.667999
75.969894
77.435760
80.367508
83.886665
87.987823
92.088982
96.481133
101.751709
106.143860
109.223816
112.155548
114.505295
115.680168
116.855049
117.294258
73.312790
73.312790
74.191223
74.778664
76.239075
76.826508
76.974739
76.101761
75.667992
74.943237
75.678894
77.732208
80.372955
84.325882
87.696838
92.528198
97.798767
102.481918
106.143860
109.372040
112.303764
114.066086
115.240959
115.680176
73.312790
73.312790
74.191216
74.921432
76.239075
77.117500
76.974731
75.953529
75.228775
74.064812
74.652252
76.266335
78.467865
81.251389
84.183113
89.157242
93.988609
98.380760
102.190918
106.440308
109.520264
111.430794
112.748436
113.626869
73.312790
73.461014
73.900230
74.630432
75.799858
76.969276
76.535515
75.805313
74.641342
73.768364
74.064804
75.239685
76.705551
78.758858
81.542374
85.056091
89.887451
94.570595
98.380760
102.339142
106.149307
108.790054
110.255920
111.134346
73.461014
73.609238
73.900230
74.630440
75.508865
76.239075
75.657089
75.657089
74.932327
73.911133
74.207581
74.943245
75.969894
76.996552
79.340851
82.124359
86.225510
89.739227
93.840393
97.798767
102.487366
104.979889
107.175964
108.054390
73.900223
74.048447
74.487663
74.339439
75.508865
75.948082
75.657089
75.217880
74.635895
74.202133
74.350349
74.498581
75.234238
75.530670
77.726753
79.780060
82.563568
86.077293
89.448242
93.697617
98.677200
101.899925
104.096008
104.535217
75.075104
74.784103
74.926880
75.217873
75.366096
75.508865
75.217873
75.217880
74.635895
73.905685
74.350349
74.498573
75.086006
75.234238
76.551880
78.165970
80.219276
82.854561
86.077301
90.765884
95.306252
98.089767
100.285843
101.164268
76.392746
75.662544
75.805313
75.366104
74.926880
75.217873
74.778664
74.778656
74.196678
74.493118
74.493118
74.789566
75.376999
75.816216
76.842865
77.578537
79.192619
81.097702
83.293777
87.543152
91.644310
94.867035
96.623901
97.063110
77.710388
77.128403
77.271179
76.392754
75.366104
74.926888
74.926888
74.487663
74.196678
74.784119
74.932327
75.519775
75.958992
76.546425
76.985641
77.430313
78.456963
79.483612
81.388695
84.759644
88.421585
91.205093
92.522736
93.252945
79.324478
79.324478
78.885269
77.858612
75.953529
74.926880
74.635887
74.196678
74.635895
74.784119
74.784111
75.810760
76.398201
77.128410
77.715851
77.573082
77.869522
77.726753
79.483612
82.267120
85.489853
87.982376
89.300011
89.300011
82.398987
81.817001
81.229568
79.472702
77.419403
75.514313
74.784103
74.196671
74.196671
74.344894
74.635887
75.810760
76.540970
77.567619
78.297836
78.155060
77.573074
77.139313
78.308746
80.801254
83.145554
85.050636
85.786293
86.077286
86.357376
86.066376
84.891510
82.404434
79.472717
76.689194
74.932343
74.053909
73.905685
73.905685
73.905685
75.223328
76.831963
78.149612
78.149605
77.858620
77.715851
76.694656
77.573074
79.335388
81.092247
82.267120
82.854561
83.584763
91.045967
89.876541
88.701668
85.627167
81.377792
77.715851
75.667999
74.493118
73.466476
72.736267
73.318245
74.635887
76.683746
78.144157
78.583374
78.440598
77.419403
77.276634
77.424858
78.160515
79.187164
80.213821
80.949478
80.949478
93.977699
93.099274
91.485184
87.680466
83.431091
79.181717
75.816216
74.202126
72.736252
72.297043
72.879028
74.196678
76.387299
78.144157
79.022583
78.292381
77.710388
76.689194
77.276642
77.573074
78.160515
78.747955
79.335388
79.483612
96.173782
95.295349
93.390266
88.998123
84.309525
79.329941
76.255432
74.350357
72.445267
71.418617
72.291595
74.048454
76.387299
78.435143
79.165352
78.874367
77.853165
76.980186
76.689194
77.276627
77.573074
77.721298
77.869522
78.017746
96.761215
96.173782
93.977707
89.585556
84.457741
79.917374
76.403656
74.350342
72.736267
71.857834
72.000603
73.900230
76.387299
78.286926
78.874359
78.435150
77.413948
76.831963
76.980186
76.837418
76.842865
77.430313
77.139313
77.287537
