113.176743
112.737534
111.128891
107.906166
104.392456
100.291290
96.338364
91.358780
86.088196
81.987045
79.351746
78.473320
76.716461
77.007454
77.007454
77.885880
79.203522
80.812164
81.690598
83.886673
85.204315
86.521957
87.839600
87.400383
113.764183
113.324966
111.419884
108.345383
105.122650
100.730515
96.338356
91.797989
86.527405
81.987045
79.351746
78.034103
77.155670
77.007454
77.007454
77.885880
78.764313
80.372948
81.251373
83.886673
85.204315
86.521957
87.400383
87.400383
113.912407
113.764183
112.007324
108.932823
105.858322
101.608940
97.507782
92.824638
87.405838
82.865479
80.230179
78.912537
77.594894
77.007454
77.007454
77.885880
78.764313
79.933731
80.812164
83.008240
84.325882
85.643524
86.521957
86.521957
115.378273
114.499847
112.742981
110.689682
106.736740
102.926575
98.534439
93.994064
88.723480
84.183121
81.108612
79.351753
77.594887
77.007454
76.568237
77.446671
77.885880
79.203522
80.081955
81.838806
82.717239
84.034897
84.913322
84.913322
116.553146
115.674721
114.357071
112.303772
108.790054
105.270874
100.291290
95.899139
90.919556
85.939972
82.426254
80.081955
78.034103
76.716461
76.277252
76.716461
77.446671
78.325096
79.203522
80.521164
81.399597
82.717255
83.156464
83.156464
117.876244
116.849594
115.680168
113.769638
110.546913
107.027740
102.778358
97.656006
93.115631
88.136047
84.183113
81.108612
78.912537
76.716461
76.277252
76.277252
76.277245
77.155670
78.034103
78.912537
79.351746
80.669388
81.108604
81.547821
118.611908
117.585251
116.706825
114.796288
112.600212
108.641830
104.831665
99.852081
95.311707
90.332123
86.088196
82.865463
79.790970
77.594894
76.277252
76.277252
76.277245
76.716461
77.155670
78.034103
78.473320
79.790955
79.790955
80.230179
118.908356
118.320915
117.442482
116.119385
114.066086
110.986130
107.175964
102.196373
97.068573
92.237213
88.136047
84.331329
81.108612
78.473320
76.864677
76.277245
75.838028
75.986252
76.425468
76.864677
77.303894
78.621544
78.182327
78.621544
119.495789
119.347565
118.029922
116.997818
115.240959
112.160995
109.229263
104.688889
99.412857
94.581497
90.332123
86.088196
82.574471
79.939178
77.303894
76.277245
75.547043
75.547043
75.547043
75.986252
76.716461
77.594894
77.594894
77.594894
119.644012
119.204796
118.617355
117.733475
116.415833
114.066078
111.134354
107.033188
101.466171
96.486572
92.676422
87.993286
83.892120
81.256821
77.743118
76.716461
75.547035
75.695259
75.256042
75.256058
75.986252
76.425461
76.425461
76.425461
119.353020
119.204796
118.035378
118.029922
117.294266
115.240959
113.187653
108.938271
103.223022
98.830887
94.872490
89.898361
85.648972
82.574471
79.351753
77.303894
76.425461
76.134476
75.256042
75.256058
75.986252
76.425461
76.425461
76.425461
118.183594
118.474594
117.596161
117.738930
117.299713
115.537399
113.923309
110.113144
104.985336
100.735962
96.486588
91.946213
87.405838
83.892113
80.817619
78.621536
77.743118
77.012901
76.134476
75.404266
76.134483
75.986252
75.986252
75.986252
117.156944
117.156944
117.008720
117.008720
117.299713
116.273064
115.098190
111.436249
106.890427
102.789261
98.830872
93.999512
89.601913
85.061539
82.426254
80.230179
78.621536
77.743103
77.012901
76.282700
76.573700
76.134483
76.134483
76.134483
115.691078
115.982071
115.691078
116.569504
117.008720
116.712280
115.394630
112.462898
108.504509
104.694351
100.884186
95.756378
91.797989
86.818405
84.034897
81.547821
80.230179
78.621536
77.452118
76.573685
76.573685
76.134476
76.134476
76.134476
113.928764
114.076988
114.516205
115.542854
116.130295
116.860497
116.273064
113.928764
110.557816
106.747650
102.937492
98.100670
93.554848
88.575272
85.352539
82.865471
81.108612
79.060753
77.891327
77.012901
77.452118
77.012901
77.012901
77.012901
111.436249
111.875458
112.753891
114.367981
115.542854
117.151489
116.712280
114.955414
112.462898
109.240173
105.430008
100.444977
95.899139
90.041138
86.818405
83.743896
81.547821
79.499969
78.182327
77.303894
77.743103
77.012909
77.012909
77.012909
109.086494
109.525711
110.552361
112.605667
114.658974
116.564056
116.712273
116.273064
114.658974
111.584473
108.213516
102.937485
97.661453
91.946213
87.696838
84.622330
81.547821
79.499969
78.182327
77.303894
77.743118
77.743118
77.743118
77.743118
106.736748
107.175964
108.641830
110.991577
113.484093
116.415833
117.442482
117.590706
116.124840
113.928764
110.118607
105.281784
99.857529
93.412079
89.162704
85.061539
81.987038
79.790970
78.034103
77.594894
78.034103
77.743111
77.743111
77.743111
104.683441
105.122650
106.588516
109.229263
112.748436
116.119385
117.294258
118.320915
117.442482
115.685623
112.314674
107.038651
101.323395
95.168930
90.041138
86.379181
82.865471
79.790970
78.034103
77.594894
78.034103
78.182327
78.182327
78.182327
102.042709
102.921127
104.535217
107.906166
112.012779
115.822937
117.876244
118.463684
118.611908
117.294266
114.071533
109.234718
103.519470
96.925797
92.237198
87.696823
83.743896
80.521164
78.325096
77.885880
78.325096
78.621536
78.621536
78.330551
99.698395
100.867828
102.333694
106.292076
111.128891
115.526497
117.579803
118.754677
119.045670
118.315460
115.531952
110.843353
104.688896
98.682648
93.554848
89.014481
84.765091
80.960388
78.764313
78.034103
78.473312
78.621536
78.621536
78.330551
98.084312
99.253738
100.867821
105.265427
110.102242
114.939056
117.283356
118.606453
119.484879
119.045670
116.262154
112.012772
106.006531
99.852081
95.020721
89.892914
85.204315
81.690598
79.203522
78.325104
78.473312
78.621536
78.621536
78.330551
97.057663
98.375305
99.989395
104.529770
109.514809
114.790833
117.426125
118.897446
119.775871
119.775879
116.701370
112.451996
106.884972
100.730499
95.750916
90.332123
86.082748
81.690598
79.203522
78.325104
78.473312
78.621536
78.621536
78.330551
96.470230
97.787865
99.841171
103.799561
109.805794
114.642609
117.574348
118.749222
120.066864
119.775879
117.579803
113.330421
107.324181
100.730507
96.190140
91.210556
85.934509
81.981583
79.203522
78.325104
78.473312
78.621536
78.621536
78.330551
