109.503899
108.916458
107.747040
105.841957
102.471008
99.835716
97.200424
95.443573
92.808273
90.612206
90.172989
90.172997
90.172989
90.612198
91.051422
90.612206
90.760429
91.490639
91.490639
91.929855
92.078079
92.226295
92.226295
92.226295
107.895264
107.307831
106.429398
104.672531
101.592575
98.666298
95.882782
94.274147
91.638863
90.321213
89.294563
89.294556
89.733780
90.172989
90.760437
90.321213
89.882004
90.321220
90.321220
90.760437
91.347870
91.496094
91.496094
91.496094
105.408195
104.820755
103.354889
101.598030
98.814522
96.179230
93.834930
92.078072
89.881996
88.564354
87.834145
87.834152
88.125137
88.564362
88.712570
88.273361
88.273361
88.712570
88.712570
89.151794
89.300018
89.448235
89.448235
89.448235
100.137611
99.550179
98.671745
96.914886
94.422363
91.935303
89.739235
88.421585
86.664719
85.347076
84.907867
84.907867
85.495300
85.786293
86.225510
85.786301
85.495300
85.786293
85.786293
85.934525
86.373734
86.373734
86.373734
86.373734
93.406631
92.819183
91.940765
90.623116
88.278809
86.373734
84.616875
83.447449
82.129807
81.251381
81.251373
80.960388
81.838814
82.278030
82.569023
81.838821
82.129807
81.838814
81.838814
82.129807
82.278030
82.426254
82.426254
82.426254
86.527412
86.379189
85.648979
84.622330
82.717255
80.960388
80.081955
79.351753
78.473320
78.034103
77.743111
77.743111
79.060760
79.499969
79.499969
78.621536
78.621544
78.182327
78.182327
78.182327
78.182327
78.330551
78.330551
78.330551
81.844269
81.844269
80.965851
80.378403
79.060753
78.182327
77.743118
77.012901
76.573700
76.425461
76.573685
76.721924
77.452126
77.891342
77.600342
77.161125
77.161133
76.721924
76.721924
76.721909
76.721909
76.721916
76.721916
76.721916
77.748566
78.187775
77.748566
77.457581
76.870132
76.721916
76.430916
76.721916
76.721909
76.721924
77.161133
77.309349
78.187775
78.626991
78.626991
77.896790
77.457573
77.018356
77.018356
77.309349
77.161125
77.161133
77.161133
77.161133
74.970505
74.970505
74.531296
74.970505
75.409721
75.848938
76.579147
76.727371
77.457581
77.896790
78.775215
79.214432
79.362656
79.362656
79.362656
78.923447
78.484222
78.045013
78.045013
78.045013
77.896790
78.039558
78.039558
78.039558
72.631668
73.070885
73.070885
73.949310
74.827736
75.557945
76.436371
77.605797
78.484222
79.214432
79.653641
79.801872
79.950089
80.389313
79.950089
79.659103
79.219894
78.780670
78.780670
78.632446
78.775223
79.066208
79.066208
79.066208
72.192444
72.631660
72.631660
73.510101
73.949310
74.827736
75.706161
77.314804
77.754021
78.484222
79.362656
79.801865
79.950096
79.950096
79.950096
80.098320
79.659103
79.219879
79.219879
79.071655
79.214432
79.505424
79.505424
79.505424
73.504639
73.943863
73.652863
74.092072
74.092072
74.679504
74.679504
75.557953
75.997162
76.875587
77.314804
78.045013
78.632446
79.071671
79.071671
79.219894
79.368103
79.368103
79.368103
79.219879
79.362656
79.653641
79.653641
79.653641
75.843483
75.843483
75.843491
75.552490
74.383064
74.383072
74.092072
74.092072
74.092079
74.970505
74.970505
75.848938
76.875587
77.314804
78.193237
78.341461
78.489670
78.928894
78.928894
78.780670
79.362656
79.214432
79.214432
79.214432
78.912529
79.060753
78.182327
77.743111
75.843475
74.965050
74.234848
73.504639
73.356415
73.504639
74.092072
74.970512
75.409729
76.288147
77.457565
78.045006
78.341461
79.368103
79.368103
79.071671
79.362656
79.214432
79.214432
79.214432
82.426254
81.987038
81.399597
80.378403
78.330551
77.161125
76.134476
74.965057
74.525833
74.674057
74.674057
75.552490
75.991699
76.870132
77.748566
78.335999
78.632446
79.510880
79.510880
78.923447
79.214432
79.066208
79.066208
79.066208
86.088196
85.209763
85.061539
83.892120
81.844269
80.378403
79.351746
78.621536
77.743118
76.864685
76.864685
76.864685
77.303894
77.743103
78.330551
78.330551
78.917992
79.357208
79.357208
78.917992
78.626999
78.039566
78.478775
78.039551
90.189346
89.601913
89.162697
88.284271
86.088196
84.913315
83.595673
82.278030
81.251373
80.812164
80.081955
79.494522
79.494522
79.494522
79.494514
79.203529
79.203529
79.203529
79.351753
78.473328
78.182335
77.743118
77.743118
77.303894
93.999512
94.142281
93.115631
92.385422
90.919556
89.744682
88.278816
86.961166
85.786293
84.907867
84.029434
83.151009
82.272568
81.833366
81.245926
80.954933
80.954933
80.076500
80.224724
79.055298
78.616089
77.446671
77.594879
77.155670
98.539886
98.391663
98.095222
97.216789
95.750916
94.136826
93.258400
92.083527
90.617661
89.591003
88.712578
87.394928
86.077286
85.198860
84.320435
83.881210
83.002792
82.563568
82.563576
81.103165
80.372955
79.642746
79.494522
79.203522
104.101456
103.953232
103.365799
102.635590
102.048149
100.873276
99.407410
98.528976
97.354111
95.888237
94.570587
93.692162
91.787079
90.617661
89.591003
88.860794
87.834145
87.103943
86.225510
85.495300
84.616875
83.886665
83.886665
83.008240
109.372032
108.784592
108.636375
107.757950
107.318726
106.292076
105.704636
104.826210
103.651337
102.624680
101.016052
99.989395
97.354111
96.184685
94.867043
93.549400
92.522751
91.644310
91.056870
90.035675
89.448235
88.718033
88.278809
87.839600
113.176743
112.737534
112.737534
111.859100
111.859100
110.393234
109.954025
109.366585
108.630920
107.604271
105.847412
104.677986
102.333687
100.137619
98.968193
97.502327
96.623901
95.306252
93.988602
93.697617
92.670959
92.670959
91.792534
91.353317
115.663811
115.372818
114.933601
114.055176
114.203400
113.176750
112.589310
111.710876
110.975220
109.948563
108.191704
106.874062
104.529770
102.921127
101.164268
99.846626
98.528976
97.211334
95.745468
95.454468
94.867035
94.427826
93.988609
93.549393
116.690460
116.251251
116.251251
115.372818
115.372818
114.203400
113.906952
113.176743
112.441086
111.414429
109.657578
108.191711
105.847412
103.799561
102.190918
100.873276
99.407410
98.089767
97.063110
96.332909
95.306259
95.306259
94.427818
94.427826
