79.796417
79.796417
79.796417
79.208984
78.621536
77.743111
77.743111
77.743111
78.330551
78.769760
78.621536
78.621536
78.473328
79.055298
81.245926
84.166748
87.384026
91.918945
96.750305
102.031792
107.307823
111.271667
113.615959
114.790833
79.796417
79.796417
79.796417
79.208984
78.621536
77.743111
77.743111
77.743111
78.330551
78.769760
78.621536
78.621536
78.034103
78.616089
80.515717
83.727539
87.384018
91.040512
95.871872
101.444359
106.868607
111.562653
113.615959
114.790833
79.796417
79.796417
79.796417
79.208984
78.621536
77.743111
77.743111
77.743111
78.330551
78.769760
78.621536
78.621536
78.034103
78.176865
80.224731
82.997330
86.505600
90.601303
95.432663
101.005142
106.429398
111.123444
113.467735
114.642609
80.526627
80.526627
80.526627
79.939186
79.060760
77.891335
77.891335
77.891335
78.039551
78.478775
78.330551
77.452118
77.012901
77.155678
78.616089
81.536911
85.045181
88.553452
93.675804
99.978485
105.841957
110.387779
112.880302
114.346169
80.965836
80.965836
80.526627
80.087410
79.060760
78.182327
77.743111
77.161133
77.748566
77.457581
77.457581
76.870132
75.843491
75.843491
77.594894
79.637283
82.997330
86.944809
91.479729
98.221634
104.815308
109.652115
112.583855
114.049721
81.696045
81.256836
80.817619
80.378403
79.499969
78.330551
77.891335
77.309357
77.457581
77.166580
77.166580
75.848938
74.970505
74.822281
75.695259
78.467865
81.240463
85.187958
89.871094
97.194977
103.936874
109.503899
112.287407
113.753281
81.696045
81.256836
80.817619
80.378403
79.499969
78.330551
77.891335
77.309357
77.457581
77.166580
77.166580
75.848938
74.970505
74.822281
75.695259
78.325104
80.949478
84.748734
89.580093
96.755760
103.936874
109.943115
113.165840
114.631706
80.817619
80.378403
79.939194
79.499969
78.769760
77.891335
77.891335
77.309357
77.896790
77.605789
77.605789
76.436371
75.409721
75.552490
76.573685
78.616089
81.827904
86.066383
90.458527
98.073402
105.693733
110.969765
114.483482
115.949348
79.790970
79.351746
79.351746
78.912537
77.743111
77.600342
77.161133
77.748566
78.045006
78.484222
78.335999
77.166580
76.139923
76.430923
77.743118
80.224724
82.997330
87.384033
92.215393
99.830261
107.159599
112.874847
116.097572
117.854431
78.621536
78.621536
78.182327
77.743111
77.012909
77.161133
77.161133
77.748566
78.484222
78.923431
78.775208
77.896790
77.018356
77.161133
78.621536
81.103165
84.605965
88.701675
93.972252
101.296135
108.625465
114.192490
117.563438
119.029312
78.182327
78.182327
78.182327
77.743111
77.012909
77.161133
77.161133
77.748566
78.484222
78.923431
78.775208
77.896790
77.161133
77.303909
79.203522
81.685135
85.336174
89.431885
94.850677
101.735344
109.212906
115.219147
118.150879
119.616745
77.012901
77.012901
77.303894
77.012909
76.721909
76.870132
77.161133
77.309357
78.045006
78.484222
78.335999
77.748566
76.721909
77.155685
79.055298
81.536911
85.627167
90.019318
95.289894
102.762001
109.361130
115.076370
118.299103
119.473976
76.721909
76.721909
76.721909
76.721909
76.721909
76.430923
76.430923
77.018356
77.457565
77.457565
77.457573
77.161133
76.425468
76.859238
78.467865
81.679688
85.918159
90.310303
95.580887
102.471008
109.509354
114.933609
117.865341
118.891991
76.721909
76.721909
76.870132
77.161125
77.161125
76.721909
76.721909
76.870132
77.018356
77.018356
77.018356
76.573685
75.838028
76.271790
78.171417
81.092239
85.478943
89.722870
95.141678
102.180016
108.779144
114.203400
117.283356
118.310005
78.330551
78.330551
78.330551
77.600342
77.600342
77.012901
77.012901
77.309349
77.018356
77.018356
77.018356
76.573685
75.838028
76.271790
78.171417
80.653030
85.039734
89.283653
94.702461
101.740799
108.779144
113.764183
116.844139
117.870789
81.256836
80.526627
80.378403
79.060760
78.621536
77.303894
77.012909
77.600342
77.748566
77.896782
77.748566
77.452118
76.277252
76.562790
77.583984
80.504814
84.600510
88.405220
93.824020
100.714149
107.313278
112.885750
115.965714
116.992363
84.183113
83.595673
83.156464
81.547821
79.933731
77.885880
77.594894
77.891342
78.187775
79.214432
79.066208
77.891327
77.007462
76.271790
77.583984
80.213821
83.722084
87.087585
92.506386
99.835716
105.995636
112.298317
115.378273
116.404922
87.839607
86.961166
86.521957
84.177658
81.981590
79.494522
78.616089
79.060753
79.505424
79.653656
80.235626
78.769760
77.155670
76.710999
76.853775
79.335388
82.552658
86.209152
91.188736
98.518074
105.259972
111.123444
114.203400
115.378273
91.935303
91.496086
90.178444
87.543152
84.759644
81.833359
80.812164
80.521172
80.526627
80.674850
80.235626
78.769760
77.155670
75.832573
76.414566
78.605179
81.674232
85.478943
90.310303
97.491425
104.233322
110.245010
113.615959
115.081825
97.496872
96.327454
95.300797
92.374527
89.442780
85.929070
84.320435
83.299225
81.987045
81.256836
80.817619
78.621552
76.277245
75.250595
75.393356
77.583984
80.504807
84.452293
89.431877
96.903984
104.085098
109.800346
112.880302
114.637161
102.619232
101.449806
100.423157
97.348648
94.125923
90.172989
88.125137
86.225510
83.886658
82.278030
80.669395
77.743103
75.547043
73.790176
74.372169
76.414566
79.483612
83.722084
88.992661
96.025551
103.349442
109.064682
112.726624
114.192490
107.011375
105.693741
104.227867
101.153366
97.491425
93.686707
90.612198
87.834152
84.616875
82.569023
80.521172
77.594879
74.668610
73.499191
73.641953
75.393356
78.605179
83.282875
88.553452
95.877335
103.640427
109.207451
112.139191
113.456833
109.059235
108.180801
106.423943
103.201210
99.687500
95.734566
92.220840
88.855347
85.786293
82.860016
80.521172
77.594879
74.668610
73.059975
73.202744
75.393356
78.605179
82.700890
87.675018
94.998901
103.052994
108.620010
112.281960
113.599602
109.937660
109.207451
107.302368
104.227867
100.565926
96.464767
93.099274
89.733780
86.077286
83.151009
80.521172
77.594879
74.229401
72.620758
72.763519
74.663147
78.165970
82.552666
88.114227
95.438110
103.052986
108.620018
112.281952
113.599602
