78.764313
79.499969
82.717239
87.103943
93.252945
99.983940
104.963524
110.387779
115.960258
118.452774
117.717117
111.699966
104.798943
97.167709
90.859573
84.265892
78.841644
74.153046
71.956970
72.105202
73.719284
75.333374
76.211807
75.920815
78.034103
79.351753
81.690598
86.664719
92.665512
99.105507
104.376091
109.800339
115.081825
118.743774
117.568893
111.990967
105.089935
98.194366
91.886230
85.144325
79.429077
74.740486
72.396187
72.983627
74.158493
75.042389
76.360031
76.069038
76.420013
77.594894
80.224724
84.759644
90.469437
97.200424
102.619232
108.334480
114.494392
117.865341
117.568893
112.869392
106.116592
99.512009
93.203873
87.049408
80.455734
76.058136
73.422844
73.274628
74.449493
75.185150
76.063583
75.772598
73.197296
74.223938
77.150223
81.536911
87.246712
93.977699
99.396500
105.990181
113.319519
117.277901
117.711662
114.038818
108.460884
102.004532
96.574821
90.272133
83.239243
77.963211
75.031479
74.740486
74.597717
75.624367
76.063583
75.624367
69.826340
70.852989
73.340057
77.874985
82.849106
89.289108
95.734566
102.767456
110.975220
116.542244
118.002655
115.356461
110.805183
105.666473
100.384987
93.934082
86.461975
80.598503
77.375778
75.909912
75.476151
75.476151
75.476151
74.745941
66.894608
67.921257
70.408325
74.064804
79.187164
85.039726
92.215393
99.835716
108.773689
115.367371
117.266998
116.525879
113.001259
108.746429
103.904160
97.744240
90.123917
83.821228
79.571854
77.814987
76.206352
75.767136
75.327927
74.449501
66.598160
67.476593
69.963654
73.329155
77.276627
83.129196
90.013870
97.485970
107.154152
113.896049
116.531334
116.965096
114.176132
110.799728
106.544899
100.533211
92.616432
86.165527
81.767921
79.275406
77.666771
76.058136
75.618919
74.592262
68.349571
69.227997
71.275848
73.905685
77.853165
82.388077
88.685318
96.157417
104.656174
111.398079
114.620804
115.499229
114.472580
112.271049
108.164444
102.295517
94.960732
88.070610
83.815781
80.593048
78.248749
76.931114
76.052681
75.026024
71.418617
72.297043
73.905685
75.657089
78.868912
82.377174
87.938751
95.119858
103.327629
109.048325
112.128281
114.033363
113.890594
112.424728
109.196548
103.766846
97.014030
90.266685
86.011856
82.201691
79.418175
77.661316
76.634659
75.317017
75.662537
76.540970
77.413948
78.577911
81.059525
83.980362
88.515274
94.526962
101.708084
107.137787
110.805183
113.006714
113.747826
113.308609
110.667862
105.238159
99.215561
92.462753
88.207932
84.397766
81.466034
79.560944
78.243301
77.216644
81.081345
81.520554
81.954315
83.118286
85.012466
86.906647
90.859573
96.574821
102.147301
106.989563
110.365967
113.154938
114.044266
114.340714
111.990967
107.291466
101.708084
95.394493
91.578873
87.472260
84.540527
83.074669
81.466026
80.291153
88.114235
88.405228
88.987213
89.272751
90.727715
92.039902
95.257172
99.654778
103.909607
108.164444
111.101624
113.451378
115.510132
115.806580
114.483482
110.223198
104.639816
99.204651
95.389038
92.160858
89.520119
87.615036
86.297394
85.709953
96.173775
96.464767
96.316544
96.602089
97.326836
98.199821
100.247665
103.909607
107.137787
109.926758
112.567497
115.065468
116.976006
117.859886
116.827782
112.715721
108.449982
103.602257
100.225861
96.997673
94.796150
93.769501
92.594620
91.716194
102.915672
103.354889
103.206665
103.492210
103.777748
104.068741
105.529152
107.582458
109.635757
111.689064
113.890594
116.679558
118.150879
119.325752
118.441872
115.208237
111.529938
107.269653
104.623459
101.982712
100.511391
99.484741
98.749084
98.309860
107.757950
107.900711
107.752495
108.038025
108.032578
108.323570
108.614563
110.371422
111.546295
113.160385
114.774475
116.976006
118.738319
119.913193
119.320297
116.970551
113.879684
111.085266
109.026512
106.676758
105.501884
104.766228
104.178787
103.739571
110.837906
111.128891
111.128891
110.975220
111.266212
111.408981
111.699974
112.578400
114.044273
114.631706
115.949348
117.711670
118.886536
119.913193
119.325752
118.145424
116.377663
114.758118
113.286797
111.672707
110.937042
109.910400
110.053162
109.322952
112.896660
113.478653
113.039429
113.182198
113.473190
113.467735
113.906952
114.197945
115.663811
116.394028
116.981461
118.008110
118.743774
119.182983
119.325760
119.029312
118.584641
117.552536
117.547081
116.520432
116.081215
115.493774
115.054565
114.763573
114.658966
114.949966
114.801743
115.240952
115.092735
115.526497
115.526497
115.817490
116.986908
117.865341
117.865341
118.013565
118.452774
118.452774
118.595543
119.473976
120.346954
120.637947
120.780716
120.341499
120.050507
119.611298
119.611290
119.172073
116.564056
116.564056
116.415833
116.855049
116.706825
117.288811
116.997818
117.140587
117.870789
118.161789
118.161789
117.722565
117.574348
117.574348
117.865341
119.473976
120.643402
121.961044
122.691254
122.691254
122.548477
121.670052
121.670052
121.818275
117.733475
118.024475
117.876251
117.733475
118.172691
118.024467
118.172691
117.876244
118.606453
118.458229
117.870789
116.844139
116.256706
116.108482
116.399475
118.156326
120.643402
122.400253
122.839470
122.839478
122.548477
122.109268
122.257492
121.527283
118.315460
118.315460
118.606453
118.754677
118.902901
119.051117
118.611908
118.463684
118.315460
117.728027
117.140579
115.674713
114.939056
114.642616
114.933609
117.129677
119.616745
122.103813
122.543030
122.400261
122.252037
121.230835
121.230835
120.791618
119.188438
118.897446
119.188438
119.484879
119.342117
119.929550
118.760132
119.051125
118.315460
117.437027
116.262154
114.796288
113.912399
113.324966
113.906952
116.103027
118.881088
121.516373
122.103813
121.664597
121.664597
120.934387
120.055962
120.055962
119.479431
119.188438
119.479431
119.484886
119.929550
119.929550
119.347565
119.051117
118.024467
117.437035
115.822937
114.796288
113.033981
112.298317
113.467735
115.224594
118.732864
121.516373
121.955597
121.664597
121.225388
120.495178
120.055962
119.177536
119.627655
119.479431
119.627655
119.924095
120.220543
120.368767
119.786781
119.199341
117.733475
117.437027
116.262161
114.357071
113.033974
112.150093
112.880302
115.224594
118.732864
121.516373
121.955597
121.664597
121.225380
120.495178
119.616745
119.616745
