118.046280
118.485497
118.337273
119.363922
120.681572
121.269005
121.999214
121.850990
121.993759
121.845535
121.549095
121.400871
120.956200
120.956207
120.807983
120.516983
120.225998
119.935005
119.353020
120.083229
119.353020
119.353020
119.501244
119.501244
118.337273
118.776489
118.776489
119.363922
120.829788
121.708221
121.559998
121.411774
121.845535
121.406326
121.109879
121.252647
121.104424
120.516991
120.368759
120.077774
119.786781
119.935005
119.204796
120.083221
119.353020
119.501244
119.353020
119.501244
118.776489
118.776489
118.776489
119.363922
120.681572
121.269012
121.120781
120.972565
121.263550
120.967110
121.109879
120.961655
120.225998
120.516991
120.368767
120.077774
119.786781
119.056572
118.765579
119.204796
119.056572
119.353020
119.353020
119.204796
119.506691
119.654915
119.654915
120.094131
120.681572
120.829796
120.681572
120.972565
120.676117
120.676117
120.379669
119.792236
119.934998
119.495789
119.199348
119.199341
119.347565
118.908356
118.908356
119.056580
119.056580
119.204796
119.204796
119.204796
120.676117
120.385124
120.094131
120.533348
120.533348
120.390579
120.242355
120.242355
119.945908
119.506699
119.210251
118.771042
118.913803
118.617355
118.908348
118.469131
118.469131
118.029922
118.320908
118.469131
118.760124
118.617355
118.908348
118.908356
121.406326
121.115334
120.533348
120.972565
120.242355
120.094131
119.363922
119.363922
119.506691
119.067482
118.480042
118.331818
118.183594
117.887146
117.738930
117.590698
117.442482
117.003273
117.733482
118.024467
118.463684
118.172691
118.463684
118.754677
121.697319
120.967110
120.824341
120.676117
119.945908
119.215698
119.067482
119.067482
118.919258
118.628265
118.480042
117.892609
117.596161
117.008728
117.151497
117.003273
116.855042
116.267609
117.140579
117.140587
116.992355
117.431580
117.431580
118.013565
120.818886
120.818886
120.527893
120.236900
119.506699
118.919258
118.480042
118.771034
119.062027
119.062027
118.622810
118.035370
117.596161
117.447937
117.151497
116.415833
116.119385
115.531952
115.817490
115.960258
115.663818
116.103027
115.954803
116.536789
120.522438
119.792236
119.501236
119.501244
118.771034
118.183601
118.183594
118.474586
119.204796
119.204803
119.056572
118.617363
117.738930
117.590706
116.564056
115.828392
115.235504
114.790840
114.494392
114.340714
114.626251
114.917244
114.620804
114.911789
119.644012
119.204796
119.204796
118.913803
118.326370
118.035370
117.887154
118.469139
118.760132
119.638565
119.490341
118.611908
117.442490
117.442490
116.415833
115.531952
114.499840
113.467743
113.314064
113.160385
112.858490
113.440475
113.144028
113.286797
118.765579
118.326370
118.617355
118.178146
117.738930
117.738930
117.590706
118.172691
118.902893
119.342117
119.193893
118.315460
116.706818
116.119385
115.383728
114.060623
113.028519
112.435631
111.842743
111.540840
111.969154
112.402908
111.958244
112.397461
117.596161
117.299713
117.299713
117.590714
117.151489
117.442490
117.733475
118.315460
119.045670
119.775879
118.897446
117.431580
115.822937
114.505295
113.621414
112.298317
111.266205
110.376877
110.074974
110.064072
110.640594
111.365356
111.508125
111.650894
116.717728
115.833855
116.273064
116.564056
116.855042
117.733475
117.876244
118.606453
119.188438
119.479431
118.161789
116.695915
114.499847
112.594757
111.271667
109.800346
109.207451
108.318115
108.455429
109.174736
109.751266
110.327797
110.618790
110.470566
115.109093
115.246407
115.246414
115.976624
116.706825
117.728020
117.870796
118.600998
118.891991
119.034760
118.156334
115.812035
113.615959
111.123444
109.652122
108.620010
107.439682
106.989563
107.566101
108.433624
109.301147
110.025894
110.607880
110.459656
115.109093
114.807190
114.807190
115.828392
116.849594
117.870796
118.452774
118.304558
118.447327
118.738319
117.420670
115.219147
112.874847
110.525093
109.053772
108.169891
107.428787
107.269653
107.555191
108.861923
109.877670
111.332634
111.623627
111.475403
114.521652
114.367981
114.658966
115.680168
116.992371
118.013565
118.447327
118.738319
118.590096
118.293648
117.118774
114.917244
112.715721
109.926758
109.185638
108.592751
107.851639
107.988953
109.004700
110.168671
111.771851
112.935822
113.666031
113.808792
114.373428
114.367981
114.949966
115.971161
117.135132
118.447327
118.441872
118.441872
118.293648
117.557991
116.234886
114.615349
112.847580
110.497833
110.047707
109.454819
109.152924
109.877670
110.750656
112.353836
114.105240
115.417435
116.586853
116.438629
114.516205
114.367981
114.949966
115.674721
117.277901
117.711662
118.288193
117.997208
117.409767
116.965096
115.641998
113.874237
112.249237
110.920685
110.618790
111.195320
110.898872
111.766396
112.935822
114.248009
116.147644
117.899048
118.486488
119.068466
114.219757
114.071533
114.653519
114.939056
115.954803
116.388565
116.525887
116.086670
115.499229
115.345551
114.313446
113.424110
112.677544
111.788208
112.216515
112.502060
112.496613
113.660576
114.681770
116.290413
117.750824
119.359459
120.237892
120.528885
114.214310
113.626869
113.769638
113.176743
113.314064
112.863937
112.858490
112.710266
112.853027
112.847580
112.545685
112.973991
113.545074
113.534164
114.110695
114.544456
114.978218
116.290413
117.311607
118.041817
119.211243
120.232437
120.671654
120.671654
113.769638
113.182198
112.737534
111.705429
110.964317
109.635757
109.191093
109.185638
109.767624
110.201385
111.217133
111.941887
113.682388
114.698135
116.153091
117.174294
117.608055
118.481033
119.211243
119.941444
120.232437
120.962646
120.962646
120.962646
113.473190
112.885757
112.001869
110.091339
108.471794
106.264816
106.402130
106.105682
106.978661
108.142624
109.597595
111.788208
114.116150
116.449539
117.613510
118.925705
119.507683
120.380661
120.671654
120.962646
120.814423
120.962646
120.962646
120.962646
113.615959
112.737534
111.705429
109.794891
107.445145
105.089935
104.497047
104.782585
105.655563
106.967751
108.861923
111.343536
114.698135
116.740532
118.634705
119.655907
120.677109
121.259087
121.692848
121.692856
121.253632
121.253632
121.253632
121.253632
113.176743
112.589310
111.557205
109.355675
106.857704
103.915054
103.909607
104.195145
105.068123
106.819534
108.274490
111.195320
114.549911
117.322517
119.364914
120.386116
121.407318
121.550079
122.132065
122.132065
121.983841
121.544632
121.544632
121.544632
