105.210892
105.210892
105.210892
105.359116
104.919899
105.068123
105.068123
105.216347
104.919907
105.507339
105.507339
105.655563
105.655563
105.073578
105.073578
104.782585
105.079025
104.788040
104.788040
104.497047
104.788040
104.788040
104.788040
104.788040
105.501892
105.501892
105.501892
105.650108
105.210892
105.359116
105.359116
105.507339
105.359116
105.507339
105.507339
105.655563
105.655563
105.364571
105.364571
105.073578
105.370018
105.227249
105.227249
104.497047
104.788040
104.788040
104.788040
104.788040
105.501892
105.501892
105.501892
105.501892
105.210892
105.359116
105.359116
105.507339
105.359116
105.507339
105.507339
105.655563
105.655563
105.364571
105.364571
105.512787
105.661011
105.370018
105.370018
105.079025
105.370026
105.370026
105.370026
105.370026
106.083870
106.083870
106.083870
106.232094
105.792877
105.941101
105.941101
105.798332
105.650108
105.798332
105.798332
105.946556
105.946556
105.655563
105.655563
105.655563
105.952003
105.661018
105.661018
105.370026
105.661011
105.661011
105.661011
105.661011
106.226639
106.226639
106.226639
106.374863
106.083870
106.232094
106.232094
106.380318
106.528542
106.528542
106.528542
106.528534
106.237549
106.237541
106.237541
106.094772
106.094772
106.242996
106.242996
105.952003
106.094772
106.094772
106.094772
106.094772
106.517632
106.517632
106.517632
106.665855
106.374863
106.523087
106.523087
106.671310
106.819534
106.819534
106.819534
106.819527
106.528534
106.528534
106.528534
106.676765
106.528542
106.676765
106.676765
106.973206
106.824982
106.824982
106.824982
106.824982
107.099617
107.099617
107.099617
107.247841
106.956848
107.105072
107.105072
107.253296
107.401520
107.401520
107.401520
107.401512
107.110519
107.110527
107.110527
107.258743
107.110519
107.258743
107.258743
107.258743
107.110519
107.110519
107.110519
107.110519
107.681602
107.681602
107.681602
107.538834
107.687057
107.396065
107.396065
107.544289
107.692513
107.692513
107.692513
107.692505
107.401520
107.692505
107.692505
107.401520
107.253296
107.253296
107.401520
107.840729
107.692505
107.692505
107.692505
107.692505
108.115364
108.263588
108.263588
108.411812
108.120819
108.269043
108.417267
108.565483
108.422714
108.422714
108.422714
108.274490
107.835281
107.835281
107.835281
107.983505
108.126266
108.126266
108.126266
108.274490
108.126274
107.978050
107.978050
107.978050
108.697350
108.845566
108.845566
108.702797
108.851021
108.560028
108.708252
108.856476
108.713707
108.713707
108.713707
108.565483
108.126266
108.417259
108.417259
108.417259
108.560028
108.560028
108.560028
108.560028
108.411804
108.702805
108.702805
108.702805
109.279327
109.427551
109.427551
109.284782
109.433006
109.142014
109.290237
109.438461
109.295692
109.295692
109.295692
109.147469
108.708252
108.999245
108.999245
108.999245
109.142014
109.142014
109.142014
109.142014
108.993797
109.284790
109.284790
109.284790
109.422104
109.570320
109.570320
109.575775
109.723999
109.433006
109.581223
109.729446
109.586685
109.586685
109.586685
109.729446
109.290237
109.142014
109.142014
109.872223
110.014992
110.014992
109.866768
110.014992
109.866776
110.009537
110.009537
110.009537
109.713097
109.861320
109.861320
109.718544
110.014992
109.723999
109.872223
110.020447
110.168671
110.168671
110.168671
109.729454
109.581230
110.163216
110.163216
110.014992
110.305984
110.157761
110.887970
110.887970
110.887970
111.178955
111.178955
111.178955
110.004082
110.152306
110.152306
110.009537
110.305984
110.014992
110.163216
110.311440
110.020447
110.020447
110.020447
110.311440
110.163216
110.305984
110.305984
110.887970
111.178955
111.178963
111.760941
111.760941
111.760941
112.051941
112.051941
112.051941
110.586075
110.734291
110.734291
110.591522
110.887970
110.596977
110.745193
110.893417
110.602432
110.602432
110.602432
110.893417
110.745201
110.887970
110.887970
111.469955
111.760941
111.760941
112.342926
112.342926
112.342934
112.633926
112.633926
112.633926
111.025284
111.025284
111.025284
110.882515
110.739746
110.448753
110.596977
110.745201
110.305984
110.305984
110.305984
110.596977
111.036194
111.178963
111.178963
111.760941
112.051941
112.342926
112.924911
112.924911
112.924911
113.215904
113.215904
113.215904
110.734291
110.734291
110.734291
110.443298
111.030746
110.739746
110.887970
110.596970
110.887970
110.887970
110.887970
110.887970
111.618179
111.469955
111.469955
112.051941
112.342934
112.194710
113.364128
113.215904
113.506897
113.946106
113.946106
113.946106
111.173508
111.173508
111.173508
110.882515
110.882515
110.739746
110.739746
110.448753
110.739746
110.739746
110.739746
110.739746
111.469955
111.760941
111.760941
112.051941
112.194702
112.485703
113.364128
113.655121
113.946114
114.385330
114.385330
114.385330
111.755493
111.755493
111.755493
111.464500
111.173508
111.030739
111.030739
111.030739
111.321732
111.321732
111.321732
111.321732
112.051941
112.342926
112.342926
112.633926
112.776688
113.067688
113.946114
114.237106
114.528099
115.115540
115.115540
115.115540
112.782150
112.633926
112.633926
112.342926
111.612717
111.469955
111.469955
111.469955
111.469955
111.469955
111.469955
111.469955
112.051941
112.342926
112.342926
112.633926
112.776695
113.506897
113.946114
114.237106
114.676315
115.115540
115.115540
115.115540
113.660568
113.221359
113.221359
112.930367
112.639374
112.348389
111.469955
111.909164
111.618179
111.909164
111.909164
111.909164
112.639374
112.930367
112.930367
113.221359
113.364136
113.655121
114.094337
114.385330
114.676315
115.115540
115.115540
115.115540
114.099792
113.660568
113.660568
113.369583
112.639374
112.348389
111.909164
111.909172
112.057388
112.057388
112.057388
112.057388
112.639374
112.930367
112.930367
113.221359
113.364128
114.094330
114.094330
114.385330
114.824539
115.263756
115.263756
115.263756
114.978218
114.099792
114.099792
113.808792
113.078590
112.787598
111.909164
112.348389
112.057388
112.057388
112.057388
112.057388
112.639374
112.930367
112.930367
113.221359
113.364128
114.094330
114.094330
114.385330
114.824539
115.263756
115.263756
115.263756
114.978218
114.539001
114.539001
114.248016
113.517807
113.226814
112.348389
112.787598
112.496605
112.496605
112.496605
112.496605
113.078583
113.369583
113.369583
113.660568
113.803345
114.533554
114.094330
114.385330
114.824539
115.263756
115.263756
115.263756
