80.383850
80.383850
80.383850
80.823074
80.674850
80.674843
80.235626
79.648193
78.769768
78.621536
78.912529
79.351746
80.521164
81.690590
83.886658
87.839600
91.210548
95.015259
98.973648
103.953232
108.641830
112.007324
114.060631
114.499847
80.383850
80.383850
80.383850
80.823074
80.674850
80.674843
80.235626
79.648193
78.769768
78.621536
78.912529
79.351746
80.081955
81.251373
83.886658
87.400391
90.623116
94.285049
97.946991
103.074806
108.054390
111.128891
113.033981
114.060631
80.383850
80.383850
80.383850
80.823074
80.674850
80.674843
80.235626
79.648193
78.769768
78.621536
78.912529
79.351746
80.081955
81.251373
83.886658
86.521957
89.596466
92.819183
96.481125
101.608932
106.149307
109.811249
111.716331
112.446541
79.944641
79.944641
79.944641
80.383850
80.383850
80.235634
80.235634
79.357193
78.769768
78.621536
78.912529
79.351746
79.642738
80.812164
83.008240
85.056084
86.961166
89.887451
93.697617
98.386208
103.365799
107.318726
108.784599
110.102242
79.214432
79.214432
79.214432
79.944641
80.235626
80.235634
80.235634
79.648193
79.060760
78.621536
79.060753
79.203522
79.790970
80.372948
81.542374
82.860016
84.177658
86.812950
90.326660
95.306259
99.994850
103.947784
106.001091
107.170509
79.214432
79.214432
79.214432
79.944641
79.944641
80.235626
80.235626
79.796417
79.208969
78.769768
78.769768
78.912529
79.351746
79.933731
80.663940
81.245926
81.833359
83.151001
86.664719
91.644310
97.063110
100.576828
102.190926
104.238770
79.214432
79.214432
79.214432
79.944641
79.944641
80.235626
80.235626
79.796417
79.208969
79.208984
78.769768
78.912529
79.351746
79.933731
80.372955
80.076500
80.515717
81.833359
84.616867
89.448242
94.867035
98.380760
100.434067
102.042702
79.653648
79.653648
79.653648
80.092865
80.092865
79.944641
79.944641
79.944641
79.357208
78.917984
78.917984
79.060760
79.499969
79.642731
80.081955
79.933731
80.224716
80.960388
83.447449
88.427040
93.406616
96.920349
98.973648
100.143074
80.241089
80.241089
80.241089
80.680298
80.092865
80.092865
80.532074
80.092865
79.505424
79.066208
79.505424
79.208984
79.499969
79.790970
79.790970
79.642738
79.790962
81.108612
83.743896
87.554062
92.676422
95.608154
98.243439
99.121872
81.558731
81.558731
81.558731
81.558731
80.680298
80.680298
80.680298
80.241089
79.653641
79.505424
79.505424
79.357201
79.648193
79.939178
79.939178
79.939178
80.378395
81.553284
83.601120
87.411301
92.242653
94.877945
97.222244
98.100670
84.633232
84.194016
84.194016
83.315590
82.437157
81.706955
81.558731
81.119514
80.532074
80.383850
79.944641
79.796417
79.648193
79.939178
79.939178
79.939178
80.965836
81.992493
83.749352
87.559509
91.512444
94.586960
96.492035
96.931252
88.289726
87.998734
87.850510
86.681076
84.924225
83.754807
82.876373
81.558731
80.971291
80.532074
80.092865
79.944641
79.648193
79.648193
80.087410
80.526627
81.553284
82.870926
84.776001
87.998734
91.512451
94.147736
95.904602
96.492035
93.263855
92.533646
91.364227
90.046585
87.850510
85.511665
84.194023
82.876373
81.849716
81.262283
80.823074
79.505424
79.796417
79.796417
80.235634
80.674850
82.431702
83.897568
85.654434
88.877151
91.803444
94.147736
95.465378
95.904602
97.507782
96.777565
95.608147
93.412079
91.216003
87.998734
86.241875
84.485008
83.167366
82.579926
81.262283
80.383850
79.944641
79.944641
80.383850
81.262283
83.019142
84.776009
86.972084
89.607361
91.803436
93.999512
94.877945
95.317154
101.021500
99.852081
98.973648
96.777573
94.290512
90.634018
89.168152
87.120300
85.363434
84.336792
83.019142
81.262283
80.971298
80.823074
81.262283
82.140717
83.458359
85.215225
86.972084
89.168152
90.925011
92.681870
93.560303
93.999512
104.096008
102.926582
101.608940
99.852081
97.216789
93.999512
92.094437
90.046585
87.850510
86.972076
85.067001
83.458359
82.579933
81.701500
82.140717
82.288940
83.897568
84.924225
86.241867
88.289719
89.316376
90.925011
91.803436
92.533646
106.440292
105.561874
104.683441
102.635590
100.439514
97.365013
95.608154
93.412079
90.925003
89.459145
87.702286
85.654434
84.485016
83.167366
82.728149
82.728149
83.606583
84.485008
84.924225
86.681091
87.998734
89.168152
89.607368
90.337570
108.345383
108.197159
107.027740
105.710091
103.953232
101.169724
99.412857
97.216789
94.729729
92.533653
90.776787
88.728943
86.681076
84.924225
84.336792
83.754807
84.194016
84.194016
84.633232
85.802658
86.681091
87.850510
88.289719
88.728943
110.689682
110.250465
109.811249
108.493607
106.736748
104.831665
103.074814
100.878731
98.391663
96.047363
94.290504
91.951660
89.464592
87.998726
86.681084
85.511658
85.659882
85.511658
85.072449
86.241867
87.120300
87.411293
87.850510
88.289719
112.594757
112.594765
112.155548
111.277115
110.398689
108.641830
107.175964
105.419098
103.223022
100.735962
98.830879
96.343811
93.856743
91.660675
90.343018
89.025375
88.295174
87.707733
86.977531
87.707733
87.998734
88.289719
88.728935
89.168152
114.939056
114.648064
114.499847
113.621414
112.891205
111.864555
110.986130
109.520264
107.324188
105.128113
103.371246
100.884186
98.248886
95.761826
93.565750
92.539108
90.930466
90.052032
89.464600
89.464600
89.464600
89.903809
89.903809
89.903809
116.113930
116.404922
115.674721
115.526497
115.235504
114.648064
113.917862
112.012779
110.546906
108.790047
106.154755
103.958687
101.032402
98.545341
96.201035
94.883408
93.274765
91.808891
91.369675
90.930466
90.782242
90.782242
90.782242
90.782242
116.992363
117.579803
116.992363
116.553146
116.992363
116.113937
115.674721
114.208847
112.742981
110.546906
108.350830
106.154770
102.789268
100.741417
98.106125
96.640251
94.592407
93.126534
92.248108
91.808891
91.660675
91.660675
91.660675
91.660675
117.579803
117.579803
117.431580
116.992363
117.140587
117.140587
116.262154
115.087280
113.769638
111.425339
109.229263
107.033188
104.106903
101.619850
98.545341
97.079475
95.179840
93.565750
92.687317
92.248108
91.660675
91.660675
91.660675
91.660675
