123.603386
124.042603
124.042603
124.481819
124.778259
125.217484
124.778259
124.487274
123.169624
121.560989
120.973557
120.095123
118.486481
118.195496
117.322517
117.179749
116.745987
115.730240
115.587471
114.571724
113.698746
113.122215
112.831223
112.249237
123.603386
124.190826
124.190826
124.630035
124.926483
125.074707
124.635498
124.196274
122.878632
121.709213
120.830780
119.513138
118.634705
117.904503
117.470734
116.597763
116.454987
115.878464
115.444702
114.280731
113.555977
113.270432
112.979446
112.397461
123.317841
123.757065
123.757065
124.196274
124.492722
124.492722
124.053513
123.614288
122.296646
121.127228
119.957802
119.518585
118.349167
117.470734
117.036972
116.603210
115.730240
115.296478
114.571724
114.286179
112.973991
112.836678
112.545685
111.963699
122.884087
123.323303
123.762512
124.053513
124.058960
124.058960
123.328751
122.889542
121.280907
120.550697
119.820488
118.502846
117.333420
117.042435
116.312225
115.439247
115.005486
114.280731
113.995193
113.561432
112.688454
112.111923
112.111923
111.529938
122.598549
122.746765
122.894989
123.185982
123.043213
123.482437
122.461227
121.873795
120.852585
119.243958
118.513748
117.783539
116.174911
115.735687
115.153702
114.719940
113.846970
113.413208
113.127670
112.254684
111.820930
111.387169
111.244400
110.953407
121.879242
121.879250
122.027466
122.318459
122.175690
122.175690
121.593704
120.863495
119.403091
118.524658
117.503456
116.921478
115.603821
114.873627
114.434410
113.709656
113.127670
112.545685
112.260147
111.387169
111.101631
110.519638
110.958862
111.107086
121.017181
121.017174
121.165398
121.456390
121.604614
121.604614
121.022629
119.853203
118.244568
117.514366
116.932373
116.202171
115.032745
114.884521
113.863327
113.720566
113.286804
112.556595
112.710266
111.837296
111.694519
111.112534
111.260757
111.408981
118.694687
118.985687
119.133911
119.573120
119.282135
119.721344
118.991135
118.260925
117.091507
116.361305
115.779312
115.631088
114.900887
114.900887
114.170677
114.027908
113.736916
113.885132
113.451370
112.869392
112.435638
112.292862
112.001869
112.292862
116.959641
117.398857
117.547081
117.838074
117.547089
118.277283
117.547089
116.668648
115.938446
115.647453
115.208237
115.356461
114.917244
114.917252
114.478027
114.626259
114.774475
114.774483
115.219139
114.197945
113.906952
113.764183
113.033981
113.912399
115.515587
115.954803
115.954803
116.685013
116.685013
117.124222
116.394012
115.954803
115.515594
115.224594
114.785385
115.515594
115.076378
115.515587
115.515594
115.954803
116.103027
116.542244
116.399475
116.108482
115.378273
115.087288
114.796288
115.087280
115.817490
116.256699
116.256699
116.844139
116.404930
117.135132
116.695923
116.256699
115.817490
116.113930
115.674721
115.817490
116.256699
116.695915
116.695923
117.135139
117.431580
117.722572
117.870796
117.431580
117.140587
116.849594
116.558601
116.849594
118.019012
118.310005
118.310005
118.458229
118.458229
118.897446
118.167236
117.728027
117.288803
117.876251
117.437027
118.167236
118.167236
118.606461
118.754677
119.193886
118.902901
119.342117
119.633102
119.490334
118.902893
118.902901
118.320915
118.611908
120.506081
120.654305
120.654305
120.945297
120.215088
120.654305
120.072319
119.924103
119.781326
119.781326
119.929550
120.220551
120.220543
120.807983
120.807983
120.956207
121.104431
121.104431
121.104431
120.813431
120.956207
120.956207
120.665207
120.956207
122.993149
122.702156
122.702156
122.702156
122.411163
122.411163
121.829178
121.829178
121.098976
121.247192
121.686409
122.125626
121.834633
122.273849
122.273849
122.422073
122.131073
122.570290
122.570290
121.840088
121.982857
122.273849
121.982857
121.982857
123.580582
123.289597
123.289597
123.289597
122.998604
122.998604
122.416618
122.416618
122.416618
122.416618
122.564842
123.004051
122.713066
122.713058
122.713058
123.152275
122.861282
122.861282
122.861282
121.982857
122.125626
122.125626
122.125626
121.977402
123.728806
123.877029
123.877029
123.728806
123.437820
123.289597
122.707611
123.146820
122.855835
122.855835
123.146820
123.295044
122.855835
122.855835
122.855835
122.564842
122.125626
121.977402
121.977402
121.389969
121.532738
121.093521
120.945297
120.945297
122.998604
123.146828
123.146828
123.437820
122.707611
122.559387
122.707611
122.559387
122.559387
122.850380
122.998604
123.141373
122.850380
122.262939
121.971947
121.823723
121.384514
120.945297
120.797073
120.061417
119.913193
119.325752
119.177528
119.177528
121.971947
121.971947
121.971947
121.971947
121.532730
121.384514
121.093521
121.236290
121.966492
121.818275
121.966492
121.670052
121.230835
120.204185
120.204185
119.764969
119.177528
119.029305
118.732864
118.145424
117.557991
116.970551
116.822327
116.674103
119.622200
119.473976
119.473976
119.325752
118.595551
118.447327
118.299103
118.590088
119.029305
118.732864
118.732864
118.436417
117.557991
116.531334
116.383110
115.795677
115.208237
115.208237
114.620804
113.885139
113.297699
112.710266
112.413818
112.265594
115.356461
115.065468
115.065468
114.769020
114.038818
113.890594
113.303154
113.303154
113.445923
112.710266
112.710266
111.826385
111.387169
110.212296
109.773079
109.185638
108.449982
108.449982
107.862541
107.126884
106.687668
106.100235
105.952011
105.803787
110.651505
110.212296
109.921303
109.624855
108.894646
108.746422
107.867996
107.571548
107.423332
106.687668
106.391220
105.364571
104.337921
103.163040
102.575607
102.427383
101.400734
101.252502
100.374077
100.077637
99.929413
99.490189
99.341972
98.902756
107.121429
106.682220
106.391220
105.803787
105.073578
104.486137
103.459488
103.311264
103.014816
101.839951
101.543503
100.077637
98.902756
97.727890
97.140442
96.701233
96.113792
95.965576
95.378128
95.081688
94.203255
94.203255
94.055038
93.615814
105.062668
104.623459
104.332458
103.745026
103.014816
102.427383
101.400726
100.961517
100.077637
98.902756
98.606316
97.140442
95.817352
94.790695
94.055038
93.615814
93.028381
92.880157
92.001732
91.705284
91.266068
91.266068
91.117844
90.678635
104.327011
103.887802
103.596802
103.009369
101.839951
101.252510
100.225853
100.077637
98.902756
97.727890
97.283218
95.965576
94.642471
93.467598
92.292725
92.292725
91.705284
91.557060
90.678635
90.382187
89.942970
89.942970
89.794746
89.355537
