128.385681
128.385666
128.533890
128.682114
129.269562
129.566010
129.269562
128.682114
128.380219
127.639107
127.046219
126.156876
125.706757
124.383659
123.801674
123.516136
122.945061
121.786545
120.337036
118.739304
117.580788
115.686615
115.252853
114.670868
128.385666
128.385681
128.533890
128.682114
129.269562
129.566010
129.269562
128.973114
128.380219
127.639107
126.607002
126.156876
125.267548
124.383659
124.092667
123.225143
122.505844
121.495552
120.628029
119.030296
117.289795
116.274048
115.692062
115.110085
128.237457
128.237457
128.533890
128.682114
129.269562
129.566010
129.269562
129.412323
128.380219
128.078323
127.046219
126.156876
125.706757
124.674652
124.092667
123.516136
122.648613
121.638321
120.628029
119.030296
118.168228
116.422272
116.279503
115.845741
128.237457
128.237457
128.385681
128.533890
129.269562
129.856995
129.417786
129.121338
128.819427
128.226547
127.485428
127.035309
126.145966
124.822876
124.674652
124.098122
123.230598
121.929314
121.210014
119.908730
119.194878
118.036362
117.311607
117.168839
127.941002
128.089233
128.237457
128.533890
129.269562
129.566010
129.856995
129.412323
129.258652
128.665756
127.924644
127.326302
126.876175
125.553085
124.965652
124.389114
123.373367
122.363068
121.501007
120.787155
120.369751
119.359467
118.634705
118.788383
128.231995
128.380219
128.237457
128.824890
129.560547
129.856995
129.708771
129.851532
129.258652
128.956757
128.654846
127.913742
127.315399
125.844070
125.695847
124.531883
123.664360
122.945061
122.082993
121.517365
121.248184
120.534332
120.397018
120.402473
128.671219
128.380219
128.967651
129.264099
129.851532
130.438980
130.290756
129.994308
129.401428
129.395966
128.506622
128.204727
127.315399
126.431519
125.695847
124.971100
123.955353
123.236053
122.664978
122.247566
121.978394
121.264542
121.127228
121.132683
129.549637
130.137085
129.697861
129.994308
130.433533
131.020966
130.724518
130.428070
129.835175
129.829727
128.797623
128.495728
127.315399
126.870728
125.844070
125.410309
124.685562
123.818039
123.395180
122.829559
122.560371
122.137520
122.000206
122.005661
131.163727
131.015503
130.724518
131.454727
131.454727
131.745712
131.010056
130.713608
130.417175
129.824280
128.940399
128.638489
127.902832
127.018951
126.140518
125.558533
124.833778
124.548241
123.537949
123.263321
122.845917
122.423065
122.428513
121.703758
131.602936
131.602936
131.602936
131.745712
131.888489
131.740265
131.734802
130.999146
130.702698
130.109818
129.374146
128.638489
127.902832
127.606384
126.876175
125.854980
125.272995
124.987457
123.977158
123.406082
122.840462
122.560379
123.005043
121.983841
131.311951
131.311951
131.163727
131.745712
131.592041
131.734802
131.581131
130.697250
130.109818
130.104355
129.368698
128.342041
127.902832
127.463615
126.733414
125.563988
125.569443
125.135681
124.268158
123.548859
122.835007
122.845917
122.851364
122.121155
129.999756
130.290756
129.994308
130.279846
130.268951
130.554474
130.549026
130.104355
129.807922
129.511475
129.363251
128.633041
127.902832
127.172623
126.590645
125.860435
124.987457
124.405472
123.828941
123.400635
122.829559
122.544022
122.110260
122.110260
128.100128
128.391129
127.798233
128.813980
128.803070
129.522369
129.368698
129.654236
129.506012
129.797012
129.648788
128.336594
127.902832
127.469070
126.447876
125.574890
124.553696
123.823486
123.389725
122.813194
122.236664
121.802902
121.660133
121.951126
125.909515
126.052277
126.189598
127.057121
127.628197
127.908279
128.627594
128.913116
129.352341
129.495117
129.204117
128.479370
128.342041
127.178085
126.305099
124.992912
124.410927
123.680717
123.098732
122.225754
121.791992
122.088440
121.797455
121.797447
124.158112
124.591873
124.729187
125.300262
126.310562
127.024399
127.452713
128.177460
128.907669
129.198669
129.495117
128.331146
127.902832
127.035309
126.162338
124.850143
123.828941
123.098732
122.516754
122.225754
122.373978
121.934769
121.643768
121.934769
122.115707
122.549469
123.125999
123.548859
124.701920
125.706757
126.865280
128.029236
128.611221
129.341431
129.346893
128.331146
127.902832
127.035309
126.310555
124.998367
123.977165
123.246956
122.664970
122.516754
122.516754
122.516754
122.077530
122.368530
120.073303
120.216080
121.083603
122.236664
123.241501
124.828323
125.986847
127.150818
128.172012
128.902222
128.907669
127.891922
127.463615
126.453323
125.580353
124.707375
123.834396
123.104187
122.813194
122.955963
123.098740
122.950516
122.802292
123.093277
118.321899
118.903885
119.771408
120.776253
122.072083
123.949898
125.108414
126.272385
127.732796
128.463013
128.468460
127.891922
126.733414
126.162338
125.146591
124.273605
123.691628
122.670425
122.670425
122.664978
123.246964
123.389725
123.241501
123.093277
117.009712
117.443474
118.310997
119.606827
121.193649
123.071472
124.669197
126.272385
127.732796
128.463013
128.468460
127.309944
125.712212
124.701920
123.686172
123.400635
122.527649
122.093895
121.945679
121.940216
122.664970
122.807739
122.659515
122.511299
116.131279
116.856033
117.723557
118.876625
120.902657
122.780479
124.378204
125.542175
127.002586
128.172012
127.886475
126.288742
124.839233
123.098740
121.940216
121.945671
121.220917
120.496170
120.496162
120.781708
121.506454
121.501007
121.643776
121.495552
115.834839
116.268600
117.575333
118.728394
120.463440
122.489487
124.087219
125.690399
127.150810
127.738251
127.304489
125.854980
123.527046
121.495552
120.337036
119.760506
119.623184
119.189423
118.898438
119.183975
119.469513
119.464066
119.606827
119.897820
115.247398
115.681160
117.427116
118.289185
120.463440
122.637711
124.087219
125.690399
127.150818
127.299034
127.013496
125.124771
122.654068
120.622574
119.173065
118.305542
118.459221
118.173676
117.443474
117.877235
118.162773
118.157318
118.300095
118.591080
115.099174
115.532936
116.987900
118.289185
120.463440
122.637711
123.796219
125.399406
126.859818
127.447258
126.722504
124.542786
122.072083
119.601372
118.151871
117.723557
117.586243
117.448929
117.009712
117.443474
117.729012
117.575333
117.718109
118.009094
114.808182
115.241943
116.548683
118.289185
120.463440
122.346710
123.796227
125.399406
126.859818
127.156265
126.431511
124.542786
121.781090
119.310379
117.860870
117.432564
117.295250
117.009712
116.427727
117.300705
117.586243
117.432571
117.427109
117.718109
