114.917244
114.917244
115.065468
115.361916
116.388565
116.542236
116.838684
117.135132
116.992363
116.558594
116.267609
115.537399
115.537407
115.389183
114.801743
114.801743
115.092728
115.383728
116.113930
118.310013
119.924095
121.241745
121.680954
121.829178
113.451378
113.308609
113.896042
114.044266
115.070923
115.954803
116.251251
115.817490
115.674713
115.531952
115.240952
114.949959
115.098190
114.801743
114.653526
114.653519
114.944511
114.796288
115.674721
118.019012
119.775879
121.241745
121.680954
122.268394
110.525093
110.673317
111.260757
111.848198
112.435631
113.171288
113.615959
113.764183
114.060623
113.917862
113.917862
113.335876
113.626862
113.478638
113.330421
113.330414
113.769638
114.499840
115.087280
117.870789
119.775871
121.241745
121.829178
122.268394
105.841957
105.550964
106.138405
107.016830
107.895264
109.218361
109.657570
110.245010
110.541458
111.128891
111.128891
111.277115
112.007324
111.859100
112.150093
112.298317
112.737534
113.615959
114.642609
117.574348
120.066872
121.680954
122.268394
122.855835
99.401962
99.110970
100.428612
101.158813
102.185471
103.503113
104.529770
105.556419
105.995636
106.874062
107.604271
108.043488
109.212906
109.212906
110.091339
110.530548
111.557205
112.144638
113.467735
116.838684
119.918640
122.120171
122.855835
123.586037
92.670959
92.670959
93.401176
94.718819
96.036453
98.084312
98.671745
100.132156
101.158813
102.328239
103.788651
104.227867
105.397285
106.127495
107.445145
108.032578
108.768234
110.234108
112.435631
115.954803
118.891991
121.532730
123.146820
123.586037
87.839600
87.839600
88.718033
89.887451
91.205101
93.252945
94.131378
95.300797
96.179230
97.787872
99.100060
99.978485
101.147911
101.878120
103.343987
104.513405
105.688278
107.154152
109.503899
113.462288
117.129677
120.209633
121.823730
122.702156
83.304688
83.595673
84.183113
85.204308
86.521957
88.569809
88.718033
89.887451
91.347870
92.226295
93.686707
94.416916
95.586334
96.607536
97.925186
99.682037
101.438904
103.052994
105.836502
110.085884
114.340714
117.129684
119.034760
119.913193
79.499969
79.939194
79.939186
81.547821
81.987045
84.034889
84.474106
85.204315
85.643524
86.664734
87.834137
88.712578
89.882004
90.903198
92.220840
94.411469
96.020103
98.216171
101.438904
106.127502
110.673325
113.753281
115.949348
116.827782
76.573685
77.303894
77.012909
78.182327
78.912537
80.230179
80.378395
81.108604
81.399597
81.838814
83.008240
83.008240
84.616875
85.638077
87.098495
89.289108
91.040520
94.115021
97.480515
102.169106
107.005928
110.816086
113.012161
114.038818
75.404266
75.843483
75.695259
76.573685
77.012909
78.182327
78.330551
78.621544
78.912529
79.060753
79.790962
79.790962
80.960388
81.981583
83.732986
85.484398
87.526794
90.892296
94.257782
99.676590
104.952621
108.762787
111.398071
112.715714
75.843483
75.843483
75.843483
76.282700
77.012909
77.891335
77.600349
77.600349
77.891335
77.452118
78.330551
78.182335
79.351746
79.642738
81.394150
82.854553
85.039734
87.966011
91.622498
97.919731
103.634979
108.027130
110.662415
111.980057
77.161125
76.870140
76.870140
77.161133
77.600342
78.039566
77.748566
78.039566
77.600342
77.600342
78.039551
77.309357
77.891335
78.473328
79.933731
80.954933
83.288315
86.066383
90.013870
96.162872
103.047546
107.587914
110.514191
111.540840
78.478775
78.478775
78.187775
78.187775
78.187775
78.187775
78.187775
77.748566
78.187782
77.748566
77.748566
77.309349
77.309357
77.452118
78.473328
79.494522
81.827911
84.457748
88.844437
95.432663
102.169113
107.148697
110.223198
111.392624
78.626999
78.626999
78.626999
78.626999
78.626999
78.626999
78.626999
78.187782
77.896790
77.457581
77.457581
77.018356
76.579140
76.870140
77.743118
78.764313
80.658478
83.288322
87.675018
94.411469
101.290680
106.561256
109.926758
111.392624
79.214432
79.214432
79.214432
79.214432
79.214432
79.214432
79.214432
78.775223
78.484230
78.045013
77.605789
77.166588
77.018356
76.870132
77.600342
78.325096
80.367493
82.997330
87.384018
93.972252
101.290680
107.000473
109.635757
111.244400
79.944641
79.944641
79.944641
79.944641
79.944641
79.505417
79.505417
79.066208
78.775215
78.045013
77.754013
77.457573
77.018356
76.870132
78.039558
78.473312
80.367493
83.145554
87.532257
93.972244
101.290680
106.852249
109.635757
111.244400
80.383850
80.383850
80.383850
80.383850
80.383850
79.944641
79.944641
79.653641
79.214432
78.484230
78.193230
78.045013
77.605789
77.457565
78.187775
78.912537
80.515717
82.854561
87.093033
93.242050
100.560471
105.682831
108.318115
110.074982
80.383850
80.383850
80.383850
80.383850
80.383850
79.944641
79.944641
79.653641
79.214432
78.484230
78.193230
78.045013
77.605789
77.457565
78.187775
79.060760
79.933731
82.563568
86.071831
91.633408
98.073410
103.486755
105.682831
107.291458
80.674850
80.674850
80.674850
80.383850
80.383850
79.944641
79.505417
79.214432
78.775215
78.045013
77.754013
77.605797
77.605804
77.457581
78.335999
78.769760
79.351746
81.542374
84.172203
88.707123
94.120468
98.216171
100.264030
101.433449
80.823074
80.823074
80.823074
80.823074
80.235641
79.505417
79.505417
79.066208
77.896790
77.018356
77.018356
77.166580
77.166588
77.605804
78.335999
78.039551
78.769760
79.790970
82.272575
85.780846
89.728325
92.945602
94.554230
95.575432
81.114059
81.114059
81.114059
80.823074
80.235641
79.505417
79.066208
78.626991
77.457581
76.579147
76.579147
76.727356
77.166580
77.605797
78.335999
78.187790
78.478775
79.060760
80.521179
83.442001
86.214607
88.844437
90.453079
91.035065
81.114059
81.114059
81.114059
80.823074
80.235641
79.505417
79.066208
78.626991
77.457581
76.579147
76.579147
76.727356
77.166580
77.605797
78.335999
77.896790
77.896790
78.769768
79.790962
82.124359
84.457748
86.648361
87.378571
88.399780
81.114059
81.114059
81.114059
80.823074
80.235641
79.505417
79.066208
78.626991
77.457581
76.579147
76.579147
76.727356
77.166580
77.605797
78.335999
77.605804
77.896790
78.330551
79.351746
81.394150
83.579315
85.769943
86.500145
86.933899
