86.346466
87.521347
90.013870
93.972244
99.544724
104.386993
109.223816
112.600220
115.971161
118.167236
117.437027
115.822945
111.864555
108.048943
103.799561
98.671753
92.665512
88.267906
84.463196
81.981583
80.372948
79.351753
78.182327
77.452118
85.907257
86.933907
89.865646
93.242043
98.814514
103.799561
108.493607
112.012779
115.531952
117.728020
117.728020
115.383728
112.303772
108.636375
104.386993
98.671753
93.543938
88.416130
84.902405
82.272583
80.372948
79.351753
78.182327
77.452118
84.589600
85.616264
88.399780
92.067169
97.348648
102.481918
107.318726
111.134346
114.944511
117.728020
117.728020
115.822937
112.303772
109.075592
104.826210
99.259186
93.983154
89.294556
84.902405
82.272583
80.372948
79.351753
78.182327
77.452118
82.245316
83.271965
85.764481
89.431885
94.565140
100.137619
105.122650
109.229263
113.917862
117.140587
117.728020
116.701370
113.621414
109.663025
105.561874
100.576836
95.009811
90.172989
85.780838
83.002785
81.103165
79.642738
78.473312
77.743118
79.752792
80.779442
82.980972
86.648369
91.342407
96.914886
101.899933
107.175964
112.891205
116.992363
118.458229
117.140587
114.499847
110.837906
107.027740
102.481918
96.327454
91.199646
87.098495
83.442001
81.542374
79.933731
78.473312
77.885880
76.530067
78.435150
80.049240
83.716629
87.971466
93.395721
98.968201
104.683441
111.277115
115.965714
118.019012
117.870789
115.526497
111.864555
108.784599
103.656784
97.502335
92.226295
88.416138
84.611420
81.833359
79.933731
78.616089
78.028656
75.503403
76.821060
78.435143
82.102547
85.478943
90.612206
96.184685
102.630142
109.372040
114.648064
117.722572
117.870789
116.404930
113.182198
109.811249
105.413651
98.819977
93.692169
89.733780
85.489853
82.272575
80.515717
78.616089
78.028656
75.497955
76.524612
78.138702
80.927673
83.864853
88.998116
93.983154
100.285843
107.906174
113.473190
116.844139
117.722572
116.695915
114.648064
111.716331
106.588524
100.725052
95.009811
90.760422
86.077286
83.002785
80.515717
78.467865
78.171417
75.640724
76.667381
78.133247
80.192001
82.541748
86.505600
91.638855
98.380753
106.001083
111.859100
115.817490
117.574348
117.135132
115.965714
113.182198
108.345383
102.190918
96.475670
92.226295
87.103943
83.442001
80.367493
78.610626
77.732208
76.661926
77.249367
77.985031
79.456352
81.515106
84.891502
89.146339
95.888237
103.947784
109.954018
113.912407
116.256699
116.695915
116.404922
114.499840
109.811249
103.947777
97.941544
93.692162
88.421585
83.732994
80.806717
78.901627
77.732208
77.243912
77.831345
78.567009
79.308121
80.340225
82.838196
87.093033
93.834930
101.164268
107.022285
111.568108
114.790833
116.256706
116.844139
114.939056
111.128891
105.265427
99.407410
95.009804
89.300018
84.611420
81.388702
79.340836
78.314194
78.413330
78.561562
78.858002
79.011673
79.752792
81.811554
85.187958
91.051422
97.793320
103.799561
108.197159
112.446541
114.939056
116.695915
115.669266
112.007324
106.731293
101.455261
96.914886
91.347870
85.929062
82.267120
80.071045
78.753403
79.143547
79.291763
79.148994
79.302673
79.165359
80.345680
83.282867
88.267914
94.422363
100.137619
104.535217
109.372040
113.033974
115.378273
115.669266
112.446541
108.048935
103.360344
98.232529
93.104721
87.246704
82.997330
80.801254
79.483612
80.021973
79.730988
79.588211
79.302673
78.577911
79.319031
81.229568
85.775391
91.051422
96.766670
101.312492
106.588524
111.128891
114.499840
115.521042
113.176743
109.366585
105.117203
100.137619
94.422363
88.855347
84.166748
81.970680
80.213821
80.603958
80.312958
80.170189
79.006226
78.281471
78.144157
80.054688
83.722076
88.267914
93.104736
97.941544
103.656784
109.223808
113.033981
114.933609
113.028526
110.245010
106.874062
101.894470
96.179230
89.733780
85.045181
82.118904
80.653030
80.603951
80.312965
80.170189
78.858009
77.694031
77.408493
78.440598
81.668777
85.775391
89.881996
94.279602
100.434067
106.879517
111.419891
113.615959
113.028526
110.684227
107.752487
103.503113
97.205887
91.051422
85.923615
82.849113
81.531464
80.603958
80.312958
79.879204
78.709778
77.545815
76.672829
77.704941
80.054688
83.282867
86.950264
91.347870
97.650543
104.535217
109.514801
112.001869
112.589310
110.975220
108.630920
104.968979
98.814514
92.078064
86.511047
83.436546
82.118904
80.312965
80.312965
79.291763
78.122345
77.249367
76.376389
76.969276
78.440598
81.520561
84.018524
87.976921
94.570587
101.603485
107.461502
110.536003
111.562653
111.266205
109.509346
106.286621
99.841171
92.956497
87.098488
84.023987
82.849106
79.873749
79.434540
78.852554
78.122345
76.952927
76.079941
76.672829
77.265717
79.176254
81.086792
85.193405
91.787079
99.550179
105.408195
108.630920
110.975220
111.266205
110.239555
107.456047
100.719604
93.834930
87.828690
84.902405
83.436546
78.704330
78.704330
78.122345
77.974113
76.952919
76.661926
76.524612
76.530067
76.831963
78.303284
81.970680
88.564362
96.327454
103.063896
106.725838
109.509354
111.117989
110.678772
108.334473
101.889023
94.713364
88.707123
85.780838
84.314972
77.534912
77.974121
77.534904
77.683121
77.095695
76.952927
76.519157
76.233627
75.508865
76.249985
79.187164
85.923615
93.834930
100.428604
104.529770
108.043488
110.239563
110.678772
108.334473
102.619232
95.443573
89.585556
86.362823
85.045181
77.243912
77.095688
76.804695
77.243912
77.243912
77.683128
76.810150
75.497955
73.752014
74.344902
77.282089
83.727539
91.638855
98.962738
103.503113
107.165054
110.091339
110.678772
108.773689
103.058449
95.443565
89.876541
86.950272
85.632614
76.804703
76.804703
76.804695
77.243912
77.095695
77.683128
76.661926
75.349739
73.164566
73.466476
76.107208
82.700882
90.612206
97.645096
102.185471
106.577621
110.091339
110.969765
109.212906
103.349442
95.882790
90.315765
87.241257
85.923615
76.365479
76.513702
76.804695
77.243912
77.095688
77.974121
77.101143
75.058746
73.016350
72.879028
75.816216
82.113449
90.024765
97.057663
101.746254
106.577614
109.652122
110.969765
108.773689
103.058441
96.321999
90.315765
87.241257
86.362831
