84.622330
83.743896
83.595673
82.426254
80.669388
79.351746
78.764313
78.473320
78.473328
78.764313
78.912537
78.764313
78.621536
77.594894
77.743118
77.012909
76.721909
76.139923
76.721909
78.325096
79.928276
80.801254
81.383240
81.674225
85.791748
84.913315
84.474106
84.034897
81.838821
80.960388
80.081955
79.642746
79.642746
79.351746
79.203537
78.912537
78.912537
78.034103
78.034103
77.303894
77.012909
76.430923
77.012909
78.325096
79.928284
81.092247
81.674232
81.965218
88.866249
87.987823
87.400391
86.670181
84.913315
83.156456
82.569023
81.838814
81.251381
80.812164
80.372948
79.642746
79.203522
78.325096
78.034103
77.303894
77.012901
76.721909
77.012909
78.325089
79.928284
80.362038
80.944023
81.235023
94.427826
93.549393
92.670959
91.792534
89.596458
88.278809
86.812950
85.495300
83.738449
82.569016
81.542374
80.224731
79.494514
78.176880
77.298447
77.155670
77.303894
76.721909
77.303894
78.325096
79.198074
80.071045
80.653030
80.653030
101.158813
100.428612
99.550186
98.232536
96.036461
93.983154
92.226295
89.591003
87.394928
85.638069
83.442001
81.245926
79.637291
78.171417
77.441216
77.007454
77.155678
77.303894
77.594894
78.325089
79.198074
79.489059
80.071045
79.922836
107.307823
106.868607
105.550964
104.672531
102.476463
100.132156
97.639641
94.713364
91.490631
88.855347
86.220062
83.145554
81.536919
79.631836
78.462418
78.028656
78.325104
78.473328
78.764313
79.055298
79.346298
78.907082
79.198067
79.340836
109.943115
109.652122
108.625473
107.747040
106.281174
103.936874
101.592575
98.518074
95.295349
92.660065
89.876541
86.802040
84.754189
82.849113
81.679688
80.806702
81.103149
81.251381
80.812164
80.372948
80.663940
79.785507
80.076492
79.637283
110.969765
111.260757
110.091331
109.652122
108.477249
106.863159
105.545509
102.322784
99.687500
97.491417
94.707916
92.511833
90.315765
88.849892
87.241257
86.220062
86.077286
85.347076
84.616867
83.299225
82.420799
81.542366
81.103165
80.954941
110.530548
110.969765
110.091339
110.382324
109.503899
109.059235
108.180801
106.423943
103.640427
102.174561
100.417702
98.512619
97.194977
95.438118
94.120468
92.511841
91.638855
90.469437
88.860802
86.664734
85.056091
83.738441
82.860016
82.420807
108.773689
109.361130
109.212906
109.652122
109.943115
110.085884
109.646667
108.180801
107.154144
105.688286
104.809853
103.783203
102.756546
101.438904
99.830269
98.512619
97.052200
95.152573
93.104721
90.469437
88.130600
86.812958
85.495308
84.616875
105.847412
106.286621
106.434845
107.016830
107.747040
108.477249
108.768242
108.180801
107.593369
106.714935
106.127502
105.979279
104.952621
104.513405
102.904770
102.026337
100.565926
98.666298
96.618446
94.131378
92.083527
89.887451
89.009018
88.569809
100.576828
101.016052
101.455261
102.624680
103.503113
104.963531
105.693733
105.545509
105.397285
105.397293
105.397293
105.979271
105.540054
105.540062
105.100845
104.370636
103.936874
102.476463
100.867828
98.962738
97.354103
95.597244
94.279602
94.131378
94.427826
94.867043
95.306252
96.914894
98.232544
99.841171
101.010590
101.740799
102.471008
102.322784
103.349442
104.079651
105.249069
105.249069
105.836502
105.984726
105.990173
105.699188
104.968979
103.503113
102.624687
101.307037
100.719604
100.571381
88.718033
89.157242
89.596466
91.644318
92.961960
95.009804
96.327454
97.787857
98.666298
99.105515
100.423157
101.444359
103.349442
104.079651
105.254517
106.132950
106.725838
107.313278
107.022285
106.725838
105.699188
105.259972
105.111755
104.963531
84.913322
85.204308
86.082748
87.691376
89.596458
90.914108
92.374512
93.983154
95.009811
95.740021
97.496872
98.666298
100.274933
101.301590
103.058441
104.233322
104.968979
106.143860
106.143852
105.995636
106.138397
105.699188
105.841957
105.841957
82.865463
83.156464
83.743904
84.913330
86.082741
87.109390
88.569809
89.739227
90.765884
91.496086
92.813736
93.983154
95.740013
96.618446
97.793320
99.110962
99.994850
101.460716
102.190926
102.481911
102.624680
102.915672
103.354889
103.206665
81.108612
81.547821
81.547821
82.426254
83.304688
84.183113
84.913322
85.643524
86.082748
87.252167
87.839600
89.009018
90.035675
91.056870
92.231750
93.258408
94.285057
95.311707
96.190140
97.211334
97.793320
98.084312
98.814514
98.375305
80.817612
80.817612
80.669395
80.817612
81.256836
81.256836
82.278030
82.129807
82.717255
83.595673
83.595673
84.183105
85.061539
85.791748
86.670181
87.696838
88.284271
90.041122
90.919563
91.792526
92.522736
93.692169
94.274147
94.274147
80.378403
80.378403
80.378403
80.378403
79.939194
79.939178
80.230179
80.081955
80.669395
81.399597
81.108612
81.987045
82.135254
82.717239
83.452904
84.331329
84.770538
86.527412
86.966629
88.427040
89.009018
89.739227
90.469437
90.617661
80.378403
80.378403
80.817619
80.378403
79.939194
79.939178
79.939186
79.351746
79.790970
80.230179
80.230179
80.378403
80.817612
81.108604
81.256836
82.135254
82.574478
83.452911
84.183121
84.913315
85.643524
86.373734
87.103943
86.812943
81.547821
81.547821
81.256836
81.108612
80.817612
80.378403
80.378403
79.790955
79.939186
79.939194
80.230179
80.378403
80.087410
80.378403
80.817612
80.817619
81.108612
81.696045
81.987038
82.426254
83.008240
83.447456
83.886665
84.177658
82.426254
82.426254
82.426254
81.987045
81.547821
80.817619
80.378403
80.378403
80.378403
79.939194
79.939194
79.939194
79.648193
79.939186
80.378403
80.230179
80.230179
80.669395
80.230179
80.669395
80.960388
81.399597
81.690598
81.690598
82.426254
82.426254
82.426254
81.987045
81.547821
80.817619
80.817619
80.378403
80.378403
79.939186
79.939186
79.939186
79.648193
79.939186
79.939186
79.790970
79.351746
79.351746
79.351746
79.790970
79.351746
80.081955
80.081955
80.521179
82.426254
82.426254
82.426254
81.987045
81.547821
80.817619
80.817619
80.087410
80.087410
79.648193
79.648193
79.499969
79.208984
79.499969
79.208984
78.912537
79.351746
78.912537
78.473328
79.351746
79.203529
79.642738
79.203522
79.642738
