117.728020
117.288811
116.997818
116.701370
115.526497
114.351624
113.176743
112.441086
110.826996
109.943115
107.598816
105.111748
102.185471
99.841171
96.475677
93.549393
90.183899
87.257614
84.622330
82.426254
81.399597
80.081955
79.642746
79.055298
117.728020
116.849594
116.849594
116.553146
115.526497
114.203400
112.737534
112.001869
110.826996
110.091339
108.038033
105.699188
103.063896
100.719597
97.354111
94.576042
91.501541
88.575256
85.500755
84.183113
82.278030
81.399597
80.521164
80.372955
116.849594
116.410378
115.971169
115.674721
114.648064
113.764183
112.737534
112.001869
110.826996
110.239563
108.773697
107.016830
104.529770
102.333694
99.698402
96.920334
94.136826
91.210548
88.575264
86.818405
85.352539
83.595673
82.717239
82.569016
116.262154
115.822945
115.383728
114.648064
113.621414
112.446541
111.859100
111.562653
111.414436
111.266212
110.387779
109.070137
108.048935
106.583069
104.096008
101.751709
98.528984
96.041916
93.406631
91.210556
89.305466
87.109390
86.230965
86.082741
115.087280
114.648071
113.917862
113.182198
112.594757
111.419884
110.541458
111.123444
111.853645
112.292862
112.441086
112.001869
111.859100
110.980675
109.223808
107.318733
104.386993
101.751709
99.555634
96.920349
94.576050
91.940758
91.062332
90.623108
113.769638
114.060631
112.891205
111.864555
111.128891
110.102242
109.663025
110.684219
111.562653
113.028526
113.324966
114.055176
114.642609
114.642609
114.203400
112.589310
110.096786
107.900719
105.704636
102.630135
100.137619
97.650543
96.772118
96.332901
113.621414
113.621414
112.742981
111.277115
110.250465
109.223808
108.784599
109.514801
110.393234
111.710884
112.446541
113.473190
114.790833
115.378273
115.669266
114.933609
112.880302
111.853645
109.657570
107.461502
104.677986
102.481918
101.164268
100.873276
113.182198
113.473190
112.594757
111.568108
109.811249
108.784599
107.466949
107.466949
107.466949
107.906174
108.641830
110.398689
112.446541
113.912407
114.790833
115.224594
114.637161
114.049721
113.171295
111.414429
109.657578
107.461502
106.583069
106.731293
113.912407
113.473190
112.446541
111.568115
110.102242
108.197159
106.588524
105.270874
104.101456
103.662247
104.249680
106.149307
108.784592
110.980667
112.446541
113.906952
115.076370
115.515587
115.367363
115.076370
113.610512
112.441086
112.001877
112.001877
113.912407
113.912407
112.885757
111.859100
110.102242
108.345383
106.149307
104.101456
101.757156
100.439514
100.148514
102.635590
105.561874
107.318733
109.954018
111.710876
114.197945
115.367371
115.954803
116.394020
115.954803
115.954803
115.954803
115.663811
113.912407
113.615959
113.176743
112.298317
110.980667
109.663025
107.466949
104.540672
101.466164
99.418320
98.830872
100.439514
102.487366
104.244232
106.440300
108.488152
111.123444
113.319519
114.197945
115.515587
115.515594
116.103027
116.542244
116.542244
113.615967
113.615967
113.467743
113.028519
112.737534
111.859100
109.811249
106.736740
103.223030
100.735962
98.830872
99.121872
99.852081
100.439514
102.048157
103.656784
105.561874
107.757950
109.366585
111.271667
112.441086
113.758728
113.906952
113.906952
113.467735
113.906952
113.906952
114.346169
115.224602
114.494392
112.885757
109.811249
105.858322
102.783813
99.857529
98.391663
97.216789
96.925797
97.216782
97.656006
99.412857
101.317947
102.635590
105.122650
107.609726
109.366585
109.805794
109.954018
113.171295
112.880295
113.758728
114.785385
116.251251
117.277901
115.669266
112.155548
108.641830
105.128105
101.614395
98.830879
96.047363
93.851288
93.263855
92.972870
93.851288
95.168930
96.925797
99.412865
102.339142
104.826210
105.704636
106.143860
111.414429
111.562653
112.441086
114.346169
116.251251
117.865341
117.135132
114.060631
110.986130
107.324188
103.371262
99.857536
95.608154
92.533646
91.507004
89.898361
89.898361
90.776779
92.094437
95.020721
97.946991
100.725060
101.603485
102.190918
108.197159
108.784599
109.663025
112.446541
115.230049
117.574348
117.283356
115.526497
113.182198
109.668480
106.445755
102.344589
97.804230
93.703064
90.919556
88.580719
87.702286
87.702286
88.141495
90.919556
93.845840
96.623901
97.502327
97.941544
104.540680
104.979889
107.175964
109.668480
112.891205
116.113937
117.431580
116.553146
115.087280
112.742981
109.668480
105.270874
100.291290
95.459930
91.946213
88.432487
85.945419
84.627777
84.627777
86.966629
90.183899
92.522743
93.549393
93.840385
101.032410
102.201828
104.397903
107.329636
110.991577
114.653519
116.849594
116.992363
116.553146
115.087280
112.303772
108.054398
102.926575
97.507782
93.554840
89.310928
85.506210
82.870926
82.431709
84.331345
86.670181
89.009018
90.326668
90.178444
99.275543
100.302200
102.498268
106.011993
109.382935
113.775093
115.971161
117.140587
117.431580
116.404922
114.499840
110.689682
105.561874
100.143066
95.750931
91.067780
86.823853
83.310135
81.992493
83.013695
85.061546
86.812950
87.400391
87.691376
98.545334
99.423767
101.328850
104.842567
108.213516
112.166458
114.653519
116.262154
117.140587
117.283356
115.817490
112.594765
108.345383
103.656784
99.264641
94.581497
90.337570
86.675629
84.627777
84.331329
85.061539
85.352539
85.500755
85.643524
98.106125
98.984550
100.889633
103.524925
107.626083
111.288025
113.484100
115.531952
116.849594
117.722565
116.844139
114.351624
110.980667
107.170509
103.365791
98.825424
94.581497
90.189346
87.554062
86.236420
85.357986
84.770554
84.040344
84.040344
98.106125
98.984558
100.450424
103.085709
106.747650
109.970383
112.605667
115.092735
116.410378
117.870789
117.283356
115.817490
112.885750
109.954018
106.440300
102.339142
98.095215
93.703064
90.628571
87.702286
85.797203
84.188568
83.310135
82.870911
98.106117
98.984543
100.450417
102.646492
106.308441
109.679382
111.727234
114.653519
116.410378
117.870789
117.722572
116.695923
114.203400
111.710876
108.197159
103.947784
99.412857
95.459930
91.506996
88.580719
85.945419
83.458359
82.579933
82.140709
98.106125
98.984550
100.450424
102.646492
106.308441
109.091949
111.727234
114.214302
116.410378
118.310005
118.161781
117.135132
115.081825
112.150093
109.075592
104.974434
100.582291
95.899139
91.946213
88.580719
85.945419
83.606583
82.288940
81.849716
