71.215866
70.776649
70.776649
69.898216
69.607224
68.443253
68.443253
68.300491
68.448708
68.887932
69.475357
69.914574
70.353790
71.232224
71.814209
73.417389
73.851151
75.454330
76.618301
78.078712
79.099915
80.269341
80.851326
80.851326
70.776649
70.337433
70.337433
69.607231
69.316238
68.295029
68.295029
68.152267
68.009499
68.596931
69.036148
69.475357
69.914574
70.793007
71.374992
72.538963
73.702927
75.015121
76.179092
77.787720
78.517929
79.687355
80.269341
80.269341
70.194664
69.755447
69.755447
69.025246
68.734253
67.713043
67.713043
67.570282
67.718498
68.305946
69.036148
69.475357
69.914574
70.793007
71.374992
72.247963
72.972717
74.284912
75.157883
76.618301
77.348511
78.517929
79.099915
79.099915
68.443253
68.004044
68.004044
67.273834
66.982841
66.543625
66.543625
66.400864
66.400864
67.427505
67.718506
68.157722
68.596939
69.475357
70.057343
70.491104
71.512314
72.385284
73.258263
74.427689
75.157883
76.179085
76.470078
76.470078
66.252632
66.252632
66.252632
65.670647
65.083206
64.501236
64.501236
64.940445
65.670654
66.109863
66.400856
67.279289
67.279289
68.009499
68.300491
69.321686
69.612679
70.046440
70.337433
71.067642
72.088844
72.528053
72.819046
72.819046
64.649452
64.649452
64.649452
63.919235
63.331810
63.331810
63.331810
63.771027
64.062012
64.501236
65.083214
66.400856
66.691849
67.422058
67.422058
68.004044
67.564827
67.855820
68.146812
68.437798
69.168015
69.459000
69.750000
69.750000
63.919235
63.919235
63.919235
63.628250
63.040817
63.040817
63.040817
63.480026
64.062012
64.501236
65.083214
65.961639
66.252640
66.543625
66.543625
67.273834
67.125610
66.977386
66.977386
67.268379
67.998589
67.998589
67.998589
67.998589
63.771027
63.771027
63.771027
63.480026
62.892593
63.331810
63.331810
63.771027
64.353012
64.353004
64.934990
65.813423
66.395409
67.125610
67.125610
67.125610
66.686401
66.538177
66.538177
66.977386
66.977386
67.268387
67.268387
67.268387
63.622795
63.622795
63.622795
63.622795
63.622795
63.622795
63.622795
63.913795
64.495773
64.934990
65.225983
66.104416
66.834625
67.125618
67.125618
67.268387
67.268387
66.829163
66.829163
66.829170
66.829170
66.977386
66.977386
66.977386
64.353004
64.353004
64.353004
64.353004
64.353004
64.353004
64.353004
64.643997
64.934990
65.225983
65.807968
66.247185
66.977394
67.268379
67.268379
67.559372
67.120163
67.120163
67.120163
66.829170
66.538170
66.538177
66.538177
66.538177
64.934990
64.934990
64.934990
64.934990
64.934990
64.934990
64.934990
65.225983
65.225983
65.516975
65.807968
66.247185
66.977394
67.268379
67.268379
67.559372
67.120163
67.120163
67.120163
66.829170
66.538170
66.538177
66.538177
66.538177
65.374207
65.374207
65.374207
65.374207
65.374207
65.374207
65.374207
65.516975
65.516975
65.807968
66.098961
65.807968
66.098961
66.829170
66.829170
67.120163
66.680946
66.680939
66.680939
66.389946
66.098961
66.098953
66.098953
66.098953
66.543633
66.543633
66.543633
66.395409
66.252640
66.104416
66.104416
65.956192
65.956192
65.807968
65.807968
65.659744
65.807968
66.389954
66.389954
66.389954
66.389954
66.098953
66.098953
65.950737
66.098961
65.368752
65.368752
65.368752
66.982849
66.982849
66.982849
66.834625
66.834625
66.686401
66.686401
66.247185
66.247185
65.807968
65.807968
65.659744
65.368752
65.950737
65.950737
65.950745
65.659744
65.659744
65.659744
65.659737
65.659737
65.368752
65.368752
65.368752
67.273834
67.273834
67.273834
67.125618
66.834625
66.686401
66.686401
66.247185
66.247185
65.807968
65.807968
65.659744
65.368752
65.659744
65.659744
65.659744
65.659744
65.659744
65.659744
65.659737
65.659737
65.368752
65.368752
65.368752
67.125610
67.125610
67.125610
66.977394
66.538177
66.977394
66.538177
66.247185
66.247185
65.807968
65.807968
65.368752
64.929535
65.220528
65.220528
65.220535
65.368759
64.929535
64.929535
65.368744
65.220520
64.929535
64.929535
64.929535
66.829163
66.829163
66.829163
66.538177
66.389954
66.389954
66.389954
65.659744
65.807968
65.807968
65.807968
65.220528
64.929535
65.220535
65.220535
64.490318
64.929543
64.638542
64.638542
64.929535
64.929535
65.368744
65.368744
65.368744
65.802505
65.802505
65.802505
65.950745
65.802521
65.950737
65.950737
65.659744
65.659744
65.368752
65.368752
65.368752
64.929543
64.929535
64.929535
64.490318
64.638542
64.199326
64.199326
64.638542
64.490318
64.929535
64.929535
64.929535
65.802505
65.802505
65.802505
65.950745
65.802521
65.950737
65.950737
65.659744
65.659744
65.368752
65.368752
65.368752
64.929543
64.929535
64.929535
64.490318
64.638542
64.199326
64.199326
64.638542
64.490318
64.929535
64.929535
64.929535
64.633095
64.633095
64.633095
65.072311
64.924088
65.220535
65.220535
65.368752
65.659744
65.368752
65.368752
65.516975
65.368759
65.077759
65.077759
64.490318
64.638542
64.199326
64.199326
64.490318
64.490318
64.781311
64.781311
64.781311
64.193878
64.193878
64.193878
64.342102
64.342102
64.342102
64.781311
64.490326
65.368752
65.516975
65.956192
65.807968
65.956192
65.807968
65.807968
65.368759
65.077759
64.490318
64.490318
64.929535
64.781311
65.220520
65.220520
65.220520
63.463669
63.463669
63.463669
63.463669
63.611893
63.611893
64.051102
64.199326
65.368759
65.516968
65.956184
65.956184
66.395401
65.956192
65.956192
65.368759
65.077759
64.490318
64.490318
64.781311
64.781311
65.072311
65.072311
65.072311
63.463669
63.463669
63.463669
63.463669
63.611893
63.611893
64.051102
64.199326
65.368759
65.516968
65.956184
65.956184
66.395401
65.956192
65.956192
65.368759
65.077759
64.490318
64.490318
64.781311
64.781311
65.072311
65.072311
65.072311
63.172684
63.172684
63.172684
63.463669
63.611893
63.611893
64.051102
64.199326
65.368759
65.516968
65.956184
65.956184
66.395401
65.956192
65.956192
65.368759
65.077759
64.490318
64.490318
64.781311
64.781311
65.072311
65.072311
65.072311
