72.626205
72.774437
72.917206
73.932945
75.096916
77.726753
81.092255
86.950272
93.983154
100.285843
104.974434
108.493607
112.012779
114.648071
116.558601
117.146042
117.299713
117.887154
118.622810
119.649467
120.385124
121.263557
121.411774
121.850990
73.065430
73.213646
73.647415
74.372162
76.266342
78.456963
81.970688
87.828697
94.422371
100.725052
105.413651
108.932816
112.012779
114.796288
116.558601
117.294266
117.738930
118.035378
118.771034
119.797691
120.385124
121.263557
121.411774
121.850990
73.504646
73.795631
74.525833
75.541580
77.583984
80.504814
84.166748
89.876549
96.031006
101.894478
106.731293
109.811249
112.891205
115.383728
117.437027
117.733475
117.887154
118.183601
118.919258
119.797691
120.385124
121.263557
121.411774
121.850990
73.795639
74.674057
76.134476
77.298447
80.071045
83.579315
87.384026
92.951050
98.666298
103.799561
108.339935
111.859100
114.357071
117.140587
118.463684
119.199341
118.765579
118.622810
119.358475
120.385124
120.824341
121.850990
121.999214
122.290207
75.113281
76.134476
77.743103
80.224731
83.436546
87.384026
92.067169
96.755760
101.740799
106.725838
110.826996
114.055176
116.113937
118.606453
119.929550
120.225998
119.940460
119.358475
119.945908
120.972565
121.120781
121.999214
121.999214
121.999214
77.012909
78.034103
80.081955
83.151001
87.828690
92.215393
96.898529
101.438904
105.693733
109.652122
113.171295
115.960258
117.870796
119.633102
120.807976
120.961655
120.379669
119.797691
120.533348
121.120781
121.850990
122.438431
122.438431
122.438431
79.351746
80.960388
83.299225
86.955719
91.781631
97.485970
101.878113
105.836502
108.916458
112.583855
115.076370
117.426125
118.310005
120.072319
121.098969
121.252647
121.109879
120.527893
120.676117
120.972565
121.702766
122.290207
122.438431
122.438431
83.299225
84.616875
87.543159
91.638855
97.200424
102.762001
107.593361
110.234100
112.874847
115.224594
116.690468
118.304558
119.040215
119.924103
120.511536
120.516991
120.374222
120.083221
120.379669
121.115334
121.845535
122.432976
122.432976
122.581200
87.246712
88.712578
91.638863
96.470222
102.328239
108.625473
113.017616
114.779930
116.542244
117.865341
118.161789
119.040215
119.188438
118.749222
119.336662
119.193893
119.490341
120.077774
119.934998
120.522438
121.400871
122.136528
122.136528
122.427521
92.072617
93.247498
96.321999
101.592575
107.747040
113.901497
117.563446
118.886536
119.331207
119.775879
119.775871
119.188431
119.188438
118.161789
118.161781
118.606461
119.193893
119.342117
119.929550
120.516991
121.252647
121.840088
121.840088
122.131081
96.903976
98.369850
100.714142
105.841957
111.557205
117.272446
120.204185
120.648849
120.945297
120.511536
120.072319
119.045670
118.458229
117.722572
117.283356
117.579803
118.167236
118.754677
119.051117
119.638557
120.956200
121.543640
121.691864
122.131081
102.322784
103.349442
105.693733
109.943115
114.779930
119.034760
121.527283
121.532730
121.241745
120.659752
119.781326
118.463676
117.728020
116.992363
116.553146
117.288811
117.728027
118.463684
118.760132
119.199341
120.225998
120.813431
121.252647
121.252647
108.329025
108.916458
110.530548
113.462288
116.981461
120.209641
121.823723
121.532730
120.659760
119.490334
118.902893
117.733475
116.997818
115.971161
115.971169
116.119392
116.706825
117.733475
118.469139
118.908356
119.935005
119.935005
120.813431
120.522446
113.605057
114.044266
114.779930
116.394020
119.034760
120.506088
121.680962
120.950752
119.929550
118.611908
117.733475
117.003265
116.267601
115.389175
115.680176
116.267609
116.564056
117.881699
118.178146
118.178146
119.204796
119.204796
120.083229
119.792236
117.124222
117.124229
118.150879
118.886543
120.209641
120.802528
121.098976
120.220543
119.199341
117.881699
117.003265
116.564056
115.976616
115.537399
115.828392
115.976616
116.712280
117.590706
117.887154
118.326370
119.204796
119.204796
120.083229
119.501244
119.616745
119.325752
119.913193
120.209641
120.215088
120.220551
119.638565
119.199341
118.178146
117.151489
116.860497
116.273064
116.124840
115.537407
116.267609
116.564056
117.299713
118.178146
118.326370
118.474586
118.913803
119.062027
119.501244
119.501244
121.088066
120.506081
120.945297
120.215088
119.633102
118.760132
118.469139
117.590706
117.299721
116.569511
115.982071
116.124840
116.415833
116.415833
116.855049
117.294258
118.029922
118.617363
118.474586
118.913803
119.501244
119.210251
119.501244
119.210251
122.411163
121.680954
121.680954
120.659760
119.199341
118.178146
117.008728
116.569504
116.421288
116.278511
116.130295
116.273064
116.564056
116.855049
117.733475
117.881699
118.617355
118.765579
119.353020
119.501244
119.501244
119.358475
119.358475
119.358475
122.855835
122.273849
122.273849
120.956207
119.347565
118.035370
117.156952
116.569504
116.130295
116.278519
116.569511
117.151489
117.442482
117.733475
118.611908
118.760132
119.056572
119.204796
119.353020
119.501244
119.649467
119.358475
119.358475
119.358475
123.300499
122.570290
122.570290
121.252647
120.083221
119.062027
118.474594
118.035370
117.596161
117.596161
117.447937
118.029922
118.320915
118.902901
119.342117
119.199341
119.935005
120.083229
119.792236
119.940460
120.088676
119.506699
119.945908
119.945908
123.157730
122.718513
122.718513
121.840088
121.109879
119.940460
119.501244
118.913803
119.353020
119.204796
118.765579
119.347565
119.490341
120.220543
120.368767
120.368767
120.225998
120.083229
120.522438
120.088676
120.236900
120.236900
119.945908
119.945908
122.575745
122.427521
122.427521
122.136528
121.697319
120.818886
120.818886
120.231445
120.670662
119.935005
120.374222
120.225998
120.807983
121.098976
120.659760
120.807983
120.956200
120.522438
120.083229
120.379669
120.236900
120.385124
120.385124
120.385124
122.723969
122.575745
122.575745
122.136528
122.284752
121.697311
121.697311
121.109879
120.670662
120.813431
120.374222
120.665207
120.807983
121.538185
121.538185
120.807983
121.247192
120.522438
120.522438
120.379669
120.236900
120.385124
120.385124
120.385124
122.284752
122.723969
122.723969
122.284752
122.723969
121.697319
121.697319
121.109879
121.549095
120.813431
120.813431
121.104424
121.247192
121.538185
121.538185
120.807983
120.956200
120.522438
120.961655
120.818886
120.236900
120.385124
120.385124
120.385124
