122.114716
122.262939
122.120171
122.125626
122.861282
123.454178
123.454178
124.184387
124.327148
124.469925
125.051910
124.755463
125.342896
125.342896
125.342896
125.194679
125.633888
125.782112
125.782112
126.073105
126.073105
126.655090
126.655090
126.655090
121.675507
121.823723
122.120171
121.977402
122.861282
123.305954
123.305954
124.036163
124.327148
124.469925
124.903687
125.194672
125.051910
125.342896
125.342896
125.342896
125.782112
125.930336
125.930336
126.221329
126.073105
126.364098
126.364098
126.364098
121.527283
121.675507
121.532730
121.829178
122.564842
123.157730
123.157730
124.036163
124.327148
124.469925
125.051910
124.903687
125.051910
125.051910
125.051910
125.051910
125.491119
125.930336
125.930336
126.369553
126.369553
126.660545
126.660545
126.660545
120.939842
121.088066
121.527283
121.680954
121.977402
123.009506
123.009506
123.887939
123.887939
124.469925
124.760910
125.051910
125.200127
125.200127
125.348351
125.348351
125.348351
125.787567
125.935791
126.375000
126.523224
126.814217
126.814217
126.962440
120.204185
120.791626
120.791626
121.236290
121.680954
122.273849
122.713066
123.591492
123.739716
124.178932
124.618149
124.909134
125.057358
125.057358
125.496574
125.205582
125.353806
125.793022
125.941246
125.941246
126.528679
126.967896
126.967896
127.116119
119.616745
120.055962
119.764969
120.500626
121.384514
122.268394
122.416618
123.004051
124.030708
124.178932
124.327148
124.766365
124.766365
124.914589
125.062813
125.062813
125.211037
125.211037
125.507477
126.237686
126.682358
126.830582
126.830582
126.978798
118.881088
119.177536
119.177528
119.913193
120.357864
121.093521
121.680954
122.855835
123.591492
124.030708
124.327156
124.766365
124.327148
124.914589
125.062813
125.062813
125.211037
125.211037
125.507484
125.798477
126.534134
126.682358
126.682358
126.830582
118.150879
118.299103
118.590096
119.325760
120.061409
120.357857
121.532738
122.120171
122.855835
123.739716
123.887939
124.327148
124.327148
124.766365
124.475372
124.914589
124.766365
125.057358
125.205582
125.793015
126.380455
126.676903
126.676903
126.825127
116.981461
117.420670
117.859886
118.008110
119.182983
119.622200
120.797073
121.971954
122.268394
123.443268
124.030708
124.178932
124.618149
124.618149
124.327148
124.618149
124.612686
125.051910
125.051910
125.491119
125.787567
126.375000
126.523224
126.962440
116.251251
116.690468
116.690460
117.568893
118.447327
118.886536
120.061417
120.945297
121.680954
123.004059
123.443268
123.591492
124.178925
124.030708
124.030708
124.173477
124.755463
125.046455
124.898232
125.046455
125.485664
125.633888
125.782112
126.221329
115.372826
115.812027
116.399467
116.690468
117.568893
118.299103
119.473976
120.648849
121.384514
122.707611
123.295044
123.443268
123.591492
124.030708
124.030708
124.173477
124.607239
124.459015
124.310791
124.898232
125.337448
125.337448
125.485672
125.924881
114.790833
115.081825
115.521042
116.251251
116.690460
117.711662
118.447327
120.061417
120.797073
122.120171
122.707611
123.295044
123.882484
123.734261
123.443268
124.025253
124.316246
124.168022
124.310791
124.459015
124.750008
124.898232
124.898232
125.189224
114.060623
114.060631
114.790840
115.521042
116.103027
116.833237
117.859886
119.325752
120.209641
121.971947
122.559387
123.146820
123.295044
123.586037
123.734261
123.734261
123.734261
124.025253
124.168022
124.168022
124.310791
124.310791
124.310791
124.601784
113.621414
113.769638
114.790833
115.230049
115.812035
116.833237
117.711670
119.177528
120.061417
121.384514
122.411163
122.998604
123.295044
123.295044
123.295044
123.295044
123.443268
123.591492
124.025253
123.877029
123.728806
124.019798
123.871582
123.723358
114.208847
114.357071
114.939064
115.669266
115.960258
116.981461
117.711670
119.177536
120.061417
121.823730
122.411163
122.998604
123.443268
123.443268
123.152275
123.152275
123.300499
123.300499
123.443268
123.734261
123.728806
124.019806
123.871582
123.723358
114.796288
114.944511
115.674721
116.108490
117.129684
117.859886
118.738312
119.764969
120.648849
121.971947
122.559387
123.295044
123.300499
123.448723
123.305954
123.596947
123.305954
123.596947
123.739716
123.152275
123.146820
123.586037
123.289597
123.141373
115.822945
116.262154
116.844147
117.283356
117.865341
118.886536
119.764969
120.791626
121.384514
122.120171
122.855835
123.591492
123.596947
123.454178
123.750618
123.602402
123.163185
123.454178
123.157730
123.300499
123.004059
123.295044
122.998596
123.437813
116.701370
117.288803
117.579803
117.870796
119.182983
119.913193
120.791618
121.379059
121.971954
122.855835
123.443268
123.887939
123.602394
123.020416
123.316856
123.168633
123.459625
123.602402
123.305954
123.448723
123.152275
123.443268
123.146820
123.586037
117.437035
118.167236
118.458221
118.458237
119.479431
120.209641
121.088066
121.675507
121.971947
122.855835
122.861282
123.305954
123.020416
123.168633
123.465080
123.316856
123.168640
123.311409
123.014961
123.157730
122.861282
123.152275
122.855835
123.295044
118.172699
118.463684
118.315460
119.045670
119.627655
119.918648
120.797073
121.093521
121.389969
122.273849
122.570297
123.305954
122.581200
122.438431
122.586655
123.168633
123.020416
123.163185
122.866737
122.718513
122.861282
122.713058
122.564842
123.004059
118.029922
118.611908
118.611908
118.902901
119.484879
119.775879
120.945297
120.802521
121.538185
121.982857
121.840088
122.575745
122.141983
122.290207
122.438431
122.729424
122.723969
123.014961
122.718513
123.009506
122.861282
123.152275
123.004051
122.855835
118.469139
118.908356
118.611908
119.051117
119.633102
119.484886
120.363312
120.220543
121.098969
121.252647
121.840088
122.284752
122.141983
121.850990
121.999214
122.581200
122.723969
123.014961
122.718513
122.861282
123.152275
123.004059
123.004059
122.855835
118.765579
119.056572
118.760132
119.051117
119.633102
119.484879
120.072319
120.220543
120.807983
121.252647
121.549095
121.845535
121.702766
121.850990
121.850990
122.432976
122.575745
122.866737
122.570297
122.861282
123.152275
123.004059
123.004059
122.855835
118.617363
119.056572
118.908348
119.051117
119.633102
119.193893
120.363312
120.220543
120.807983
121.252647
121.258102
121.406326
121.263557
121.411774
121.411774
122.284752
122.427521
122.718513
122.422073
122.713058
123.152275
123.004059
123.004059
122.855835
