116.701370
116.701370
116.410378
117.431580
117.140587
116.992363
116.553146
116.404922
115.669266
115.372818
114.494392
114.055176
113.176743
112.298317
110.980667
110.250465
109.520256
108.784599
108.054390
108.054390
107.318726
107.609726
107.609726
107.170502
117.140587
117.140587
116.701370
116.992363
116.701370
116.553146
115.674721
115.526497
114.790833
114.055176
113.176743
112.589310
111.710876
110.832451
110.102242
109.223816
108.493607
107.906166
107.175957
107.027740
106.440300
106.731293
106.731293
106.292076
116.701370
116.701370
116.113930
116.113930
115.822937
115.235504
114.357071
113.769638
112.594757
111.859100
110.980675
110.245010
109.366585
108.488152
107.609726
106.879517
106.149307
105.561867
104.979889
104.831665
104.244225
103.656792
103.947777
103.508568
115.822937
115.822937
115.383728
114.796288
113.917862
113.330421
112.012779
110.107697
108.493607
106.879517
106.001083
104.974434
104.386993
103.656792
103.069351
102.778366
102.048149
101.899933
101.169724
101.169724
100.143066
99.555634
99.703857
99.264641
115.674713
115.235504
114.357071
113.478645
111.721786
110.695129
108.499062
105.858315
103.074806
101.460716
99.703850
98.968201
98.819969
98.089767
97.502335
97.211334
96.920349
96.920349
96.190132
95.750916
94.872498
93.845840
93.845840
93.406631
114.796288
113.917862
113.039429
111.573563
109.377487
107.472412
104.397896
101.466171
97.656006
95.163483
93.697617
92.670959
92.522751
92.083527
91.935303
91.353317
91.940750
91.792526
91.062332
90.480339
89.453690
88.866249
88.575264
88.136047
113.917862
112.600212
112.012779
109.816696
106.742203
104.249680
101.175171
97.804230
94.142288
91.062325
89.744682
88.718033
88.569809
88.130600
87.982368
87.691376
88.278824
88.278816
87.987823
87.257614
85.939972
85.061539
84.770554
84.622330
112.451996
111.425339
109.816704
107.472404
103.958679
100.296738
97.222237
93.851288
90.628571
88.136047
86.670174
85.643532
85.495300
85.495308
85.056091
85.204315
85.352539
85.643524
85.352539
84.622330
83.452896
82.865463
82.574478
82.574478
111.277115
109.959473
108.350838
105.128113
100.735954
96.634811
93.269310
90.337570
87.845047
85.500763
83.743896
83.595673
83.299225
83.008240
83.299240
83.008240
83.156464
83.743896
82.865463
83.013687
81.696045
81.256836
81.256836
80.965836
109.959473
108.641830
106.884972
103.371246
98.979103
94.438736
91.073235
88.141495
86.527412
84.622330
82.865471
82.569023
82.129807
81.690598
81.542374
82.129807
81.838814
81.987038
81.696045
81.405060
80.526627
80.235626
80.235626
80.087410
110.398682
108.790054
107.324188
103.810471
99.270096
94.438736
91.364227
88.141495
86.527405
84.183121
82.426254
82.278030
81.251373
80.812157
80.960381
80.669388
80.669388
80.817612
80.817612
80.526627
79.648193
79.505432
79.505432
79.505432
111.425339
110.107704
108.790054
105.715546
102.053604
97.074020
94.290512
90.776794
88.136047
85.939972
83.304688
82.717247
81.690598
80.372955
80.081955
80.230179
79.499969
80.087410
80.087410
80.235634
79.648193
79.505424
79.505424
79.505424
113.039429
112.160995
111.134346
108.350838
105.567322
101.757156
98.534431
95.020714
91.649765
88.136047
85.939972
83.743896
82.278030
80.960388
80.372948
79.790962
79.499969
79.796417
80.087418
79.944641
80.235634
80.092857
80.383858
80.383858
114.505295
114.066086
113.039429
111.134338
109.229263
105.858322
102.926582
99.412872
95.163483
91.358780
88.575256
86.379196
84.034897
82.569031
81.838821
81.108604
80.526627
81.114059
81.114059
81.114059
81.553284
81.701508
81.410507
81.410507
115.240959
114.801743
114.214310
113.039429
111.425339
109.081039
106.588516
102.926582
98.825424
95.311707
92.088982
89.892906
87.987823
85.791748
85.352539
84.183105
83.601135
83.310135
83.749344
83.458359
83.749359
83.749359
83.897568
83.897568
115.828392
115.680176
115.240959
114.653519
113.769638
111.864555
110.250465
107.466957
103.656784
100.291290
97.798767
95.602699
93.406624
91.649765
90.771332
89.601913
88.871704
88.580711
88.141495
87.702286
87.263077
87.263069
86.384636
86.675629
116.415833
116.267609
115.828392
116.119385
115.383728
114.796295
113.621414
111.277115
108.197159
106.001083
103.656784
101.751709
100.434067
98.386215
97.507782
96.190140
95.168930
94.290504
93.703064
92.094429
91.797989
91.067780
90.041122
90.041122
116.415833
116.267609
116.267609
116.706825
116.997818
116.558601
116.113930
114.939056
112.446541
110.541458
108.636368
107.609726
106.292084
105.122658
103.805008
102.487366
101.317947
100.439514
99.121872
96.925797
96.190140
95.020714
94.285049
94.136826
116.415833
116.415833
116.415833
117.146042
117.437027
117.585251
117.728020
116.992363
114.939056
113.764183
112.298309
111.710876
110.541458
109.514809
108.636375
107.466949
106.297531
104.979889
103.953232
102.048157
100.582291
99.264648
98.237984
98.089767
115.828392
115.976616
116.267609
116.855049
117.146042
117.733475
117.437035
117.140587
115.965714
114.939056
114.203400
113.764183
113.324966
112.594765
112.007324
111.568108
110.689682
109.811249
108.932816
106.879517
105.852859
104.535217
103.508568
103.508560
115.240959
115.828392
115.537399
116.267609
116.415833
116.564056
117.146042
116.558601
115.971161
115.965714
115.526497
115.378273
115.087280
115.378273
114.648064
114.790833
114.060623
113.912407
112.594765
111.859100
110.393234
109.805794
108.779144
108.927368
114.801743
114.949966
114.949966
115.976616
115.685623
116.273064
116.706825
115.976616
116.119385
116.113937
115.822937
116.553146
116.553146
116.992363
116.844139
116.844139
116.695915
116.695915
116.256706
115.081833
114.055176
113.467735
112.880302
112.589310
114.653519
114.949966
114.949966
115.537399
115.685623
115.833847
116.415833
115.976616
116.558601
116.262154
116.410378
117.431580
117.728027
117.870789
117.870789
118.161789
118.310005
118.891991
118.013565
117.277901
116.251251
115.663811
115.076378
114.785385
114.801743
114.510750
114.510750
115.537399
115.394630
115.542854
116.415833
115.685623
116.267609
116.849594
116.849594
118.019012
118.167236
118.749222
118.458229
119.188438
119.188438
119.770424
118.891991
118.304558
117.129677
116.690460
116.394020
116.103027
