115.817490
115.817490
115.378273
114.939056
113.912407
113.912407
114.351624
116.108475
118.013565
120.061417
120.357857
120.506081
119.627655
118.606453
117.579803
116.849594
115.531952
114.653519
113.335876
113.187653
112.891205
113.039429
112.451996
112.742981
115.817490
115.817490
115.817490
114.939056
114.351624
113.912407
114.351624
116.108482
118.452774
120.209633
120.357857
120.066864
119.627655
118.458229
117.579803
116.410378
115.383728
114.066086
113.626862
113.039429
112.891205
112.891205
112.742981
112.742981
115.817490
115.817490
116.256699
115.378265
114.790833
114.351624
115.230049
116.695915
118.891991
120.209633
120.357857
120.066864
118.749222
117.870789
116.992363
115.822937
114.505295
113.917862
113.039429
113.039429
112.742981
112.742981
112.742981
113.033981
115.817490
115.817490
116.256699
115.817490
115.378273
115.817490
116.256699
117.574348
119.479431
120.648849
120.797073
119.918640
118.452774
116.404922
115.526497
114.499840
113.182198
112.742981
112.303772
112.594757
112.594765
113.033981
113.473190
113.324966
115.817490
116.256699
116.256706
116.256706
116.844139
117.135132
118.013565
118.600998
120.066864
121.236290
120.357864
119.331207
117.135132
115.081825
114.203400
112.885757
111.419891
110.980675
110.980675
111.859100
112.737534
113.324966
113.615959
113.615959
115.817490
116.256699
116.695915
117.135132
117.870789
118.600998
119.040215
120.066864
120.654305
121.384514
120.506081
118.452774
116.399475
114.055176
112.737534
111.419891
110.245010
110.096786
110.096786
111.414429
112.589310
113.319519
114.346161
114.197945
116.695923
117.135132
117.574341
118.013565
118.749222
119.479431
120.066864
120.363312
121.241745
121.093521
120.654305
118.600998
115.817490
113.324966
111.859100
110.541458
109.805794
109.657578
109.948570
110.536003
112.292862
113.171295
114.197945
114.197945
118.452774
118.600998
118.600998
119.040215
119.627647
120.506081
120.802528
120.950752
121.098969
120.950752
119.781326
117.876251
115.531952
113.039429
111.864563
110.837898
109.663033
109.366585
110.096786
110.975220
112.441086
113.171295
114.049728
114.049721
120.209641
119.918640
120.357864
120.357857
120.945297
120.802528
120.950745
120.807983
121.104424
120.516991
119.347565
117.151489
115.537399
113.193100
112.018227
110.843353
109.959473
110.541451
110.245010
111.414429
112.292862
112.583855
113.023071
113.462288
121.379059
121.236290
120.797073
120.797073
121.236290
120.215088
120.802528
120.220543
120.225998
119.495789
118.326370
116.569504
115.251862
113.637772
112.462898
111.288025
110.986130
110.689682
110.245010
110.826996
111.705429
111.996414
112.139191
112.435631
121.230835
120.939842
120.648849
120.061417
120.061417
119.040215
119.479431
118.458229
118.902901
118.320915
117.442482
116.421280
115.103638
114.076988
113.341324
112.166451
111.425339
111.419884
110.975220
110.530548
110.382324
110.085884
109.937660
109.937660
119.616745
119.764969
119.325752
118.299103
117.563438
116.833237
116.833237
116.251251
116.695915
116.404922
116.262161
115.680168
115.828400
115.098190
114.801743
113.917862
113.033981
112.441086
110.969772
109.646667
108.175346
106.852249
106.555801
105.825600
118.002655
117.854431
117.415222
115.801125
115.065468
113.747826
113.599602
113.456833
113.753273
114.488937
114.637161
115.521042
116.113937
116.701370
116.404922
115.669266
114.494385
113.314056
111.694519
108.466339
105.968369
103.618614
102.443741
101.708084
115.652908
115.504684
115.065468
113.012161
111.540840
110.365967
110.074974
110.223198
111.398071
112.572952
113.308609
114.631706
116.690468
117.426125
117.717117
117.420670
115.806580
114.187042
111.837296
106.995018
103.470390
100.093994
98.770897
97.744247
112.281960
112.424728
111.837288
109.344772
107.873451
106.989563
106.550354
107.577003
109.191093
111.244400
112.567497
114.478035
117.124222
118.447327
118.886536
118.299103
116.685013
114.187042
111.689072
106.407585
102.147293
98.622673
96.569366
95.394493
108.614563
108.318115
107.730682
105.529152
103.766838
102.734741
102.882957
104.639816
106.841339
109.921303
111.683609
114.620804
117.266998
119.325752
119.325752
119.177528
117.272446
114.774475
111.837288
106.698578
101.268867
97.305023
95.833710
94.367844
103.920517
103.772293
103.036636
101.422546
99.512009
98.337135
99.215561
101.559860
105.370026
108.889191
111.678162
114.911789
117.706207
119.764969
120.061417
119.473976
117.859886
114.922699
111.694519
106.555809
101.417091
97.305023
95.103500
93.928619
99.813904
99.665680
99.078247
97.315933
95.553619
94.669739
95.696396
98.919113
103.607712
107.862541
111.090721
114.324356
117.557983
120.055962
119.622200
119.622200
118.008110
114.779930
111.842743
106.852249
101.565308
97.601471
95.251724
94.225067
96.294731
96.437500
95.410843
94.235977
92.325439
91.589783
93.494858
97.014030
101.850853
107.132332
110.360519
114.033363
117.118774
118.738319
119.034760
118.595551
117.129677
114.049721
111.551750
107.000473
101.861755
98.776352
96.865814
95.839157
93.214767
93.066559
92.479126
91.595230
89.832916
89.827469
91.150566
95.696381
100.977875
105.968369
109.635757
113.012161
115.361916
117.272446
117.129677
116.690460
115.372818
112.732079
110.382324
107.736130
103.772293
101.126099
99.803001
98.924568
91.013252
90.865028
90.425812
89.393707
88.070602
88.361595
89.684700
94.966187
100.104904
105.682831
109.350220
111.699974
113.462288
114.928146
115.515594
114.637161
113.319519
111.414429
110.091339
107.593369
105.386383
103.624069
102.740189
102.300972
89.108170
89.250931
88.811722
87.779617
86.456512
87.186722
89.097260
94.087753
99.671143
105.397293
108.186249
110.826996
112.292862
113.462280
113.462280
112.732079
111.853653
110.096786
109.361130
108.329025
106.709480
105.825592
105.677376
105.089935
87.933289
87.785072
87.494080
86.752960
85.429871
86.308289
88.218834
93.357544
99.089149
104.815308
108.334473
110.536003
111.414436
112.583855
112.583855
111.853645
111.414436
109.218353
108.921913
108.329025
107.736130
107.000473
106.852249
106.413040
87.494080
87.345856
86.906639
86.313751
84.990662
86.160065
88.070610
93.357544
98.649933
104.963531
108.191711
109.954018
111.123444
112.435638
112.144638
111.266212
110.536003
109.218361
108.482697
108.477249
107.884354
107.296921
107.439690
107.000473
