61.437630
61.437630
61.437630
61.437630
61.580406
62.019623
62.019623
62.458839
62.167839
62.607048
62.607048
63.046265
63.485481
63.046265
63.046265
62.019615
61.723175
60.987511
62.014160
64.797668
66.993752
68.898834
70.216476
70.655693
61.728622
61.728622
61.728622
61.728622
61.871391
62.310608
62.310608
62.749825
62.458839
62.898048
62.898048
63.337265
63.776482
63.776482
63.776482
62.749825
62.453377
61.865936
63.035362
65.379654
68.163177
70.068253
71.385902
71.534119
63.040825
63.040825
63.040825
63.040825
63.183586
63.622795
63.622795
64.062012
63.771027
64.210243
64.210243
64.649460
65.088669
65.088669
65.088669
64.062019
64.353004
63.765564
64.643997
66.988297
69.771805
71.676888
72.994537
73.433746
64.934990
64.934990
64.934990
64.786774
65.077759
65.077759
65.077759
65.368744
65.807961
66.247177
66.247177
66.686394
67.125610
66.834625
66.982849
66.395409
66.247177
66.538177
67.564835
69.618134
71.962433
74.015732
75.042381
75.772598
67.411156
67.411156
67.411156
67.262932
67.553925
67.844910
67.405701
67.844910
68.284126
68.723343
68.723343
69.014336
69.601776
70.040985
69.898224
69.898224
69.898216
70.337440
71.364090
73.417389
75.470688
77.524002
78.550659
79.280853
70.913963
70.913963
70.913963
70.765739
71.347725
71.638718
71.638718
71.929710
71.929710
72.368927
72.368927
72.956367
73.543808
73.983017
74.279465
74.279465
74.866898
75.454330
76.480980
78.095078
80.005608
81.910698
82.646362
83.376564
75.888092
75.739868
75.739868
76.030869
76.321854
76.321861
76.321861
76.612854
77.343063
77.782272
77.930496
77.930496
78.517937
79.248138
79.544586
79.841034
80.428474
81.164131
81.899788
83.804871
85.127968
87.033051
87.768707
88.498917
83.206528
83.058304
83.206528
83.058304
83.497520
83.788513
84.079506
84.079498
84.370491
84.957932
85.106155
85.397148
85.984589
86.132805
86.577477
87.164917
87.461357
88.488007
89.662888
90.837761
92.451851
93.478500
94.214165
94.505157
91.260620
91.551605
91.699829
91.260620
91.260620
91.990829
91.990829
92.430038
92.721031
92.869255
92.869255
93.017479
93.604912
94.044128
94.049583
95.076233
95.811890
96.547554
97.283218
98.458084
99.484741
100.511398
100.950607
101.389824
98.732727
98.732719
98.732727
98.880951
98.441727
98.880951
99.611145
99.611160
99.611153
100.050369
100.198593
100.637802
101.077026
100.934250
101.230698
101.818130
102.702019
104.019661
104.316101
104.903549
105.490982
105.490982
106.078415
106.078415
103.723213
103.723213
104.162430
103.871437
103.871437
103.871437
104.601646
104.453423
104.744415
105.331848
105.622849
105.622849
106.062057
106.210281
106.358505
106.506729
107.533379
108.411812
108.120819
108.269043
108.269043
107.978043
108.269043
108.269043
107.549744
107.110527
107.549736
107.697960
107.697960
107.988953
107.840729
108.570938
108.422714
108.713715
109.004700
109.295692
109.295692
109.877670
109.877678
110.168671
110.607880
111.189865
110.311440
109.433006
108.554581
107.676147
107.527924
107.236931
110.064072
109.915848
110.355064
110.355057
110.355064
110.355064
110.497833
111.079819
111.222588
111.513580
111.947342
111.799118
111.941887
112.084656
112.227425
112.221970
112.507507
112.502060
111.327179
109.422104
107.226028
105.469162
104.881729
104.590736
112.430176
111.842743
112.281952
112.133736
112.133736
111.985512
112.567497
113.001259
112.704811
113.577789
113.863327
113.566879
113.709656
113.995193
113.693291
113.539619
113.528709
112.935822
111.173508
108.829208
105.606483
103.701401
102.383759
101.653549
113.473190
113.615967
113.615967
113.615959
113.467743
113.610512
113.605057
114.038818
114.033363
114.318901
114.456215
114.450768
114.445312
115.021843
114.280731
114.269821
113.819702
113.078590
111.316277
108.236320
104.135162
101.648094
100.034004
99.452026
113.780548
114.071533
114.071533
114.214310
114.066086
113.769638
114.055176
114.340714
114.038818
113.885139
114.165222
114.302544
114.148865
114.577179
114.127052
113.825157
113.375031
112.194710
110.141403
106.622231
102.081856
99.007355
97.541489
96.663055
113.791451
113.791451
113.643227
114.225212
113.637779
113.193100
113.187653
113.176743
113.165833
113.006714
112.847580
113.127670
112.825768
113.105858
112.655731
112.353836
112.200157
110.728836
108.527313
104.277931
99.885780
96.954056
94.757980
94.170540
113.214912
113.505905
113.945129
114.087891
113.061241
112.616577
113.193108
112.742981
112.583862
112.424728
111.826378
111.810028
111.799118
111.930984
111.338089
111.327179
110.882515
109.707642
107.797104
103.547729
98.716362
95.493637
93.588554
93.001114
114.098801
114.389793
114.241577
114.532562
113.945122
113.209465
113.346779
112.605667
112.298309
111.848198
111.540848
111.381714
111.074364
111.063454
110.761559
111.047096
110.602432
109.866768
108.247223
104.288841
99.896690
96.525742
94.620659
94.033218
115.120003
115.410995
115.410995
115.410995
114.532570
114.236107
113.791458
113.198555
112.748436
112.007324
111.117981
110.958862
111.096176
110.794281
110.640602
111.217133
111.650894
111.063461
109.883125
106.654945
103.574989
100.643257
99.468384
98.732719
116.723183
116.432198
116.432198
115.992973
115.553757
114.823547
114.527107
113.643227
112.759346
112.166451
111.721786
111.271667
110.678772
110.673325
110.519646
111.392616
112.704811
113.138573
111.958252
109.899490
107.549744
105.199989
104.464325
103.728668
118.035370
117.744385
117.453384
117.014175
116.283966
115.262764
114.823555
114.087891
112.913017
112.616577
111.732689
110.848808
110.552361
110.255920
110.541458
111.853653
113.605057
114.187042
113.736916
112.408371
110.640602
109.460274
108.724609
107.988953
118.617363
118.326363
118.035378
117.453384
116.723183
115.850204
115.410995
114.384346
113.209465
112.622032
111.595375
110.711487
110.415039
110.118599
110.991577
112.012779
114.055176
114.928154
114.335258
113.588699
112.699356
111.079819
110.635147
110.338699
119.056572
118.474586
118.035378
117.744385
117.162399
116.141197
115.411003
114.532570
113.357681
112.479256
111.743599
110.568726
110.420502
110.124054
110.706039
112.309219
114.208847
115.081833
115.070923
114.324356
113.435020
112.106468
111.810028
111.222588
