78.473312
78.473312
78.473312
78.182327
78.473320
77.743118
78.182327
78.621544
79.060760
79.939186
79.939186
79.939186
80.526627
80.087410
80.087410
79.648193
79.208984
78.769768
78.769768
78.917984
79.648193
79.796417
79.796417
79.796417
78.473312
78.473312
78.764313
78.621536
78.473320
78.182327
78.182327
78.621544
79.499969
79.939186
79.939186
79.939186
80.087410
79.648193
79.648193
79.208984
79.208984
78.769768
78.769768
78.917984
79.648193
79.796417
79.796417
79.796417
79.790962
79.790962
79.790962
79.499969
79.060760
78.621536
78.621536
79.060760
79.499969
79.939186
79.939186
79.939186
79.648193
79.208984
79.208984
79.208984
79.208984
78.769768
78.769768
78.917984
79.648193
79.796417
79.796417
79.796417
81.547821
81.547821
81.108612
80.669395
79.939178
79.499969
79.060753
79.208977
79.499977
79.208977
79.060760
79.060760
78.769760
78.330551
78.330551
78.330551
79.208984
79.208984
79.208984
79.357193
80.087410
80.526627
80.526627
80.526627
83.452911
83.743896
83.304688
82.135262
81.256836
80.526627
79.939178
79.208977
79.499969
78.769760
78.621552
78.330551
77.743111
77.303894
77.303894
77.743118
78.769768
78.917984
79.796417
80.087410
80.817619
80.965836
80.965836
80.965836
86.527405
86.527405
86.088196
85.209763
83.601120
82.283478
81.405052
80.965836
79.939186
79.499977
78.621552
77.891335
76.864685
76.425468
76.425468
77.303894
78.330551
79.208984
80.087410
80.526627
81.256836
81.696045
81.696045
81.696045
91.358772
91.067780
90.041130
89.162689
87.554062
85.797195
84.479553
83.601135
81.987038
81.108612
79.790962
78.621536
77.155670
76.425468
76.425468
77.303894
77.891335
79.208984
80.087410
80.526627
81.256836
81.696045
81.696045
81.696045
97.656006
97.216797
96.047371
95.459930
93.263855
91.067787
89.310921
87.405838
85.648972
83.595673
81.547821
80.081955
78.034103
77.155670
76.277237
76.716454
77.891327
78.330551
79.208984
79.648193
80.378403
80.817619
80.817619
80.817619
104.392448
103.953232
103.074799
101.757156
99.412865
97.365013
94.581497
92.237198
89.892899
86.961166
84.765099
82.129807
79.494514
78.176880
77.007454
76.716461
77.594894
77.743103
78.330551
78.769760
79.060760
79.939194
80.087418
80.087418
110.250465
109.811249
108.932816
107.175957
105.122658
102.926582
100.143074
97.359558
94.136826
90.765884
88.130592
85.056091
81.981583
80.224724
78.176880
77.885887
78.034103
78.034103
78.330551
78.769760
79.060760
79.208984
79.208984
79.208984
113.324966
112.885757
112.446533
111.128891
109.075592
106.879517
104.535217
101.751709
98.528984
95.597244
92.083527
89.009026
85.495308
83.738449
81.399605
80.081955
80.081955
79.351746
79.351746
79.208984
79.060760
79.208984
79.208984
79.208984
114.933609
114.494392
114.055176
113.176743
112.001877
110.684227
108.779144
106.874062
104.090546
100.867828
98.232529
94.867035
91.792542
88.718033
86.521957
84.913330
84.034897
82.278030
81.108604
80.817612
80.378403
79.939194
79.648193
79.648193
115.224594
114.785385
114.785385
114.488937
114.049721
113.901497
112.583855
111.117989
109.361130
106.577614
104.090546
101.455261
97.650551
95.015259
92.379974
90.183899
87.987823
86.230972
84.474106
82.865463
81.696045
81.108612
80.378403
80.087402
114.049721
114.049721
114.488937
114.488937
115.219147
115.658356
115.219147
114.631706
113.314064
111.408981
109.652122
106.874062
103.799561
100.873276
98.237991
95.454468
92.670975
90.035675
87.839600
85.643524
83.743896
83.156464
82.135262
82.135254
111.414436
111.853653
112.292862
112.583855
113.901497
115.070923
115.070923
115.070923
114.631706
113.753281
112.435631
110.387779
107.461502
105.265427
102.190918
99.846626
96.623901
94.427826
91.353317
89.157242
87.257614
86.230957
85.061539
84.770554
107.461502
107.900719
108.339928
109.509354
110.826996
111.996414
113.023071
113.314064
113.462288
113.462288
112.874847
111.705429
110.096786
108.339928
106.583069
104.677994
101.746246
99.550171
96.914886
94.718819
92.379967
90.914101
89.744690
89.014481
101.899925
102.190918
103.217575
104.677986
106.143860
107.752495
109.509354
110.096786
111.414436
112.144638
112.583855
112.583855
111.853653
110.975220
110.096786
108.191711
106.286629
104.968979
102.185471
100.137619
97.650543
95.745468
94.867035
94.576050
96.629349
97.068573
98.386215
99.555634
101.312500
102.921127
104.826210
106.583069
108.488152
110.096786
110.975220
112.144638
112.441086
112.583855
112.583855
111.266212
109.800339
108.921913
106.725845
104.968979
102.333694
100.576828
99.698402
99.259186
92.237198
92.676422
93.994064
95.311707
96.920334
98.677200
101.021500
102.630135
105.413651
107.022285
108.779144
110.826996
111.853645
112.144638
113.023071
112.435631
111.557205
111.117989
109.361130
108.043488
105.847412
104.529762
103.651337
103.212120
87.845047
87.993271
89.601906
90.480347
91.649765
93.406624
95.750923
97.507782
100.143066
102.339142
104.387001
106.874062
108.191704
109.800346
110.826996
111.117989
111.117989
110.826996
110.826996
109.800339
108.921921
107.604263
107.456047
107.165054
84.331345
84.479553
85.797195
86.088196
87.405838
88.723488
90.480347
92.528191
95.311707
97.359558
99.846626
102.481918
104.090553
106.286629
108.043480
108.921913
109.509354
110.239555
110.678772
110.678772
110.678772
110.239555
110.530548
110.530548
81.405060
81.405060
82.722702
83.161911
83.743896
85.209763
86.966629
89.014473
91.358772
93.845840
96.332909
98.968201
101.455261
103.651337
105.847412
107.165054
108.191711
109.070137
110.826996
111.117989
111.557205
111.996414
112.287407
112.726624
80.087410
79.648193
80.526627
80.965836
81.696053
83.013695
84.770554
86.818405
89.162704
91.649765
94.576050
97.211334
99.698402
102.185471
104.529770
106.286621
107.752495
109.070137
110.826996
111.996414
112.726624
113.314064
113.605057
114.044266
78.769760
79.208984
80.087402
80.087410
80.817612
82.135269
83.452904
85.939972
88.284271
90.771339
93.258400
95.893692
98.819977
101.455261
104.090546
105.847412
107.313278
109.070137
111.266205
111.996414
113.165840
114.192490
114.483482
114.922699
