131.574493
132.381485
132.156555
133.106415
135.006119
137.048676
140.123184
143.779755
148.100479
153.228210
156.895432
161.298248
165.558197
168.132721
170.482315
171.585678
171.514252
171.810623
171.810608
172.546188
171.667770
171.228546
171.157120
171.228546
131.574493
132.381485
132.963562
133.474197
135.445328
137.784256
140.858765
144.515335
148.907486
153.228210
157.334656
161.666031
165.558197
168.132721
170.482315
171.217880
171.146454
171.442825
171.442825
171.739182
171.299973
170.860764
170.789337
170.860748
131.574493
132.381485
132.963562
134.720413
137.059341
139.398270
142.472778
146.129333
150.521484
154.842209
158.509445
162.033813
165.558197
168.132721
170.482315
171.217880
170.778671
171.075043
171.075043
171.739182
171.299973
170.860764
170.789337
170.860748
131.942276
132.820709
133.699127
135.895203
139.041138
142.554855
146.068573
149.285934
153.238861
156.752579
159.980606
162.769409
166.293777
168.061310
170.043091
170.410889
169.971680
170.268036
170.268036
170.635834
170.564392
170.125183
169.685974
170.053757
131.870850
133.188492
134.873932
137.437790
141.829941
146.589874
149.664383
153.249527
156.834671
159.469955
161.962402
164.751190
166.590149
168.061295
169.603882
169.603882
169.164673
169.093231
169.093246
169.021820
169.461029
168.950378
168.950378
169.757385
133.484863
134.802505
136.487930
139.930237
145.057953
150.992676
154.067184
157.213120
159.991257
162.187332
163.872772
165.854553
166.518723
167.182877
168.725449
168.357666
167.989868
167.989868
167.989868
167.847031
168.286240
167.847015
167.847015
168.214813
135.680923
136.998566
138.980377
142.790451
148.357391
154.220703
156.927414
160.073349
161.973053
163.433563
164.679779
165.854553
166.079498
166.743652
167.111435
166.743652
166.375870
166.375870
166.447296
166.375854
167.182861
167.111435
167.111435
167.479233
139.419586
140.737228
142.790451
146.529114
151.656845
157.080933
159.716217
162.055145
163.587067
164.608337
165.047562
165.415344
164.833282
164.690430
165.129639
165.129639
164.761871
164.761856
165.201080
165.201080
165.640289
165.640289
165.640289
165.568863
143.668884
144.986526
146.671967
150.778412
155.395493
160.012573
162.647873
163.669144
163.954849
164.608337
165.047562
164.097702
163.587067
163.076431
162.708633
162.708633
163.219269
163.219269
163.658493
163.587067
163.658493
163.658493
163.658493
164.097717
148.357391
149.675034
150.849838
154.588486
158.694931
162.433594
164.701096
164.915375
165.201080
164.608337
164.608337
163.290710
162.340851
161.901627
161.094620
161.094635
161.237473
161.237473
162.044479
162.044479
162.115906
162.187347
162.187347
162.187347
152.238907
153.485123
154.292130
157.591568
160.891006
163.751236
165.579529
165.354584
165.201065
164.679779
163.872772
162.555115
161.605270
160.726837
159.919830
159.919830
160.359055
160.359055
161.237473
161.308899
161.380325
161.451752
161.451752
161.451752
156.191833
157.366638
157.805847
159.787643
162.647858
164.701080
165.650940
165.793793
165.201080
164.679764
164.311981
163.065765
161.676697
160.869690
159.991257
159.552048
159.623474
159.623474
160.062683
160.134109
159.766327
159.909180
159.909180
159.909180
160.441132
160.880356
161.319565
162.055145
163.158508
164.404724
165.283157
165.497437
164.904709
164.311981
163.944183
162.697968
161.819550
160.941116
160.062683
159.623474
159.623474
159.184250
159.184250
158.959320
158.591522
158.734375
158.734375
158.734375
163.515640
163.444214
163.883423
164.251221
164.476151
164.108368
164.619003
164.761856
164.536911
164.311981
163.944199
163.208618
161.890976
161.012543
160.134109
159.694901
159.184250
158.816467
158.816467
158.520096
158.223740
157.927368
157.927368
157.927368
165.568863
165.568863
165.640289
165.129639
164.986786
164.547577
164.619003
164.761856
164.536911
164.679764
164.311981
163.576401
162.697968
161.819550
160.941116
160.501892
159.991257
159.184250
158.816467
157.784515
157.488159
157.191803
157.191803
157.191803
166.375870
166.375870
166.447296
165.568863
165.497437
165.058228
164.761856
164.761856
164.904709
164.679764
164.311981
163.504974
163.065765
162.187332
161.308899
160.941116
160.869690
159.623474
159.255676
158.152313
157.855957
157.559586
157.559586
157.191803
167.182861
166.375854
166.375854
165.936646
165.865219
165.568863
164.761856
164.833282
164.904709
164.976135
164.608337
164.169128
163.801331
162.922913
162.483704
161.676697
161.676697
160.869690
160.134109
158.591522
157.927383
157.631012
157.631012
157.263229
167.111450
166.743652
166.743652
165.936646
165.936646
165.936646
165.201080
165.201080
165.272491
164.976135
164.536926
164.097702
164.097702
163.219269
163.219269
162.851486
162.483704
161.676697
160.941116
159.398529
158.734375
157.631012
157.631012
157.263214
167.040009
166.672226
166.672226
166.304443
166.304443
165.936646
165.201080
165.201080
165.201080
164.833282
165.272491
164.833282
164.465500
163.587067
163.587067
162.851486
162.483704
161.676697
160.941116
159.398529
158.734375
157.631012
157.631012
157.263229
166.897156
166.529373
166.529373
166.600800
166.672226
166.233017
165.497437
165.497437
165.201080
164.833282
164.833282
164.833282
164.394073
163.954849
163.587067
163.290695
162.555115
161.748123
161.012543
159.469955
158.805801
157.702438
157.702438
157.334656
167.264954
166.897171
166.897171
166.529388
166.529373
165.793793
165.058228
165.497437
165.568863
165.129639
164.761856
164.761856
164.833282
163.954849
163.219269
162.851486
162.555130
161.819550
161.083954
159.541382
158.805817
157.702438
157.702438
157.334656
167.193542
166.825745
166.825745
166.457947
166.457947
166.090164
165.354584
165.793793
165.497437
165.497437
164.761856
164.761856
164.394073
163.954865
163.587067
162.922913
162.187332
161.451752
160.716187
159.612808
158.877243
157.773865
157.773865
157.406082
167.193542
166.825745
166.825745
166.457947
166.457947
166.090164
165.354584
165.793793
165.497437
165.497437
164.761856
164.761856
164.394073
163.954865
163.219284
162.922913
162.187332
161.451752
160.716187
159.612808
158.877243
157.773865
157.773865
157.406082
167.122101
166.754318
166.754318
166.386520
166.386520
166.018738
165.283157
165.722382
165.426010
165.426010
164.690430
164.690430
164.394073
163.954849
163.219269
162.922913
162.258759
161.523178
160.787613
159.684235
158.948654
157.845291
157.845291
157.477509
